33.7653,31.2278,-14.5793,-21.737,126.684,-1.17033,135.343,92.9185,-0.521423,-140.752,95.4561,16.8108,166.354,78.3392,15.4853,-70.822,73.7191,6.8261,161.317,
33.7653,31.2278,-14.5793,-21.737,126.684,-1.17033,135.343,92.9185,-0.521423,-140.752,95.4561,16.8108,166.354,78.3392,15.4853,-70.822,73.7191,6.8261,161.317,
33.3743,31.362,-14.7406,-22.06,126.858,-0.918466,135.531,93.4839,-0.0941502,-140.987,95.4963,16.982,166.514,78.7434,15.649,-70.9783,73.4363,7.1545,161.284,
33.3743,31.362,-14.7406,-22.06,126.858,-0.918466,135.531,93.4839,-0.0941502,-140.987,95.4963,16.982,166.514,78.7434,15.649,-70.9783,73.4363,7.1545,161.284,
33.5078,31.8184,-14.7502,-22.1082,127.212,-0.536723,136.025,93.7046,0.0813715,-141.089,95.3939,17.3572,166.843,78.9544,15.7243,-71.0785,73.2858,7.30786,161.25,
33.5078,31.8184,-14.7502,-22.1082,127.212,-0.536723,136.025,93.7046,0.0813715,-141.089,95.3939,17.3572,166.843,78.9544,15.7243,-71.0785,73.2858,7.30786,161.25,
33.4073,32.3623,-15.0373,-22.2008,127.603,-0.218678,136.389,94.1957,0.415812,-141.362,95.2407,17.5342,166.979,79.1584,15.8192,-71.1913,73.0398,7.65601,161.186,
33.4073,32.3623,-15.0373,-22.2008,127.603,-0.218678,136.389,94.1957,0.415812,-141.362,95.2407,17.5342,166.979,79.1584,15.8192,-71.1913,73.0398,7.65601,161.186,
33.5219,32.477,-14.8258,-22.2784,127.718,-0.0603857,136.562,94.1957,0.415812,-141.362,95.2407,17.5342,166.979,79.3699,15.9345,-71.3088,72.9622,7.86583,161.139,
33.5219,32.477,-14.8258,-22.2784,127.718,-0.0603857,136.562,94.1957,0.415812,-141.362,95.2407,17.5342,166.979,79.3699,15.9345,-71.3088,72.9622,7.86583,161.139,
32.9698,33.3167,-15.0107,-21.774,127.972,0.197741,136.952,95.0025,0.979622,-141.718,94.6557,18.1196,167.335,79.9918,16.2731,-71.6268,72.8817,8.27793,160.961,
32.9698,33.3167,-15.0107,-21.774,127.972,0.197741,136.952,95.0025,0.979622,-141.718,94.6557,18.1196,167.335,79.9918,16.2731,-71.6268,72.8817,8.27793,160.961,
32.9558,34.4392,-15.064,-20.8506,128.2,0.37413,137.289,95.2441,1.12872,-141.768,93.7606,18.6147,167.502,80.1801,16.3658,-71.6832,72.91,8.79396,160.815,
32.9558,34.4392,-15.064,-20.8506,128.2,0.37413,137.289,95.2441,1.12872,-141.768,93.7606,18.6147,167.502,80.1801,16.3658,-71.6832,72.91,8.79396,160.815,
32.7671,34.5928,-14.9429,-20.6722,128.353,0.634826,137.75,95.5863,1.46582,-141.756,93.7606,18.6147,167.502,80.6434,16.6799,-71.4999,73.0884,9.49555,160.64,
32.7671,34.5928,-14.9429,-20.6722,128.353,0.634826,137.75,95.5863,1.46582,-141.756,93.7606,18.6147,167.502,80.6434,16.6799,-71.4999,73.0884,9.49555,160.64,
32.2836,34.6886,-15.304,-20.6722,128.449,0.992579,138.167,96.1656,1.98533,-141.644,93.7606,18.6147,167.502,80.8616,16.8706,-71.3894,73.0884,9.49555,160.64,
32.2836,34.6886,-15.304,-20.6722,128.449,0.992579,138.167,96.1656,1.98533,-141.644,93.7606,18.6147,167.502,80.8616,16.8706,-71.3894,73.0884,9.49555,160.64,
31.9317,36.8572,-15.2096,-18.4714,128.417,1.11206,138.422,96.4852,2.18558,-141.639,91.5598,18.9975,168.129,81.2756,17.0785,-71.3292,73.0884,9.49555,160.64,
31.9317,36.8572,-15.2096,-18.4714,128.417,1.11206,138.422,96.4852,2.18558,-141.639,91.5598,18.9975,168.129,81.2756,17.0785,-71.3292,73.0884,9.49555,160.64,
31.5785,37.2472,-15.2943,-17.555,128.333,1.32851,138.797,96.7542,2.32096,-141.648,91.0856,19.1585,168.381,81.46,17.1594,-71.2838,73.5306,10.3036,160.564,
31.5785,37.2472,-15.2943,-17.555,128.333,1.32851,138.797,96.7542,2.32096,-141.648,91.0856,19.1585,168.381,81.46,17.1594,-71.2838,73.5306,10.3036,160.564,
31.3514,37.6676,-15.4905,-16.0543,128.302,1.43451,138.877,96.9505,2.4377,-141.653,90.6342,19.2686,168.547,81.46,17.1594,-71.2838,74.58,11.4688,160.665,
31.3514,37.6676,-15.4905,-16.0543,128.302,1.43451,138.877,96.9505,2.4377,-141.653,90.6342,19.2686,168.547,81.46,17.1594,-71.2838,74.58,11.4688,160.665,
30.9614,38.3322,-15.4067,-14.8977,128.287,1.86007,139.244,97.3254,2.80281,-141.512,89.9547,19.3529,168.849,81.9187,17.3646,-71.0514,75.0569,11.7893,160.723,
30.9614,38.3322,-15.4067,-14.8977,128.287,1.86007,139.244,97.3254,2.80281,-141.512,89.9547,19.3529,168.849,81.9187,17.3646,-71.0514,75.0569,11.7893,160.723,
30.7925,38.5913,-15.259,-14.5788,128.227,2.21937,139.542,97.4345,2.9135,-141.348,89.6358,19.2198,169.143,82.1756,17.4463,-70.8402,75.0569,11.7893,160.723,
30.7925,38.5913,-15.259,-14.5788,128.227,2.21937,139.542,97.4345,2.9135,-141.348,89.6358,19.2198,169.143,82.1756,17.4463,-70.8402,75.0569,11.7893,160.723,
30.469,38.3298,-15.2472,-13.4018,128.022,2.55979,139.799,97.553,3.00928,-141.157,89.6922,19.036,169.368,82.3058,17.4689,-70.7473,76.2904,12.8537,160.773,
30.469,38.3298,-15.2472,-13.4018,128.022,2.55979,139.799,97.553,3.00928,-141.157,89.6922,19.036,169.368,82.3058,17.4689,-70.7473,76.2904,12.8537,160.773,
29.6575,37.5074,-15.2169,-13.6095,127.435,2.64052,140.536,97.7779,3.17781,-140.726,89.928,18.8411,169.755,82.561,17.4958,-70.5709,76.3185,12.9022,161.546,
29.6575,37.5074,-15.2169,-13.6095,127.435,2.64052,140.536,97.7779,3.17781,-140.726,89.928,18.8411,169.755,82.561,17.4958,-70.5709,76.3185,12.9022,161.546,
29.2064,36.9041,-15.0849,-14.0018,127.139,2.99571,140.929,97.9325,3.32147,-140.059,90.2349,18.4686,171.961,82.8477,17.4929,-70.2792,76.2331,12.9162,162.984,
29.2064,36.9041,-15.0849,-14.0018,127.139,2.99571,140.929,97.9325,3.32147,-140.059,90.2349,18.4686,171.961,82.8477,17.4929,-70.2792,76.2331,12.9162,162.984,
29.0723,36.77,-15.0849,-14.0018,127.005,3.04782,141.078,97.9325,3.32147,-140.059,90.2349,18.4686,171.961,82.8477,17.4929,-70.2792,76.2331,12.9162,162.984,
29.0723,36.77,-15.0849,-14.0018,127.005,3.04782,141.078,97.9325,3.32147,-140.059,90.2349,18.4686,171.961,82.8477,17.4929,-70.2792,76.2331,12.9162,162.984,
28.2436,36.3296,-15.0731,-14.559,126.469,2.93299,141.852,98.2252,3.57581,-138.766,90.1392,18.065,175.344,83.1521,17.4645,-69.9829,75.5802,12.5827,166.581,
28.2436,36.3296,-15.0731,-14.559,126.469,2.93299,141.852,98.2252,3.57581,-138.766,90.1392,18.065,175.344,83.1521,17.4645,-69.9829,75.5802,12.5827,166.581,
27.8844,36.0577,-14.8498,-16.9938,126.197,3.03745,142.508,98.3126,3.64837,-138.339,90.1392,18.065,175.344,83.4628,17.4087,-69.6937,73.1455,11.3309,171.627,
27.8844,36.0577,-14.8498,-16.9938,126.197,3.03745,142.508,98.3126,3.64837,-138.339,90.1392,18.065,175.344,83.4628,17.4087,-69.6937,73.1455,11.3309,171.627,
27.4461,36.016,-14.5476,-17.7815,125.759,2.8273,143.598,98.3126,3.64837,-138.339,89.7426,17.8618,177.823,83.765,17.3517,-69.3753,71.9611,10.7608,172.999,
27.4461,36.016,-14.5476,-17.7815,125.759,2.8273,143.598,98.3126,3.64837,-138.339,89.7426,17.8618,177.823,83.765,17.3517,-69.3753,71.9611,10.7608,172.999,
27.0292,37.3513,-14.7227,-19.0212,125.811,2.86287,144.543,98.7814,3.94249,-136.543,88.4593,17.141,-178.901,84.0587,17.255,-69.0682,69.438,9.3257,175.492,
27.0292,37.3513,-14.7227,-19.0212,125.811,2.86287,144.543,98.7814,3.94249,-136.543,88.4593,17.141,-178.901,84.0587,17.255,-69.0682,69.438,9.3257,175.492,
26.7927,37.8358,-14.9861,-20.8603,125.837,2.89882,145.047,99.0448,4.04023,-135.621,88.0017,16.9976,-177.652,84.0587,17.255,-69.0682,67.1414,7.8661,178.317,
26.7927,37.8358,-14.9861,-20.8603,125.837,2.89882,145.047,99.0448,4.04023,-135.621,88.0017,16.9976,-177.652,84.0587,17.255,-69.0682,67.1414,7.8661,178.317,
26.7346,37.7777,-14.7434,-21.8758,125.779,2.91368,145.567,99.0448,4.04023,-135.621,88.0017,16.9976,-177.652,84.3014,17.1033,-68.686,66.1259,7.22849,179.985,
26.7346,37.7777,-14.7434,-21.8758,125.779,2.91368,145.567,99.0448,4.04023,-135.621,88.0017,16.9976,-177.652,84.3014,17.1033,-68.686,66.1259,7.22849,179.985,
26.7199,39.3971,-14.666,-21.1543,125.765,2.91476,146.115,99.0448,4.04023,-135.621,86.3676,16.7083,-174.224,84.3788,17.0493,-68.4779,65.2133,6.68866,-178.196,
26.7199,39.3971,-14.666,-21.1543,125.765,2.91476,146.115,99.0448,4.04023,-135.621,86.3676,16.7083,-174.224,84.3788,17.0493,-68.4779,65.2133,6.68866,-178.196,
26.4219,40.113,-14.8462,-23.4172,125.806,2.95995,147.552,99.3838,4.14247,-133.317,85.6927,16.1504,-172.264,84.5376,16.897,-67.8898,62.2755,5.71892,-170.625,
26.4219,40.113,-14.8462,-23.4172,125.806,2.95995,147.552,99.3838,4.14247,-133.317,85.6927,16.1504,-172.264,84.5376,16.897,-67.8898,62.2755,5.71892,-170.625,
26.3914,40.4648,-14.8316,-23.6457,125.775,2.93093,147.806,99.3838,4.14247,-133.317,85.3104,16.1425,-171.135,84.5522,16.868,-67.6644,61.6648,5.64163,-168.974,
26.3914,40.4648,-14.8316,-23.6457,125.775,2.93093,147.806,99.3838,4.14247,-133.317,85.3104,16.1425,-171.135,84.5522,16.868,-67.6644,61.6648,5.64163,-168.974,
25.9535,40.1101,-14.918,-24.2296,125.421,2.70462,149.094,99.467,4.16391,-132.784,85.3104,16.1425,-171.135,84.5489,16.7896,-67.2664,61.0808,5.48078,-167.625,
25.9535,40.1101,-14.918,-24.2296,125.421,2.70462,149.094,99.467,4.16391,-132.784,85.3104,16.1425,-171.135,84.5489,16.7896,-67.2664,61.0808,5.48078,-167.625,
25.8829,41.1014,-14.9598,-23.1677,125.35,2.66562,149.575,99.467,4.16391,-132.784,84.2485,16.2942,-169.29,84.5072,16.7436,-67.0666,61.0808,5.48078,-167.625,
25.8829,41.1014,-14.9598,-23.1677,125.35,2.66562,149.575,99.467,4.16391,-132.784,84.2485,16.2942,-169.29,84.5072,16.7436,-67.0666,61.0808,5.48078,-167.625,
25.5411,41.1153,-15.4024,-24.3203,125.31,2.61755,150.654,99.7692,4.22732,-130.669,84.1951,17.6691,-162.94,84.3668,16.7449,-66.6028,59.8748,4.6236,-164.923,
25.5411,41.1153,-15.4024,-24.3203,125.31,2.61755,150.654,99.7692,4.22732,-130.669,84.1951,17.6691,-162.94,84.3668,16.7449,-66.6028,59.8748,4.6236,-164.923,
25.4636,39.8261,-15.3567,-25.78,125.187,2.50708,151.311,99.7235,4.27604,-130.154,85.3609,19.5123,-161.309,84.3668,16.7449,-66.6028,59.5809,4.77914,-164.331,
25.4636,39.8261,-15.3567,-25.78,125.187,2.50708,151.311,99.7235,4.27604,-130.154,85.3609,19.5123,-161.309,84.3668,16.7449,-66.6028,59.5809,4.77914,-164.331,
25.2367,39.5428,-15.4353,-26.1627,124.904,2.22649,152.739,99.667,4.29876,-129.668,85.3609,19.5123,-161.309,84.2317,16.6072,-65.8587,59.1982,4.18624,-163.87,
25.2367,39.5428,-15.4353,-26.1627,124.904,2.22649,152.739,99.667,4.29876,-129.668,85.3609,19.5123,-161.309,84.2317,16.6072,-65.8587,59.1982,4.18624,-163.87,
25.234,36.5714,-15.4133,-29.1313,124.901,2.18425,153.087,99.667,4.29876,-129.668,88.3296,20.2593,-159.377,84.2536,16.5037,-65.7076,59.1982,4.18624,-163.87,
25.234,36.5714,-15.4133,-29.1313,124.901,2.18425,153.087,99.667,4.29876,-129.668,88.3296,20.2593,-159.377,84.2536,16.5037,-65.7076,59.1982,4.18624,-163.87,
25.5353,36.4068,-15.4553,-28.4974,125.28,1.87332,154.536,99.7442,4.46451,-127.808,88.8727,20.0967,-158.565,84.2889,16.3703,-65.5727,60.3753,5.80192,-162.78,
25.5353,36.4068,-15.4553,-28.4974,125.28,1.87332,154.536,99.7442,4.46451,-127.808,88.8727,20.0967,-158.565,84.2889,16.3703,-65.5727,60.3753,5.80192,-162.78,
25.3296,35.8053,-15.5366,-28.8043,125.197,1.41688,155.997,99.8673,4.36445,-127.184,89.3916,19.298,-157.219,84.3307,16.1229,-65.3312,60.5873,5.90927,-163.14,
25.3296,35.8053,-15.5366,-28.8043,125.197,1.41688,155.997,99.8673,4.36445,-127.184,89.3916,19.298,-157.219,84.3307,16.1229,-65.3312,60.5873,5.90927,-163.14,
25.1843,35.66,-15.5696,-28.625,125.052,1.15445,156.923,99.8673,4.36445,-127.184,89.3916,19.298,-157.219,84.2977,15.8586,-65.1612,60.7666,5.75927,-163.82,
25.1843,35.66,-15.5696,-28.625,125.052,1.15445,156.923,99.8673,4.36445,-127.184,89.3916,19.298,-157.219,84.2977,15.8586,-65.1612,60.7666,5.75927,-163.82,
25.163,37.3448,-15.5696,-26.919,125.03,1.19161,157.042,99.8673,4.36445,-127.184,87.6856,18.1442,-155.684,84.2977,15.8586,-65.1612,60.7666,5.75927,-163.82,
25.163,37.3448,-15.5696,-26.919,125.03,1.19161,157.042,99.8673,4.36445,-127.184,87.6856,18.1442,-155.684,84.2977,15.8586,-65.1612,60.7666,5.75927,-163.82,
24.7876,41.7901,-15.9892,-22.5302,124.954,1.08428,157.6,100.166,4.00333,-126.68,83.1639,18.1322,-167.59,84.1772,15.5781,-65.1008,60.6337,3.80189,-165.102,
24.7876,41.7901,-15.9892,-22.5302,124.954,1.08428,157.6,100.166,4.00333,-126.68,83.1639,18.1322,-167.59,84.1772,15.5781,-65.1008,60.6337,3.80189,-165.102,
24.551,41.6039,-16.3314,-22.6634,124.768,0.676131,158.652,100.217,3.86376,-126.611,83.1639,18.1322,-167.59,83.8854,15.1617,-64.9567,60.5005,3.44059,-165.136,
24.551,41.6039,-16.3314,-22.6634,124.768,0.676131,158.652,100.217,3.86376,-126.611,83.1639,18.1322,-167.59,83.8854,15.1617,-64.9567,60.5005,3.44059,-165.136,
24.5943,41.2988,-16.4428,-23.2253,124.811,0.609381,159.307,100.217,3.86376,-126.611,83.5122,17.8576,-168.8,83.774,14.9916,-64.9775,60.287,2.88435,-165.485,
24.5943,41.2988,-16.4428,-23.2253,124.811,0.609381,159.307,100.217,3.86376,-126.611,83.5122,17.8576,-168.8,83.774,14.9916,-64.9775,60.287,2.88435,-165.485,
24.5023,41.2963,-16.5562,-23.1421,124.725,0.607234,160.03,100.223,3.24275,-127.043,83.429,17.0927,-170.079,83.6668,14.8029,-65.033,60.287,2.88435,-165.485,
24.5023,41.2963,-16.5562,-23.1421,124.725,0.607234,160.03,100.223,3.24275,-127.043,83.429,17.0927,-170.079,83.6668,14.8029,-65.033,60.287,2.88435,-165.485,
23.725,40.6682,-16.6843,-23.7544,123.972,0.640665,160.434,100.247,2.94423,-127.251,83.3043,16.6676,-170.644,83.5631,14.5915,-65.124,59.5499,0.3339,-167.505,
23.725,40.6682,-16.6843,-23.7544,123.972,0.640665,160.434,100.247,2.94423,-127.251,83.3043,16.6676,-170.644,83.5631,14.5915,-65.124,59.5499,0.3339,-167.505,
22.9011,39.8952,-17.0193,-23.6649,123.167,0.55759,160.725,100.266,2.66945,-127.417,83.2716,16.2561,-171.109,83.2463,14.0534,-65.2961,59.6067,-0.0163919,-167.611,
22.9011,39.8952,-17.0193,-23.6649,123.167,0.55759,160.725,100.266,2.66945,-127.417,83.2716,16.2561,-171.109,83.2463,14.0534,-65.2961,59.6067,-0.0163919,-167.611,
22.1366,39.1307,-17.143,-23.5703,122.402,0.491081,160.409,100.266,2.66945,-127.417,83.2716,16.2561,-171.109,83.1227,13.9002,-65.4031,59.7013,-0.264182,-167.574,
22.1366,39.1307,-17.143,-23.5703,122.402,0.491081,160.409,100.266,2.66945,-127.417,83.2716,16.2561,-171.109,83.1227,13.9002,-65.4031,59.7013,-0.264182,-167.574,
21.8699,38.3732,-17.3437,-23.9814,122.206,0.828812,159.134,100.336,1.85593,-128.191,83.8323,15.2653,-171.418,82.9919,13.7535,-65.5098,59.8509,-0.684361,-167.42,
21.8699,38.3732,-17.3437,-23.9814,122.206,0.828812,159.134,100.336,1.85593,-128.191,83.8323,15.2653,-171.418,82.9919,13.7535,-65.5098,59.8509,-0.684361,-167.42,
