9.00556,-10.4183,5.14044,-24.6572,98.5489,2.13505,92.8825,89.5433,5.00591,1.32383,108.967,-4.41027,-15.1432,94.6838,7.16261,48.0809,84.31,-18.8205,-13.3321,
9.00556,-10.4183,5.14044,-24.6572,98.5489,2.13505,92.8825,89.5433,5.00591,1.32383,108.967,-4.41027,-15.1432,94.6838,7.16261,48.0809,84.31,-18.8205,-13.3321,
7.07894,-11.1549,4.09414,-24.75,97.9051,2.08049,92.9753,90.8262,4.84958,1.62268,109.06,-4.34772,-15.8924,94.9203,7.08444,49.1818,84.31,-18.8205,-13.3321,
7.07894,-11.1549,4.09414,-24.75,97.9051,2.08049,92.9753,90.8262,4.84958,1.62268,109.06,-4.34772,-15.8924,94.9203,7.08444,49.1818,84.31,-18.8205,-13.3321,
6.14276,-12.0994,3.90737,-24.4982,96.9689,2.24877,92.331,90.8262,4.84958,1.62268,109.068,-4.40683,-16.1762,94.7335,7.89852,49.4541,84.5702,-18.1138,-13.4286,
6.14276,-12.0994,3.90737,-24.4982,96.9689,2.24877,92.331,90.8262,4.84958,1.62268,109.068,-4.40683,-16.1762,94.7335,7.89852,49.4541,84.5702,-18.1138,-13.4286,
4.30617,-12.061,2.03244,-23.57,97.0073,2.43298,90.4629,92.7011,4.90558,2.44107,109.068,-4.40683,-16.1762,94.7335,7.89852,49.4541,85.4983,-16.3152,-13.5678,
4.30617,-12.061,2.03244,-23.57,97.0073,2.43298,90.4629,92.7011,4.90558,2.44107,109.068,-4.40683,-16.1762,94.7335,7.89852,49.4541,85.4983,-16.3152,-13.5678,
2.94238,-11.7596,-0.157324,-23.57,97.3087,2.50614,89.5595,94.3664,5.30088,0.431459,109.068,-4.40683,-16.1762,94.209,8.92043,49.1628,85.4983,-16.3152,-13.5678,
2.94238,-11.7596,-0.157324,-23.57,97.3087,2.50614,89.5595,94.3664,5.30088,0.431459,109.068,-4.40683,-16.1762,94.209,8.92043,49.1628,85.4983,-16.3152,-13.5678,
1.989,-6.88757,-1.82205,-18.2291,97.4934,2.4893,88.8639,95.5044,4.69245,0.542933,104.381,-5.76339,-12.833,93.6824,9.19049,50.125,86.1519,-15.3879,-13.6942,
1.989,-6.88757,-1.82205,-18.2291,97.4934,2.4893,88.8639,95.5044,4.69245,0.542933,104.381,-5.76339,-12.833,93.6824,9.19049,50.125,86.1519,-15.3879,-13.6942,
1.76542,-0.893956,-2.02648,-6.18447,97.2698,2.01946,89.0823,95.5044,4.69245,0.542933,98.1638,-6.20584,-10.107,93.4779,10.0208,51.6638,91.9793,-11.5719,-15.885,
1.76542,-0.893956,-2.02648,-6.18447,97.2698,2.01946,89.0823,95.5044,4.69245,0.542933,98.1638,-6.20584,-10.107,93.4779,10.0208,51.6638,91.9793,-11.5719,-15.885,
-1.61939,-1.28011,-4.65116,-4.06664,96.8837,1.89098,89.0529,98.5031,5.55634,1.65482,98.1638,-6.20584,-10.107,93.8519,11.2484,50.2836,94.0972,-10.7287,-16.097,
-1.61939,-1.28011,-4.65116,-4.06664,96.8837,1.89098,89.0529,98.5031,5.55634,1.65482,98.1638,-6.20584,-10.107,93.8519,11.2484,50.2836,94.0972,-10.7287,-16.097,
-1.91753,8.91862,-4.75546,8.02998,96.958,1.99805,88.4462,98.8755,5.73536,1.4214,88.0394,-6.0864,-8.31884,94.1201,11.3291,49.7745,96.0694,-9.82982,-16.6128,
-1.91753,8.91862,-4.75546,8.02998,96.958,1.99805,88.4462,98.8755,5.73536,1.4214,88.0394,-6.0864,-8.31884,94.1201,11.3291,49.7745,96.0694,-9.82982,-16.6128,
-2.26837,9.47661,-4.91559,14.3962,97.2242,1.99387,87.8906,99.4926,5.7944,1.62592,87.7476,-6.63209,-9.23131,94.577,11.3886,48.098,102.144,-6.49148,-20.1428,
-2.26837,9.47661,-4.91559,14.3962,97.2242,1.99387,87.8906,99.4926,5.7944,1.62592,87.7476,-6.63209,-9.23131,94.577,11.3886,48.098,102.144,-6.49148,-20.1428,
-1.57894,11.3102,-4.91559,15.5405,97.9137,2.0624,87.8734,99.4926,5.7944,1.62592,86.6034,-7.40245,-9.47391,94.577,11.3886,48.098,102.144,-6.49148,-20.1428,
-1.57894,11.3102,-4.91559,15.5405,97.9137,2.0624,87.8734,99.4926,5.7944,1.62592,86.6034,-7.40245,-9.47391,94.577,11.3886,48.098,102.144,-6.49148,-20.1428,
-2.91585,11.4677,-5.87659,15.5592,98.0711,2.37242,88.1414,100.987,5.73773,1.9636,86.6034,-7.40245,-9.47391,95.1104,11.3653,47.5146,102.163,-5.89406,-19.7187,
-2.91585,11.4677,-5.87659,15.5592,98.0711,2.37242,88.1414,100.987,5.73773,1.9636,86.6034,-7.40245,-9.47391,95.1104,11.3653,47.5146,102.163,-5.89406,-19.7187,
-6.29953,19.027,-8.78557,22.1941,97.7906,3.09852,88.2056,104.09,5.21333,5.28659,78.7636,-8.32671,-1.10378,95.3046,11.2628,47.8992,100.958,-5.69479,-19.8376,
-6.29953,19.027,-8.78557,22.1941,97.7906,3.09852,88.2056,104.09,5.21333,5.28659,78.7636,-8.32671,-1.10378,95.3046,11.2628,47.8992,100.958,-5.69479,-19.8376,
-7.18941,20.7038,-9.57514,23.6202,98.0413,3.20094,88.5278,105.231,5.27134,6.50554,77.3375,-8.09991,0.0832009,95.6556,11.1009,48.1824,100.958,-5.69479,-19.8376,
-7.18941,20.7038,-9.57514,23.6202,98.0413,3.20094,88.5278,105.231,5.27134,6.50554,77.3375,-8.09991,0.0832009,95.6556,11.1009,48.1824,100.958,-5.69479,-19.8376,
-6.13237,22.7404,-9.57514,14.7547,99.0984,3.75906,89.1592,105.231,5.27134,6.50554,76.358,-7.83567,0.968486,95.6556,11.1009,48.1824,91.1127,-7.24071,-19.2247,
-6.13237,22.7404,-9.57514,14.7547,99.0984,3.75906,89.1592,105.231,5.27134,6.50554,76.358,-7.83567,0.968486,95.6556,11.1009,48.1824,91.1127,-7.24071,-19.2247,
-11.0295,23.3024,-14.0851,8.06765,99.6603,4.345,89.7281,110.69,5.52234,10.1672,76.358,-7.83567,0.968486,96.6047,10.6601,48.7889,84.4256,-9.11092,-17.2096,
-11.0295,23.3024,-14.0851,8.06765,99.6603,4.345,89.7281,110.69,5.52234,10.1672,76.358,-7.83567,0.968486,96.6047,10.6601,48.7889,84.4256,-9.11092,-17.2096,
-11.7656,25.5715,-13.9838,9.92721,100.07,4.58742,90.2945,111.836,5.43946,10.5264,74.4984,-6.52866,3.6488,97.8518,9.6713,49.6987,84.4256,-9.11092,-17.2096,
-11.7656,25.5715,-13.9838,9.92721,100.07,4.58742,90.2945,111.836,5.43946,10.5264,74.4984,-6.52866,3.6488,97.8518,9.6713,49.6987,84.4256,-9.11092,-17.2096,
-12.7639,25.666,-14.7046,9.92721,100.164,4.70641,90.4068,112.928,5.40785,10.639,74.4984,-6.52866,3.6488,98.2237,9.43067,50.0504,84.4256,-9.11092,-17.2096,
-12.7639,25.666,-14.7046,9.92721,100.164,4.70641,90.4068,112.928,5.40785,10.639,74.4984,-6.52866,3.6488,98.2237,9.43067,50.0504,84.4256,-9.11092,-17.2096,
-14.3924,25.2956,-16.396,-7.74295,100.227,5.06777,90.4252,114.62,5.16036,10.4685,74.9318,-5.43031,4.5306,98.2237,9.43067,50.0504,67.1888,-12.8279,-10.8538,
-14.3924,25.2956,-16.396,-7.74295,100.227,5.06777,90.4252,114.62,5.16036,10.4685,74.9318,-5.43031,4.5306,98.2237,9.43067,50.0504,67.1888,-12.8279,-10.8538,
-14.6275,23.349,-14.7531,-18.3523,100.467,5.25273,90.2992,115.095,4.93991,10.1951,77.1185,-4.92007,4.25434,100.342,8.12055,51.4166,58.7662,-15.5764,-8.96516,
-14.6275,23.349,-14.7531,-18.3523,100.467,5.25273,90.2992,115.095,4.93991,10.1951,77.1185,-4.92007,4.25434,100.342,8.12055,51.4166,58.7662,-15.5764,-8.96516,
-13.1355,22.8828,-13.0439,-19.5206,101.17,5.17028,90.3478,114.305,4.68628,10.2331,78.2868,-4.82696,4.59411,101.261,7.69402,51.5576,58.7662,-15.5764,-8.96516,
-13.1355,22.8828,-13.0439,-19.5206,101.17,5.17028,90.3478,114.305,4.68628,10.2331,78.2868,-4.82696,4.59411,101.261,7.69402,51.5576,58.7662,-15.5764,-8.96516,
-13.0262,24.1422,-11.9587,-18.3706,101.279,4.77068,90.6853,114.305,4.68628,10.2331,77.1368,-5.92473,6.50949,102.347,7.29719,51.5107,58.7662,-15.5764,-8.96516,
-13.0262,24.1422,-11.9587,-18.3706,101.279,4.77068,90.6853,114.305,4.68628,10.2331,77.1368,-5.92473,6.50949,102.347,7.29719,51.5107,58.7662,-15.5764,-8.96516,
-12.1676,24.047,-9.70628,-21.5153,101.184,4.54034,91.0821,113.351,4.85378,10.3088,77.1368,-5.92473,6.50949,103.645,6.72184,51.2719,55.6215,-18.4864,-8.415,
-12.1676,24.047,-9.70628,-21.5153,101.184,4.54034,91.0821,113.351,4.85378,10.3088,77.1368,-5.92473,6.50949,103.645,6.72184,51.2719,55.6215,-18.4864,-8.415,
-10.7224,23.7805,-6.51558,-21.5153,100.917,4.51325,91.2375,111.64,4.75662,10.5329,77.1368,-5.92473,6.50949,105.124,6.0133,50.9647,55.6215,-18.4864,-8.415,
-10.7224,23.7805,-6.51558,-21.5153,100.917,4.51325,91.2375,111.64,4.75662,10.5329,77.1368,-5.92473,6.50949,105.124,6.0133,50.9647,55.6215,-18.4864,-8.415,
-5.96126,12.6808,4.89236,-33.069,100.533,4.48327,91.26,106.494,4.2484,9.9842,87.8521,-6.98068,3.10965,111.387,3.24307,50.6736,54.7831,-18.5262,-8.71508,
-5.96126,12.6808,4.89236,-33.069,100.533,4.48327,91.26,106.494,4.2484,9.9842,87.8521,-6.98068,3.10965,111.387,3.24307,50.6736,54.7831,-18.5262,-8.71508,
-6.42519,11.2576,6.95957,-28.4307,100.069,4.31925,90.9096,106.494,4.2484,9.9842,88.8114,-6.74732,4.90249,113.454,1.91948,51.503,60.3806,-19.1869,-10.7425,
-6.42519,11.2576,6.95957,-28.4307,100.069,4.31925,90.9096,106.494,4.2484,9.9842,88.8114,-6.74732,4.90249,113.454,1.91948,51.503,60.3806,-19.1869,-10.7425,
0.778143,10.8937,19.3846,-25.1972,99.7051,4.08882,90.4219,98.927,3.03112,7.14035,88.8114,-6.74732,4.90249,118.312,-2.4647,55.0086,63.6141,-18.2469,-10.4744,
0.778143,10.8937,19.3846,-25.1972,99.7051,4.08882,90.4219,98.927,3.03112,7.14035,88.8114,-6.74732,4.90249,118.312,-2.4647,55.0086,63.6141,-18.2469,-10.4744,
4.69093,6.71624,30.366,-27.9452,99.7565,3.98955,89.8369,95.0656,2.33934,11.1284,93.0403,-6.5784,4.63964,125.432,-7.76215,57.8638,65.0951,-17.9096,-10.9022,
4.69093,6.71624,30.366,-27.9452,99.7565,3.98955,89.8369,95.0656,2.33934,11.1284,93.0403,-6.5784,4.63964,125.432,-7.76215,57.8638,65.0951,-17.9096,-10.9022,
7.31139,1.04766,36.3634,-33.5326,99.6753,3.71279,89.173,92.3639,4.00952,14.2129,98.6277,-6.76727,0.889383,128.727,-9.67079,56.8185,65.0951,-17.9096,-10.9022,
7.31139,1.04766,36.3634,-33.5326,99.6753,3.71279,89.173,92.3639,4.00952,14.2129,98.6277,-6.76727,0.889383,128.727,-9.67079,56.8185,65.0951,-17.9096,-10.9022,
6.73844,-0.158449,36.3634,-31.4809,99.1024,3.20848,89.9323,92.3639,4.00952,14.2129,99.2608,-7.5815,0.66096,128.727,-9.67079,56.8185,67.78,-17.9506,-12.7786,
6.73844,-0.158449,36.3634,-31.4809,99.1024,3.20848,89.9323,92.3639,4.00952,14.2129,99.2608,-7.5815,0.66096,128.727,-9.67079,56.8185,67.78,-17.9506,-12.7786,
18.0253,-6.94555,43.5557,-26.3868,96.0105,1.84111,89.6324,77.9853,7.36389,4.3218,102.956,-6.30649,-2.69164,121.541,-4.43333,54.0316,76.5693,-14.6423,-14.7166,
18.0253,-6.94555,43.5557,-26.3868,96.0105,1.84111,89.6324,77.9853,7.36389,4.3218,102.956,-6.30649,-2.69164,121.541,-4.43333,54.0316,76.5693,-14.6423,-14.7166,
20.335,-7.58461,46.5044,-26.3868,95.3715,1.03864,88.8565,75.0365,7.73938,2.48291,102.956,-6.30649,-2.69164,121.541,-4.43333,54.0316,76.5693,-14.6423,-14.7166,
20.335,-7.58461,46.5044,-26.3868,95.3715,1.03864,88.8565,75.0365,7.73938,2.48291,102.956,-6.30649,-2.69164,121.541,-4.43333,54.0316,76.5693,-14.6423,-14.7166,
20.9656,-10.7247,29.4513,-26.5713,94.977,0.658877,88.5894,74.0113,6.87387,0.413628,105.702,-5.58178,-5.78195,103.463,3.58247,51.422,79.1304,-13.6779,-15.3439,
20.9656,-10.7247,29.4513,-26.5713,94.977,0.658877,88.5894,74.0113,6.87387,0.413628,105.702,-5.58178,-5.78195,103.463,3.58247,51.422,79.1304,-13.6779,-15.3439,
20.6683,-11.8516,23.2428,-27.6817,94.9605,0.0217934,88.2476,74.2922,6.15317,-0.35254,106.812,-5.28762,-6.63855,97.535,5.66581,51.3514,79.1304,-13.6779,-15.3439,
20.6683,-11.8516,23.2428,-27.6817,94.9605,0.0217934,88.2476,74.2922,6.15317,-0.35254,106.812,-5.28762,-6.63855,97.535,5.66581,51.3514,79.1304,-13.6779,-15.3439,
19.7444,-13.0659,15.862,-26.4626,95.0091,-0.132277,88.145,75.2647,5.52223,-0.645275,108.075,-4.95385,-7.36402,91.1266,7.93949,51.3427,81.6124,-12.6363,-15.8505,
19.7444,-13.0659,15.862,-26.4626,95.0091,-0.132277,88.145,75.2647,5.52223,-0.645275,108.075,-4.95385,-7.36402,91.1266,7.93949,51.3427,81.6124,-12.6363,-15.8505,
14.4626,-16.9273,-22.5071,-26.348,95.133,-0.99539,88.3753,80.6704,6.25039,-1.14309,112.06,-3.59056,-7.63297,58.1633,20.3763,46.8294,85.7122,-10.6432,-17.1551,
14.4626,-16.9273,-22.5071,-26.348,95.133,-0.99539,88.3753,80.6704,6.25039,-1.14309,112.06,-3.59056,-7.63297,58.1633,20.3763,46.8294,85.7122,-10.6432,-17.1551,
14.8897,-16.7482,-22.5071,-20.7406,95.5601,-0.640173,88.3273,80.6704,6.25039,-1.14309,112.308,-3.57159,-7.6689,58.1633,20.3763,46.8294,91.5677,-7.73383,-17.3192,
14.8897,-16.7482,-22.5071,-20.7406,95.5601,-0.640173,88.3273,80.6704,6.25039,-1.14309,112.308,-3.57159,-7.6689,58.1633,20.3763,46.8294,91.5677,-7.73383,-17.3192,
22.2513,-16.2822,-10.4745,-18.5979,96.0261,-0.248302,88.0358,73.7749,7.64639,-6.72808,112.308,-3.57159,-7.6689,63.3004,21.4839,50.7128,93.7104,-6.67802,-17.2864,
22.2513,-16.2822,-10.4745,-18.5979,96.0261,-0.248302,88.0358,73.7749,7.64639,-6.72808,112.308,-3.57159,-7.6689,63.3004,21.4839,50.7128,93.7104,-6.67802,-17.2864,
7.01607,-8.63952,-21.0999,-9.03288,96.3804,-0.197962,88.281,89.3643,8.39328,4.67342,105.02,-2.95684,-6.36495,68.2644,20.5087,52.9551,95.987,-5.48165,-17.8033,
7.01607,-8.63952,-21.0999,-9.03288,96.3804,-0.197962,88.281,89.3643,8.39328,4.67342,105.02,-2.95684,-6.36495,68.2644,20.5087,52.9551,95.987,-5.48165,-17.8033,
5.96313,-4.5236,-18.696,0.235423,96.1289,-0.796658,90.5957,90.1658,7.79757,-0.166664,100.653,-2.73382,-5.23729,71.4698,21.0642,54.5691,100.888,-2.21556,-20.708,
5.96313,-4.5236,-18.696,0.235423,96.1289,-0.796658,90.5957,90.1658,7.79757,-0.166664,100.653,-2.73382,-5.23729,71.4698,21.0642,54.5691,100.888,-2.21556,-20.708,
7.06567,-3.40505,-15.3138,8.92952,93.8493,-1.87127,93.0581,86.7836,7.36035,-2.25832,97.2543,-2.11097,-5.68163,71.4698,21.0642,54.5691,106.184,2.32312,-26.216,
7.06567,-3.40505,-15.3138,8.92952,93.8493,-1.87127,93.0581,86.7836,7.36035,-2.25832,97.2543,-2.11097,-5.68163,71.4698,21.0642,54.5691,106.184,2.32312,-26.216,
3.64266,1.39479,-13.5228,20.1356,94.6971,-1.28723,91.7561,91.0544,8.16901,0.139873,93.3023,-3.54005,-14.3162,77.5316,18.6001,54.3895,113.438,6.80545,-28.0266,
3.64266,1.39479,-13.5228,20.1356,94.6971,-1.28723,91.7561,91.0544,8.16901,0.139873,93.3023,-3.54005,-14.3162,77.5316,18.6001,54.3895,113.438,6.80545,-28.0266,
-2.94373,5.66772,-20.0924,22.3006,96.8051,-1.37877,91.0962,99.7488,8.57538,5.18805,91.1374,-4.96475,-13.4002,79.6564,18.4166,54.8423,113.438,6.80545,-28.0266,
-2.94373,5.66772,-20.0924,22.3006,96.8051,-1.37877,91.0962,99.7488,8.57538,5.18805,91.1374,-4.96475,-13.4002,79.6564,18.4166,54.8423,113.438,6.80545,-28.0266,
-3.76493,12.065,-19.6261,32.8364,95.9839,-2.2384,92.3697,99.7488,8.57538,5.18805,83.9189,-6.52284,-6.18552,80.1227,18.4873,54.6345,116.755,8.11733,-25.0529,
-3.76493,12.065,-19.6261,32.8364,95.9839,-2.2384,92.3697,99.7488,8.57538,5.18805,83.9189,-6.52284,-6.18552,80.1227,18.4873,54.6345,116.755,8.11733,-25.0529,
-4.21004,11.6199,-19.3057,32.329,95.5388,-2.35994,92.2796,99.7488,8.57538,5.18805,83.9189,-6.52284,-6.18552,80.4431,18.4191,54.2523,116.248,7.6535,-23.591,
-4.21004,11.6199,-19.3057,32.329,95.5388,-2.35994,92.2796,99.7488,8.57538,5.18805,83.9189,-6.52284,-6.18552,80.4431,18.4191,54.2523,116.248,7.6535,-23.591,
-5.42751,22.0677,-19.8194,37.4587,96.0487,-2.25316,91.6575,101.476,9.09521,4.85774,73.9809,-7.56735,-0.435701,81.6568,17.9333,53.4545,111.44,5.83543,-20.7482,
-5.42751,22.0677,-19.8194,37.4587,96.0487,-2.25316,91.6575,101.476,9.09521,4.85774,73.9809,-7.56735,-0.435701,81.6568,17.9333,53.4545,111.44,5.83543,-20.7482,
-4.8488,27.3819,-19.2348,41.8373,96.9843,-1.76693,90.9653,101.833,8.81342,5.08003,69.6023,-8.99319,2.16189,82.5982,17.3915,53.1019,111.44,5.83543,-20.7482,
-4.8488,27.3819,-19.2348,41.8373,96.9843,-1.76693,90.9653,101.833,8.81342,5.08003,69.6023,-8.99319,2.16189,82.5982,17.3915,53.1019,111.44,5.83543,-20.7482,
-5.36148,28.3383,-18.2579,26.5191,96.7185,-0.857735,92.5083,102.08,8.69604,5.51488,68.3802,-8.98494,4.0886,83.8221,16.9058,53.0462,94.8993,0.572737,-15.4901,
-5.36148,28.3383,-18.2579,26.5191,96.7185,-0.857735,92.5083,102.08,8.69604,5.51488,68.3802,-8.98494,4.0886,83.8221,16.9058,53.0462,94.8993,0.572737,-15.4901,
-6.58579,29.0477,-15.9718,20.9172,97.4279,-0.468223,93.6998,104.014,8.62809,8.72011,68.3802,-8.98494,4.0886,88.0419,15.5187,53.71,89.2974,-1.17622,-15.2673,
-6.58579,29.0477,-15.9718,20.9172,97.4279,-0.468223,93.6998,104.014,8.62809,8.72011,68.3802,-8.98494,4.0886,88.0419,15.5187,53.71,89.2974,-1.17622,-15.2673,
-9.31455,31.858,-18.64,16.3582,98.7858,-0.152513,94.7137,108.1,8.69371,12.562,66.9278,-5.96041,9.89942,89.4604,14.9469,53.9345,83.286,-3.25794,-15.293,
-9.31455,31.858,-18.64,16.3582,98.7858,-0.152513,94.7137,108.1,8.69371,12.562,66.9278,-5.96041,9.89942,89.4604,14.9469,53.9345,83.286,-3.25794,-15.293,
-9.14501,31.4326,-17.2517,15.7632,98.9554,0.00714438,95.3207,108.1,8.69371,12.562,67.5228,-4.38975,10.4961,90.8487,14.4896,54.2826,83.286,-3.25794,-15.293,
-9.14501,31.4326,-17.2517,15.7632,98.9554,0.00714438,95.3207,108.1,8.69371,12.562,67.5228,-4.38975,10.4961,90.8487,14.4896,54.2826,83.286,-3.25794,-15.293,
-10.072,28.3699,-16.6192,0.737067,98.7838,0.17327,96.7107,108.856,8.53852,13.044,70.4139,-3.27046,9.65068,92.2366,14.0931,54.6759,71.151,-8.6328,-15.2411,
-10.072,28.3699,-16.6192,0.737067,98.7838,0.17327,96.7107,108.856,8.53852,13.044,70.4139,-3.27046,9.65068,92.2366,14.0931,54.6759,71.151,-8.6328,-15.2411,
-11.3273,28.4653,-13.3779,-16.8649,98.8792,0.361465,97.7093,110.207,7.75315,14.2098,70.4139,-3.27046,9.65068,96.8287,12.4296,55.7709,53.549,-15.4704,-9.50855,
-11.3273,28.4653,-13.3779,-16.8649,98.8792,0.361465,97.7093,110.207,7.75315,14.2098,70.4139,-3.27046,9.65068,96.8287,12.4296,55.7709,53.549,-15.4704,-9.50855,
-11.9941,27.514,-11.9494,-22.244,98.528,0.390398,97.8869,110.522,7.5815,14.8991,71.014,-6.8425,7.10898,98.5726,11.6626,56.1096,48.77,-15.6906,-6.7857,
-11.9941,27.514,-11.9494,-22.244,98.528,0.390398,97.8869,110.522,7.5815,14.8991,71.014,-6.8425,7.10898,98.5726,11.6626,56.1096,48.77,-15.6906,-6.7857,
-12.3562,28.3904,-8.09459,-21.3496,98.51,0.105335,98.2985,110.866,7.38156,15.7382,70.1195,-8.3293,9.46091,102.772,9.98318,56.4283,48.77,-15.6906,-6.7857,
-12.3562,28.3904,-8.09459,-21.3496,98.51,0.105335,98.2985,110.866,7.38156,15.7382,70.1195,-8.3293,9.46091,102.772,9.98318,56.4283,48.77,-15.6906,-6.7857,
-12.2386,28.3064,-8.09459,-21.516,98.6275,-0.305086,99.1817,110.866,7.38156,15.7382,70.3211,-8.49995,11.2415,102.772,9.98318,56.4283,48.8051,-14.5545,-4.27845,
-12.2386,28.3064,-8.09459,-21.516,98.6275,-0.305086,99.1817,110.866,7.38156,15.7382,70.3211,-8.49995,11.2415,102.772,9.98318,56.4283,48.8051,-14.5545,-4.27845,
-10.9391,28.0306,0.954745,-20.0149,98.3517,-0.626104,99.9768,109.291,7.16048,16.9681,70.3211,-8.49995,11.2415,110.246,7.07634,56.3435,50.3062,-16.5212,-6.07347,
-10.9391,28.0306,0.954745,-20.0149,98.3517,-0.626104,99.9768,109.291,7.16048,16.9681,70.3211,-8.49995,11.2415,110.246,7.07634,56.3435,50.3062,-16.5212,-6.07347,
-3.8848,20.7764,13.6055,-26.9948,98.0775,-0.805649,100.393,101.962,6.49203,13.9871,77.3011,-7.62177,5.98497,115.568,3.584,58.4291,50.3062,-16.5212,-6.07347,
-3.8848,20.7764,13.6055,-26.9948,98.0775,-0.805649,100.393,101.962,6.49203,13.9871,77.3011,-7.62177,5.98497,115.568,3.584,58.4291,50.3062,-16.5212,-6.07347,
0.344398,15.0929,20.0474,-30.3158,98.273,-0.989184,100.257,97.9286,5.58582,12.2501,83.1802,-5.75499,7.10675,117.976,0.741932,60.9336,52.8644,-16.3776,-7.05914,
0.344398,15.0929,20.0474,-30.3158,98.273,-0.989184,100.257,97.9286,5.58582,12.2501,83.1802,-5.75499,7.10675,117.976,0.741932,60.9336,52.8644,-16.3776,-7.05914,
0.267043,15.3587,20.0474,-21.2468,98.1957,-0.621396,99.3565,97.9286,5.58582,12.2501,82.837,-5.56722,7.78826,117.976,0.741932,60.9336,61.5902,-14.9019,-7.82285,
0.267043,15.3587,20.0474,-21.2468,98.1957,-0.621396,99.3565,97.9286,5.58582,12.2501,82.837,-5.56722,7.78826,117.976,0.741932,60.9336,61.5902,-14.9019,-7.82285,
6.90929,14.9638,37.4371,-19.5003,97.8008,-0.635397,98.6913,90.8915,4.87452,21.6055,82.837,-5.56722,7.78826,128.329,-8.04217,65.8919,63.3367,-14.0922,-7.61599,
6.90929,14.9638,37.4371,-19.5003,97.8008,-0.635397,98.6913,90.8915,4.87452,21.6055,82.837,-5.56722,7.78826,128.329,-8.04217,65.8919,63.3367,-14.0922,-7.61599,
8.91154,4.41721,40.2891,-28.6318,97.8838,-0.474027,98.3066,88.9722,5.54856,20.1549,93.4666,-6.7044,-1.28738,129.261,-8.37322,65.212,64.8348,-13.562,-7.93332,
8.91154,4.41721,40.2891,-28.6318,97.8838,-0.474027,98.3066,88.9722,5.54856,20.1549,93.4666,-6.7044,-1.28738,129.261,-8.37322,65.212,64.8348,-13.562,-7.93332,
11.3254,0.0703416,43.6978,-29.4363,97.2304,-0.0139165,97.9617,85.905,5.80572,17.2847,97.1601,-8.06515,-1.89243,129.603,-8.03561,64.1795,67.7238,-13.8803,-9.77502,
11.3254,0.0703416,43.6978,-29.4363,97.2304,-0.0139165,97.9617,85.905,5.80572,17.2847,97.1601,-8.06515,-1.89243,129.603,-8.03561,64.1795,67.7238,-13.8803,-9.77502,
11.0736,-0.181459,43.6978,-29.4363,96.9786,0.0845015,98.0124,85.905,5.80572,17.2847,97.1601,-8.06515,-1.89243,129.603,-8.03561,64.1795,67.7238,-13.8803,-9.77502,
11.0736,-0.181459,43.6978,-29.4363,96.9786,0.0845015,98.0124,85.905,5.80572,17.2847,97.1601,-8.06515,-1.89243,129.603,-8.03561,64.1795,67.7238,-13.8803,-9.77502,
19.5166,-3.43876,46.6845,-28.7721,95.9794,-0.118833,98.7897,76.4627,7.29077,12.8182,99.4181,-6.40834,-2.07786,123.147,-4.77443,63.4957,70.646,-12.7423,-9.5843,
19.5166,-3.43876,46.6845,-28.7721,95.9794,-0.118833,98.7897,76.4627,7.29077,12.8182,99.4181,-6.40834,-2.07786,123.147,-4.77443,63.4957,70.646,-12.7423,-9.5843,
20.3302,-4.5901,40.6474,-28.554,95.8195,-0.531627,98.9216,75.4893,7.91861,12.6981,100.41,-6.04216,-2.14961,116.137,-0.820569,61.406,71.8556,-12.4273,-9.77473,
20.3302,-4.5901,40.6474,-28.554,95.8195,-0.531627,98.9216,75.4893,7.91861,12.6981,100.41,-6.04216,-2.14961,116.137,-0.820569,61.406,71.8556,-12.4273,-9.77473,
20.6883,-7.63283,32.4959,-24.9574,94.6292,-1.21058,98.8716,73.941,7.43713,9.63345,102.262,-5.48615,-3.8842,106.437,3.05183,60.0034,77.3047,-9.98228,-10.3541,
20.6883,-7.63283,32.4959,-24.9574,94.6292,-1.21058,98.8716,73.941,7.43713,9.63345,102.262,-5.48615,-3.8842,106.437,3.05183,60.0034,77.3047,-9.98228,-10.3541,
20.0165,-10.2652,14.1031,-24.694,94.5133,-2.07598,98.4644,74.4969,5.39069,6.76384,104.779,-4.90965,-7.26782,88.6,9.33168,61.0637,80.0846,-8.90262,-11.0843,
20.0165,-10.2652,14.1031,-24.694,94.5133,-2.07598,98.4644,74.4969,5.39069,6.76384,104.779,-4.90965,-7.26782,88.6,9.33168,61.0637,80.0846,-8.90262,-11.0843,
19.2485,-12.3798,6.66632,-27.1813,94.8861,-2.51731,98.1866,75.6376,4.82991,6.39712,107.266,-4.44926,-8.78725,82.3039,12.0761,61.3822,80.0846,-8.90262,-11.0843,
19.2485,-12.3798,6.66632,-27.1813,94.8861,-2.51731,98.1866,75.6376,4.82991,6.39712,107.266,-4.44926,-8.78725,82.3039,12.0761,61.3822,80.0846,-8.90262,-11.0843,
17.8469,-13.278,-1.11924,-25.5367,95.0417,-2.58337,97.9303,77.1948,4.7673,7.1366,108.32,-4.1249,-9.21661,76.0755,15.0344,61.0258,82.783,-7.9932,-11.7664,
17.8469,-13.278,-1.11924,-25.5367,95.0417,-2.58337,97.9303,77.1948,4.7673,7.1366,108.32,-4.1249,-9.21661,76.0755,15.0344,61.0258,82.783,-7.9932,-11.7664,
15.4647,-13.8128,-15.78,-22.7614,95.5161,-2.64675,97.0229,80.0514,5.39641,9.32268,109.329,-3.7237,-9.5737,64.2715,19.9689,58.223,86.5675,-6.35926,-13.0883,
15.4647,-13.8128,-15.78,-22.7614,95.5161,-2.64675,97.0229,80.0514,5.39641,9.32268,109.329,-3.7237,-9.5737,64.2715,19.9689,58.223,86.5675,-6.35926,-13.0883,
23.403,-14.5106,-15.7559,-22.4966,96.0369,-2.70928,96.7881,72.6339,8.50812,5.32237,110.547,-3.32217,-10.8196,56.878,22.2314,55.5118,88.0509,-5.64816,-13.3259,
23.403,-14.5106,-15.7559,-22.4966,96.0369,-2.70928,96.7881,72.6339,8.50812,5.32237,110.547,-3.32217,-10.8196,56.878,22.2314,55.5118,88.0509,-5.64816,-13.3259,
24.542,-13.8388,-13.576,-22.4705,96.6826,-2.68334,96.9703,72.1405,8.46387,2.45805,110.521,-3.10417,-11.2625,58.5645,21.4936,55.2462,88.0509,-5.64816,-13.3259,
24.542,-13.8388,-13.576,-22.4705,96.6826,-2.68334,96.9703,72.1405,8.46387,2.45805,110.521,-3.10417,-11.2625,58.5645,21.4936,55.2462,88.0509,-5.64816,-13.3259,
25.3039,-12.2005,-10.678,-15.1393,97.4444,-2.21401,97.2313,72.1405,8.46387,2.45805,109.645,-2.82295,-11.5196,61.4626,21.3949,56.182,94.5056,-2.53519,-13.6949,
25.3039,-12.2005,-10.678,-15.1393,97.4444,-2.21401,97.2313,72.1405,8.46387,2.45805,109.645,-2.82295,-11.5196,61.4626,21.3949,56.182,94.5056,-2.53519,-13.6949,
16.6264,-11.4979,-18.0161,-10.0017,98.147,-1.82606,96.5961,81.5206,8.81258,8.13581,109.645,-2.82295,-11.5196,63.5045,22.2259,57.1509,99.6432,0.425664,-15.5801,
16.6264,-11.4979,-18.0161,-10.0017,98.147,-1.82606,96.5961,81.5206,8.81258,8.13581,109.645,-2.82295,-11.5196,63.5045,22.2259,57.1509,99.6432,0.425664,-15.5801,
8.44514,-4.4544,-20.5569,-2.95824,98.147,-1.82606,96.5961,89.7019,7.95378,7.20239,102.601,-2.49119,-10.6218,69.145,20.1629,59.7736,99.6432,0.425664,-15.5801,
8.44514,-4.4544,-20.5569,-2.95824,98.147,-1.82606,96.5961,89.7019,7.95378,7.20239,102.601,-2.49119,-10.6218,69.145,20.1629,59.7736,99.6432,0.425664,-15.5801,
12.3814,4.789,-11.5469,8.3959,98.4075,-2.18607,97.6118,86.0261,6.88911,4.35549,93.6185,-0.993264,-11.7859,74.4792,19.6881,62.1687,102.014,2.41049,-17.4091,
12.3814,4.789,-11.5469,8.3959,98.4075,-2.18607,97.6118,86.0261,6.88911,4.35549,93.6185,-0.993264,-11.7859,74.4792,19.6881,62.1687,102.014,2.41049,-17.4091,
10.9659,4.10087,-11.5469,20.8842,96.992,-2.95398,99.2554,86.0261,6.88911,4.35549,92.8911,-1.38174,-15.6239,74.4792,19.6881,62.1687,113.775,11.2228,-24.9752,
10.9659,4.10087,-11.5469,20.8842,96.992,-2.95398,99.2554,86.0261,6.88911,4.35549,92.8911,-1.38174,-15.6239,74.4792,19.6881,62.1687,113.775,11.2228,-24.9752,
-1.52813,14.2645,-19.0758,32.655,97.415,-2.86874,96.9098,98.9432,9.189,10.8303,83.1505,-4.79395,-13.8982,79.8674,17.9665,61.7182,115.805,11.5268,-23.5653,
-1.52813,14.2645,-19.0758,32.655,97.415,-2.86874,96.9098,98.9432,9.189,10.8303,83.1505,-4.79395,-13.8982,79.8674,17.9665,61.7182,115.805,11.5268,-23.5653,
-2.72748,17.8603,-18.7268,35.9969,97.6689,-3.9568,97.6498,100.396,10.3764,11.4174,79.8086,-5.19786,-11.6329,81.6695,17.8132,62.3442,115.805,11.5268,-23.5653,
-2.72748,17.8603,-18.7268,35.9969,97.6689,-3.9568,97.6498,100.396,10.3764,11.4174,79.8086,-5.19786,-11.6329,81.6695,17.8132,62.3442,115.805,11.5268,-23.5653,
-2.87701,20.1792,-18.7268,35.9064,97.5193,-4.00463,97.577,100.396,10.3764,11.4174,77.3401,-5.68688,-10.407,81.6695,17.8132,62.3442,113.247,10.32,-19.6979,
-2.87701,20.1792,-18.7268,35.9064,97.5193,-4.00463,97.577,100.396,10.3764,11.4174,77.3401,-5.68688,-10.407,81.6695,17.8132,62.3442,113.247,10.32,-19.6979,
-3.63962,20.3846,-17.1202,27.7275,97.7247,-3.70269,97.2248,101.364,9.17633,11.6252,77.3401,-5.68688,-10.407,84.2442,16.5806,61.4686,105.068,6.53332,-15.4401,
-3.63962,20.3846,-17.1202,27.7275,97.7247,-3.70269,97.2248,101.364,9.17633,11.6252,77.3401,-5.68688,-10.407,84.2442,16.5806,61.4686,105.068,6.53332,-15.4401,
-5.58205,27.4907,-17.2543,29.922,98.5241,-2.98161,97.1569,104.106,8.14931,13.5144,71.0334,-8.26051,-12.6931,86.8519,15.329,61.0559,100.955,4.84463,-13.9143,
-5.58205,27.4907,-17.2543,29.922,98.5241,-2.98161,97.1569,104.106,8.14931,13.5144,71.0334,-8.26051,-12.6931,86.8519,15.329,61.0559,100.955,4.84463,-13.9143,
-7.18143,28.5775,-17.2555,31.2118,98.321,-2.87653,97.7561,105.502,8.0375,14.8981,69.7435,-8.02601,-10.5693,88.2469,14.6775,60.9409,100.955,4.84463,-13.9143,
-7.18143,28.5775,-17.2555,31.2118,98.321,-2.87653,97.7561,105.502,8.0375,14.8981,69.7435,-8.02601,-10.5693,88.2469,14.6775,60.9409,100.955,4.84463,-13.9143,
-6.69688,29.1434,-17.2555,15.1743,98.8055,-2.25855,98.9994,105.502,8.0375,14.8981,69.6621,-6.92303,-8.86051,88.2469,14.6775,60.9409,84.8364,-0.835503,-9.78256,
-6.69688,29.1434,-17.2555,15.1743,98.8055,-2.25855,98.9994,105.502,8.0375,14.8981,69.6621,-6.92303,-8.86051,88.2469,14.6775,60.9409,84.8364,-0.835503,-9.78256,
-9.30363,29.6692,-16.1407,2.43272,99.3313,-1.90815,99.6362,108.635,7.74157,17.7522,69.6621,-6.92303,-8.86051,92.4942,12.8156,60.9844,72.0948,-5.89818,-8.90806,
-9.30363,29.6692,-16.1407,2.43272,99.3313,-1.90815,99.6362,108.635,7.74157,17.7522,69.6621,-6.92303,-8.86051,92.4942,12.8156,60.9844,72.0948,-5.89818,-8.90806,
-11.8004,27.3195,-16.1187,-6.54401,99.6227,-1.71651,100.509,111.423,7.19279,18.9768,72.3031,-3.30001,-6.62052,95.3044,11.5813,61.5281,65.7591,-8.91227,-8.35989,
-11.8004,27.3195,-16.1187,-6.54401,99.6227,-1.71651,100.509,111.423,7.19279,18.9768,72.3031,-3.30001,-6.62052,95.3044,11.5813,61.5281,65.7591,-8.91227,-8.35989,
-11.7869,26.7797,-16.4018,-7.38052,99.9193,-1.66545,100.97,111.706,6.9762,19.1521,73.1396,-3.3933,-5.8859,95.3044,11.5813,61.5281,65.7591,-8.91227,-8.35989,
-11.7869,26.7797,-16.4018,-7.38052,99.9193,-1.66545,100.97,111.706,6.9762,19.1521,73.1396,-3.3933,-5.8859,95.3044,11.5813,61.5281,65.7591,-8.91227,-8.35989,
-11.2608,28.5846,-13.2187,-26.1378,100.445,-1.70161,101.688,111.706,6.9762,19.1521,71.8609,-3.98196,-5.74986,98.4875,10.0963,62.1373,45.7231,-15.6079,-1.50492,
-11.2608,28.5846,-13.2187,-26.1378,100.445,-1.70161,101.688,111.706,6.9762,19.1521,71.8609,-3.98196,-5.74986,98.4875,10.0963,62.1373,45.7231,-15.6079,-1.50492,
-10.7191,33.5393,-5.6302,-17.5504,100.399,-1.83647,102.057,111.118,6.28481,20.6489,66.8596,-7.71821,-5.83931,105.488,6.95178,61.8368,49.3092,-16.6445,-2.0839,
-10.7191,33.5393,-5.6302,-17.5504,100.399,-1.83647,102.057,111.118,6.28481,20.6489,66.8596,-7.71821,-5.83931,105.488,6.95178,61.8368,49.3092,-16.6445,-2.0839,
-10.24,22.8119,-2.15991,-27.9782,100.099,-2.09753,102.671,110.339,6.23206,21.0763,77.2874,-7.60092,-5.48201,108.179,5.82289,61.5793,49.3092,-16.6445,-2.0839,
-10.24,22.8119,-2.15991,-27.9782,100.099,-2.09753,102.671,110.339,6.23206,21.0763,77.2874,-7.60092,-5.48201,108.179,5.82289,61.5793,49.3092,-16.6445,-2.0839,
-8.01101,18.9294,2.79189,-29.5219,100.157,-2.23811,103.028,108.168,6.29733,20.8985,81.2272,-6.41886,-6.92294,110.96,4.51984,61.7073,51.7053,-16.2825,-2.20731,
-8.01101,18.9294,2.79189,-29.5219,100.157,-2.23811,103.028,108.168,6.29733,20.8985,81.2272,-6.41886,-6.92294,110.96,4.51984,61.7073,51.7053,-16.2825,-2.20731,
0.0224003,18.8423,13.6766,-23.9279,100.07,-2.25446,103.109,100.047,5.04669,16.5308,81.2272,-6.41886,-6.92294,113.724,2.64164,62.4149,57.2993,-14.3624,-2.81371,
0.0224003,18.8423,13.6766,-23.9279,100.07,-2.25446,103.109,100.047,5.04669,16.5308,81.2272,-6.41886,-6.92294,113.724,2.64164,62.4149,57.2993,-14.3624,-2.81371,
4.11052,18.427,23.5389,-21.0853,99.6542,-1.97856,101.926,95.5437,3.3399,18.5718,81.2272,-6.41886,-6.92294,119.083,-3.71837,67.413,60.1419,-14.8443,-3.84192,
4.11052,18.427,23.5389,-21.0853,99.6542,-1.97856,101.926,95.5437,3.3399,18.5718,81.2272,-6.41886,-6.92294,119.083,-3.71837,67.413,60.1419,-14.8443,-3.84192,
5.55893,13.9057,33.2421,-23.3657,99.4544,-1.68627,100.889,93.8955,3.41954,22.1605,85.5487,-6.18625,-5.96706,127.138,-8.81132,68.985,62.1829,-14.2325,-3.43483,
5.55893,13.9057,33.2421,-23.3657,99.4544,-1.68627,100.889,93.8955,3.41954,22.1605,85.5487,-6.18625,-5.96706,127.138,-8.81132,68.985,62.1829,-14.2325,-3.43483,
7.86559,6.93048,37.5374,-25.4337,99.6651,-1.15555,98.6391,91.7995,4.14241,23.2064,92.7346,-6.74835,-9.62832,129.337,-9.84663,67.7063,67.3009,-12.0487,-4.22023,
7.86559,6.93048,37.5374,-25.4337,99.6651,-1.15555,98.6391,91.7995,4.14241,23.2064,92.7346,-6.74835,-9.62832,129.337,-9.84663,67.7063,67.3009,-12.0487,-4.22023,
12.8557,6.64099,41.1518,-22.6387,99.3756,-0.529172,97.4554,86.5199,5.08967,18.2899,92.7346,-6.74835,-9.62832,127.672,-9.09921,66.5995,70.0959,-12.454,-5.74617,
12.8557,6.64099,41.1518,-22.6387,99.3756,-0.529172,97.4554,86.5199,5.08967,18.2899,92.7346,-6.74835,-9.62832,127.672,-9.09921,66.5995,70.0959,-12.454,-5.74617,
16.9161,0.899251,44.3632,-25.9525,97.874,-0.46629,97.4778,80.9579,5.61169,14.8269,96.9748,-7.37857,-12.3695,125.321,-8.40147,66.8047,71.0223,-11.9392,-5.25204,
16.9161,0.899251,44.3632,-25.9525,97.874,-0.46629,97.4778,80.9579,5.61169,14.8269,96.9748,-7.37857,-12.3695,125.321,-8.40147,66.8047,71.0223,-11.9392,-5.25204,
20.3574,-0.907797,42.5636,-26.822,96.9365,-0.998607,97.8654,76.579,6.60834,14.3176,97.8443,-6.74119,-12.7756,119.143,-4.77329,66.1072,71.0223,-11.9392,-5.25204,
20.3574,-0.907797,42.5636,-26.822,96.9365,-0.998607,97.8654,76.579,6.60834,14.3176,97.8443,-6.74119,-12.7756,119.143,-4.77329,66.1072,71.0223,-11.9392,-5.25204,
20.7294,-1.52801,42.5636,-24.0727,97.3084,-1.10327,97.6406,76.579,6.60834,14.3176,98.8364,-6.3894,-13.1645,119.143,-4.77329,66.1072,74.7637,-10.2806,-5.69563,
20.7294,-1.52801,42.5636,-24.0727,97.3084,-1.10327,97.6406,76.579,6.60834,14.3176,98.8364,-6.3894,-13.1645,119.143,-4.77329,66.1072,74.7637,-10.2806,-5.69563,
20.8916,-1.36582,28.0015,-21.2468,97.4706,-1.1092,97.6217,76.579,6.60834,14.3176,98.8364,-6.3894,-13.1645,104.581,2.02965,64.6427,77.5896,-9.13256,-6.18821,
20.8916,-1.36582,28.0015,-21.2468,97.4706,-1.1092,97.6217,76.579,6.60834,14.3176,98.8364,-6.3894,-13.1645,104.581,2.02965,64.6427,77.5896,-9.13256,-6.18821,
22.4589,-7.29787,24.7573,-24.585,96.3648,-1.50957,97.0591,73.9059,6.50102,10.3481,103.663,-5.01752,-15.8177,98.6632,4.24228,64.7857,79.0777,-8.56617,-6.45874,
22.4589,-7.29787,24.7573,-24.585,96.3648,-1.50957,97.0591,73.9059,6.50102,10.3481,103.663,-5.01752,-15.8177,98.6632,4.24228,64.7857,79.0777,-8.56617,-6.45874,
20.6294,-10.2676,11.704,-26.3994,95.2094,-2.22139,96.395,74.58,5.50005,8.97963,105.477,-4.59946,-16.8002,86.284,9.62079,66.2551,79.0777,-8.56617,-6.45874,
20.6294,-10.2676,11.704,-26.3994,95.2094,-2.22139,96.395,74.58,5.50005,8.97963,105.477,-4.59946,-16.8002,86.284,9.62079,66.2551,79.0777,-8.56617,-6.45874,
21.1807,-11.2654,11.704,-22.5623,95.7607,-3.24142,95.4111,74.58,5.50005,8.97963,107.026,-4.3067,-17.2966,86.284,9.62079,66.2551,84.4638,-6.49355,-7.92752,
21.1807,-11.2654,11.704,-22.5623,95.7607,-3.24142,95.4111,74.58,5.50005,8.97963,107.026,-4.3067,-17.2966,86.284,9.62079,66.2551,84.4638,-6.49355,-7.92752,
18.3045,-10.5204,-9.99628,-21.3312,96.5057,-3.49123,95.4391,78.2011,6.1275,10.2615,107.026,-4.3067,-17.2966,68.2048,19.1175,63.7569,85.6948,-5.90417,-8.32951,
18.3045,-10.5204,-9.99628,-21.3312,96.5057,-3.49123,95.4391,78.2011,6.1275,10.2615,107.026,-4.3067,-17.2966,68.2048,19.1175,63.7569,85.6948,-5.90417,-8.32951,
21.2319,-12.8657,-12.8198,-22.6147,96.7769,-3.4337,95.593,75.5449,6.78758,9.79731,109.643,-3.19458,-17.6738,62.7251,20.9781,61.5422,87.0279,-5.31202,-8.74249,
21.2319,-12.8657,-12.8198,-22.6147,96.7769,-3.4337,95.593,75.5449,6.78758,9.79731,109.643,-3.19458,-17.6738,62.7251,20.9781,61.5422,87.0279,-5.31202,-8.74249,
21.2319,-12.8657,-16.7748,-22.6147,96.7769,-3.4337,95.593,75.5449,6.78758,9.79731,109.643,-3.19458,-17.6738,58.7701,22.1228,59.5342,87.0279,-5.31202,-8.74249,
21.2319,-12.8657,-16.7748,-22.6147,96.7769,-3.4337,95.593,75.5449,6.78758,9.79731,109.643,-3.19458,-17.6738,58.7701,22.1228,59.5342,87.0279,-5.31202,-8.74249,
25.6512,-13.0785,-14.79,-17.3926,96.8939,-3.41991,95.8208,71.2427,8.88378,8.30762,109.972,-2.55293,-18.3808,56.4527,21.9049,57.1474,92.5798,-2.7323,-9.19142,
25.6512,-13.0785,-14.79,-17.3926,96.8939,-3.41991,95.8208,71.2427,8.88378,8.30762,109.972,-2.55293,-18.3808,56.4527,21.9049,57.1474,92.5798,-2.7323,-9.19142,
15.6132,-10.1048,-18.6375,-9.96592,97.241,-3.16681,96.1337,81.6279,8.22613,7.80315,107.346,-1.98154,-19.4537,62.9903,21.9159,58.8265,97.3799,-0.358649,-10.0726,
15.6132,-10.1048,-18.6375,-9.96592,97.241,-3.16681,96.1337,81.6279,8.22613,7.80315,107.346,-1.98154,-19.4537,62.9903,21.9159,58.8265,97.3799,-0.358649,-10.0726,
11.2621,-2.0977,-17.9184,0.491098,97.3501,-2.74257,96.1503,86.088,7.99766,9.55215,99.4478,-1.51812,-17.8382,68.1696,18.6156,60.7655,99.9389,1.12058,-11.1883,
11.2621,-2.0977,-17.9184,0.491098,97.3501,-2.74257,96.1503,86.088,7.99766,9.55215,99.4478,-1.51812,-17.8382,68.1696,18.6156,60.7655,99.9389,1.12058,-11.1883,
11.5968,2.21861,-14.4356,4.47272,97.6848,-2.58547,95.7772,86.088,7.99766,9.55215,95.4662,-0.892327,-17.873,71.6524,18.4054,63.3344,99.9389,1.12058,-11.1883,
11.5968,2.21861,-14.4356,4.47272,97.6848,-2.58547,95.7772,86.088,7.99766,9.55215,95.4662,-0.892327,-17.873,71.6524,18.4054,63.3344,99.9389,1.12058,-11.1883,
10.7001,3.55541,-14.8,16.9767,97.1525,-3.53549,97.2507,86.4524,7.16567,6.86813,93.5971,-0.432864,-19.3506,71.6524,18.4054,63.3344,110.574,10.0392,-21.3551,
10.7001,3.55541,-14.8,16.9767,97.1525,-3.53549,97.2507,86.4524,7.16567,6.86813,93.5971,-0.432864,-19.3506,71.6524,18.4054,63.3344,110.574,10.0392,-21.3551,
12.8176,2.35728,-6.7252,19.8135,95.9544,-3.98578,96.8531,83.1368,6.13072,6.52732,93.5971,-0.432864,-19.3506,76.4116,18.3701,64.7795,113.411,11.8597,-22.6406,
12.8176,2.35728,-6.7252,19.8135,95.9544,-3.98578,96.8531,83.1368,6.13072,6.52732,93.5971,-0.432864,-19.3506,76.4116,18.3701,64.7795,113.411,11.8597,-22.6406,
1.53421,7.07175,-15.7595,25.7951,96.6929,-3.86857,96.0134,95.1587,9.60399,9.7091,89.6212,-2.47033,-26.8198,79.3992,17.0306,63.7906,115.416,12.8004,-22.4764,
1.53421,7.07175,-15.7595,25.7951,96.6929,-3.86857,96.0134,95.1587,9.60399,9.7091,89.6212,-2.47033,-26.8198,79.3992,17.0306,63.7906,115.416,12.8004,-22.4764,
0.125817,12.8819,-15.5855,30.6658,97.4996,-4.21762,95.8803,97.3738,9.8201,12.2326,84.6178,-4.03226,-22.9208,81.7883,16.6876,65.1797,115.284,12.7545,-22.2678,
0.125817,12.8819,-15.5855,30.6658,97.4996,-4.21762,95.8803,97.3738,9.8201,12.2326,84.6178,-4.03226,-22.9208,81.7883,16.6876,65.1797,115.284,12.7545,-22.2678,
-0.345282,15.5567,-14.6057,29.8898,97.0285,-5.55854,96.4315,97.3738,9.8201,12.2326,81.4719,-4.60557,-20.7494,82.7681,16.4783,65.4248,111.362,10.8161,-20.9525,
-0.345282,15.5567,-14.6057,29.8898,97.0285,-5.55854,96.4315,97.3738,9.8201,12.2326,81.4719,-4.60557,-20.7494,82.7681,16.4783,65.4248,111.362,10.8161,-20.9525,
-2.39733,22.6263,-13.7052,31.4989,97.0679,-5.6221,95.9662,99.4652,8.56422,12.2616,74.4416,-7.38838,-18.1396,85.7601,15.5718,65.8951,105.941,7.24312,-17.2396,
-2.39733,22.6263,-13.7052,31.4989,97.0679,-5.6221,95.9662,99.4652,8.56422,12.2616,74.4416,-7.38838,-18.1396,85.7601,15.5718,65.8951,105.941,7.24312,-17.2396,
-3.17765,24.5769,-13.7126,33.1186,97.3988,-5.36265,95.3759,100.576,8.21987,12.8285,72.8219,-9.0954,-15.3805,86.8639,14.8864,65.8748,105.941,7.24312,-17.2396,
-3.17765,24.5769,-13.7126,33.1186,97.3988,-5.36265,95.3759,100.576,8.21987,12.8285,72.8219,-9.0954,-15.3805,86.8639,14.8864,65.8748,105.941,7.24312,-17.2396,
-4.10354,26.1698,-13.5166,26.1803,97.5234,-4.83664,95.0353,101.627,7.96115,13.4239,71.3536,-9.0833,-12.9912,88.1103,14.1807,65.8026,97.534,3.11612,-11.9886,
-4.10354,26.1698,-13.5166,26.1803,97.5234,-4.83664,95.0353,101.627,7.96115,13.4239,71.3536,-9.0833,-12.9912,88.1103,14.1807,65.8026,97.534,3.11612,-11.9886,
-4.10354,26.1698,-12.1913,26.1803,97.5234,-4.83664,95.0353,101.627,7.96115,13.4239,71.3536,-9.0833,-12.9912,89.4356,13.5544,65.7521,97.534,3.11612,-11.9886,
-4.10354,26.1698,-12.1913,26.1803,97.5234,-4.83664,95.0353,101.627,7.96115,13.4239,71.3536,-9.0833,-12.9912,89.4356,13.5544,65.7521,97.534,3.11612,-11.9886,
-10.1845,27.2593,-14.1596,9.97909,97.4054,-4.26607,95.4875,107.59,7.40072,18.4406,70.1461,-7.42177,-9.27718,93.4303,11.4134,65.3229,80.1252,-2.18985,-7.02788,
-10.1845,27.2593,-14.1596,9.97909,97.4054,-4.26607,95.4875,107.59,7.40072,18.4406,70.1461,-7.42177,-9.27718,93.4303,11.4134,65.3229,80.1252,-2.18985,-7.02788,
-11.4234,25.4786,-12.5001,1.90797,97.2173,-4.12772,96.4233,108.641,7.16527,18.8208,71.7388,-4.63883,-6.88691,96.1405,10.1365,64.6448,73.6467,-4.27267,-6.38322,
-11.4234,25.4786,-12.5001,1.90797,97.2173,-4.12772,96.4233,108.641,7.16527,18.8208,71.7388,-4.63883,-6.88691,96.1405,10.1365,64.6448,73.6467,-4.27267,-6.38322,
-11.9129,24.7822,-13.3467,-23.6226,97.5743,-3.79792,97.5461,109.487,6.86696,19.3094,72.7921,-4.20571,-5.87671,96.1405,10.1365,64.6448,49.1695,-12.1866,-0.16615,
-11.9129,24.7822,-13.3467,-23.6226,97.5743,-3.79792,97.5461,109.487,6.86696,19.3094,72.7921,-4.20571,-5.87671,96.1405,10.1365,64.6448,49.1695,-12.1866,-0.16615,
-12.098,25.4349,-14.1845,-27.9574,98.2271,-3.48074,97.9221,110.325,6.619,19.888,72.7921,-4.20571,-5.87671,96.1405,10.1365,64.6448,44.8347,-12.553,1.50659,
-12.098,25.4349,-14.1845,-27.9574,98.2271,-3.48074,97.9221,110.325,6.619,19.888,72.7921,-4.20571,-5.87671,96.1405,10.1365,64.6448,44.8347,-12.553,1.50659,
-11.9476,29.4607,-11.669,-26.7403,98.7109,-2.82615,98.5651,110.659,6.01976,21.0684,69.2502,-4.33675,-4.09572,98.9896,8.77855,64.2958,42.51,-13.4898,1.86645,
-11.9476,29.4607,-11.669,-26.7403,98.7109,-2.82615,98.5651,110.659,6.01976,21.0684,69.2502,-4.33675,-4.09572,98.9896,8.77855,64.2958,42.51,-13.4898,1.86645,
-12.0302,33.907,-8.05709,-22.2113,98.6283,-2.82734,98.9448,110.659,6.01976,21.0684,64.7213,-6.80043,-2.18807,102.601,6.97918,63.7904,42.51,-13.4898,1.86645,
-12.0302,33.907,-8.05709,-22.2113,98.6283,-2.82734,98.9448,110.659,6.01976,21.0684,64.7213,-6.80043,-2.18807,102.601,6.97918,63.7904,42.51,-13.4898,1.86645,
-11.2368,28.2359,-5.6675,-23.6045,99.1924,-3.06306,100.751,110.429,5.95313,21.528,70.9565,-6.70829,-3.5679,104.762,6.01504,63.4442,47.352,-14.6527,-0.0468592,
-11.2368,28.2359,-5.6675,-23.6045,99.1924,-3.06306,100.751,110.429,5.95313,21.528,70.9565,-6.70829,-3.5679,104.762,6.01504,63.4442,47.352,-14.6527,-0.0468592,
-6.61957,28.2927,1.25398,-16.9601,99.2492,-3.30002,101.796,105.869,5.79049,21.178,70.9565,-6.70829,-3.5679,107.123,5.01979,63.0502,53.9964,-16.6607,-5.31496,
-6.61957,28.2927,1.25398,-16.9601,99.2492,-3.30002,101.796,105.869,5.79049,21.178,70.9565,-6.70829,-3.5679,107.123,5.01979,63.0502,53.9964,-16.6607,-5.31496,
0.740206,18.2513,16.6317,-26.8289,99.0765,-4.13916,103.058,98.3363,4.33352,17.6356,80.8252,-5.97057,-9.1088,114.968,0.750356,64.1279,53.9964,-16.6607,-5.31496,
0.740206,18.2513,16.6317,-26.8289,99.0765,-4.13916,103.058,98.3363,4.33352,17.6356,80.8252,-5.97057,-9.1088,114.968,0.750356,64.1279,53.9964,-16.6607,-5.31496,
4.77053,19.9609,28.4899,-23.3447,99.7843,-4.52897,103.591,95.0138,2.73184,23.0564,79.8234,-4.15394,-2.37099,123.504,-8.77166,70.4798,56.4787,-15.1632,-5.71106,
4.77053,19.9609,28.4899,-23.3447,99.7843,-4.52897,103.591,95.0138,2.73184,23.0564,79.8234,-4.15394,-2.37099,123.504,-8.77166,70.4798,56.4787,-15.1632,-5.71106,
3.82802,19.7343,28.4899,-14.599,98.8418,-4.36971,103.676,95.0138,2.73184,23.0564,79.1075,-4.98851,-3.36965,123.504,-8.77166,70.4798,64.5085,-13.9345,-6.54756,
3.82802,19.7343,28.4899,-14.599,98.8418,-4.36971,103.676,95.0138,2.73184,23.0564,79.1075,-4.98851,-3.36965,123.504,-8.77166,70.4798,64.5085,-13.9345,-6.54756,
11.6133,20.1289,42.3252,-13.3859,99.2364,-4.47459,103.432,87.6231,4.97399,22.4137,79.1075,-4.98851,-3.36965,129.948,-13.0672,69.6228,65.7216,-13.516,-7.31723,
11.6133,20.1289,42.3252,-13.3859,99.2364,-4.47459,103.432,87.6231,4.97399,22.4137,79.1075,-4.98851,-3.36965,129.948,-13.0672,69.6228,65.7216,-13.516,-7.31723,
14.9352,9.65445,45.2935,-22.9317,99.7661,-4.24347,103.188,84.8309,5.25363,19.8105,90.1116,-5.49002,-8.33314,130.124,-12.8683,69.3804,67.18,-13.8007,-9.07966,
14.9352,9.65445,45.2935,-22.9317,99.7661,-4.24347,103.188,84.8309,5.25363,19.8105,90.1116,-5.49002,-8.33314,130.124,-12.8683,69.3804,67.18,-13.8007,-9.07966,
17.1047,7.50274,44.1033,-25.213,99.8957,-3.41368,102.132,82.791,5.76182,18.3005,92.3929,-7.63471,-10.7016,126.894,-10.1907,68.011,67.18,-13.8007,-9.07966,
17.1047,7.50274,44.1033,-25.213,99.8957,-3.41368,102.132,82.791,5.76182,18.3005,92.3929,-7.63471,-10.7016,126.894,-10.1907,68.011,67.18,-13.8007,-9.07966,
15.9796,4.97617,44.1033,-22.036,98.7705,-3.30446,101.47,82.791,5.76182,18.3005,93.7944,-6.95096,-11.4942,126.894,-10.1907,68.011,71.7583,-12.8196,-10.9039,
15.9796,4.97617,44.1033,-22.036,98.7705,-3.30446,101.47,82.791,5.76182,18.3005,93.7944,-6.95096,-11.4942,126.894,-10.1907,68.011,71.7583,-12.8196,-10.9039,
17.0228,4.03723,37.5826,-20.6658,97.8316,-3.90602,100.451,80.8088,7.09461,16.5912,93.7944,-6.95096,-11.4942,118.391,-4.17714,64.0629,73.1285,-12.3403,-11.3552,
17.0228,4.03723,37.5826,-20.6658,97.8316,-3.90602,100.451,80.8088,7.09461,16.5912,93.7944,-6.95096,-11.4942,118.391,-4.17714,64.0629,73.1285,-12.3403,-11.3552,
19.2984,0.0802345,31.3489,-22.5937,97.1672,-4.10399,100.193,77.8688,9.25604,13.0286,97.0869,-5.7153,-14.1085,109.218,0.259032,61.5013,74.4932,-11.5228,-11.2939,
19.2984,0.0802345,31.3489,-22.5937,97.1672,-4.10399,100.193,77.8688,9.25604,13.0286,97.0869,-5.7153,-14.1085,109.218,0.259032,61.5013,74.4932,-11.5228,-11.2939,
20.2158,-2.6545,27.4106,-21.8881,96.658,-4.18869,99.8758,76.4422,9.01065,10.1695,99.3125,-5.38488,-16.0146,103.853,2.29183,60.9245,77.4244,-10.1295,-11.5125,
20.2158,-2.6545,27.4106,-21.8881,96.658,-4.18869,99.8758,76.4422,9.01065,10.1695,99.3125,-5.38488,-16.0146,103.853,2.29183,60.9245,77.4244,-10.1295,-11.5125,
20.0228,-2.84752,27.4106,-21.8881,96.465,-4.25092,99.5993,76.4422,9.01065,10.1695,99.3125,-5.38488,-16.0146,103.853,2.29183,60.9245,77.4244,-10.1295,-11.5125,
20.0228,-2.84752,27.4106,-21.8881,96.465,-4.25092,99.5993,76.4422,9.01065,10.1695,99.3125,-5.38488,-16.0146,103.853,2.29183,60.9245,77.4244,-10.1295,-11.5125,
21.8398,-4.60483,12.4965,-19.3018,96.2451,-4.85557,97.843,74.4053,6.22036,2.9736,100.85,-4.95057,-17.4267,86.9018,9.81615,61.2353,81.5481,-8.21514,-12.2605,
21.8398,-4.60483,12.4965,-19.3018,96.2451,-4.85557,97.843,74.4053,6.22036,2.9736,100.85,-4.95057,-17.4267,86.9018,9.81615,61.2353,81.5481,-8.21514,-12.2605,
21.3366,-4.14812,0.358008,-18.0311,96.7018,-5.43562,96.1127,75.3652,6.59252,4.62112,100.85,-4.95057,-17.4267,75.7232,16.5697,61.7214,82.8188,-7.7045,-12.5956,
21.3366,-4.14812,0.358008,-18.0311,96.7018,-5.43562,96.1127,75.3652,6.59252,4.62112,100.85,-4.95057,-17.4267,75.7232,16.5697,61.7214,82.8188,-7.7045,-12.5956,
20.9415,-6.79098,-5.57145,-18.7772,97.0946,-5.62691,94.8835,76.1531,7.4206,6.74937,103.886,-4.19367,-19.5598,70.5817,19.897,61.4127,85.1084,-6.54061,-13.3525,
20.9415,-6.79098,-5.57145,-18.7772,97.0946,-5.62691,94.8835,76.1531,7.4206,6.74937,103.886,-4.19367,-19.5598,70.5817,19.897,61.4127,85.1084,-6.54061,-13.3525,
22.5321,-9.83665,-8.8626,-19.7209,97.5713,-5.55895,94.0072,75.0392,10.3794,9.41742,107.408,-3.08112,-21.1903,66.1766,22.6903,61.4689,87.687,-5.32269,-14.0502,
22.5321,-9.83665,-8.8626,-19.7209,97.5713,-5.55895,94.0072,75.0392,10.3794,9.41742,107.408,-3.08112,-21.1903,66.1766,22.6903,61.4689,87.687,-5.32269,-14.0502,
24.1914,-10.055,-10.1872,-16.7645,97.9669,-5.47592,93.7556,73.7755,13.2925,9.75489,108.022,-2.35519,-20.7784,63.5883,25.8857,62.7705,91.2574,-3.48306,-14.1176,
24.1914,-10.055,-10.1872,-16.7645,97.9669,-5.47592,93.7556,73.7755,13.2925,9.75489,108.022,-2.35519,-20.7784,63.5883,25.8857,62.7705,91.2574,-3.48306,-14.1176,
25.6973,-8.68773,-4.78724,-15.7894,98.359,-5.38658,93.7254,72.6617,16.1567,7.44166,107.047,-1.99878,-20.8915,67.8744,25.143,65.1639,91.2574,-3.48306,-14.1176,
25.6973,-8.68773,-4.78724,-15.7894,98.359,-5.38658,93.7254,72.6617,16.1567,7.44166,107.047,-1.99878,-20.8915,67.8744,25.143,65.1639,91.2574,-3.48306,-14.1176,
23.8572,-2.16448,-7.23095,-5.23319,98.9626,-5.08783,93.8603,75.1054,15.7753,8.16076,101.127,-1.48332,-19.8435,67.8744,25.143,65.1639,95.8939,-1.05964,-14.9285,
23.8572,-2.16448,-7.23095,-5.23319,98.9626,-5.08783,93.8603,75.1054,15.7753,8.16076,101.127,-1.48332,-19.8435,67.8744,25.143,65.1639,95.8939,-1.05964,-14.9285,
24.1526,-1.86909,-3.20036,1.61857,99.258,-4.75926,94.0525,75.1054,15.7753,8.16076,101.127,-1.48332,-19.8435,71.905,22.7381,63.7775,102.746,4.4011,-20.2038,
24.1526,-1.86909,-3.20036,1.61857,99.258,-4.75926,94.0525,75.1054,15.7753,8.16076,101.127,-1.48332,-19.8435,71.905,22.7381,63.7775,102.746,4.4011,-20.2038,
12.7455,6.04012,-9.71207,12.2647,99.5302,-4.53117,94.3522,86.7847,12.4408,7.1509,93.4901,-0.0396581,-19.5583,77.0727,20.902,66.1363,105.755,6.70312,-22.5181,
12.7455,6.04012,-9.71207,12.2647,99.5302,-4.53117,94.3522,86.7847,12.4408,7.1509,93.4901,-0.0396581,-19.5583,77.0727,20.902,66.1363,105.755,6.70312,-22.5181,
15.9769,9.46655,-2.41862,15.44,99.7813,-4.32121,94.5439,83.8044,10.1477,2.1741,90.3148,-0.2722,-29.2583,81.3858,19.8917,66.1661,105.755,6.70312,-22.5181,
15.9769,9.46655,-2.41862,15.44,99.7813,-4.32121,94.5439,83.8044,10.1477,2.1741,90.3148,-0.2722,-29.2583,81.3858,19.8917,66.1661,105.755,6.70312,-22.5181,
16.2056,9.94477,-2.19562,22.65,99.7871,-4.21709,94.5294,83.5814,10.7791,3.56776,89.8423,-2.24384,-29.7733,81.3858,19.8917,66.1661,112.492,11.5728,-24.8231,
16.2056,9.94477,-2.19562,22.65,99.7871,-4.21709,94.5294,83.5814,10.7791,3.56776,89.8423,-2.24384,-29.7733,81.3858,19.8917,66.1661,112.492,11.5728,-24.8231,
2.54301,9.43357,-11.8777,26.1006,99.2759,-3.96255,95.0002,96.7329,13.7986,9.01641,89.8423,-2.24384,-29.7733,84.8552,17.9313,65.849,115.943,12.9618,-21.2727,
2.54301,9.43357,-11.8777,26.1006,99.2759,-3.96255,95.0002,96.7329,13.7986,9.01641,89.8423,-2.24384,-29.7733,84.8552,17.9313,65.849,115.943,12.9618,-21.2727,
2.23247,9.12303,-10.8977,26.1006,98.9653,-3.92356,95.2707,96.7329,13.7986,9.01641,89.8423,-2.24384,-29.7733,85.8351,18.0038,66.6698,115.943,12.9618,-21.2727,
2.23247,9.12303,-10.8977,26.1006,98.9653,-3.92356,95.2707,96.7329,13.7986,9.01641,89.8423,-2.24384,-29.7733,85.8351,18.0038,66.6698,115.943,12.9618,-21.2727,
-1.58977,13.2339,-12.4486,30.1177,98.2814,-4.00917,95.2288,99.8711,14.7448,13.2573,85.0475,-3.66434,-23.7603,87.4225,17.9005,66.9402,115.165,12.8157,-18.967,
-1.58977,13.2339,-12.4486,30.1177,98.2814,-4.00917,95.2288,99.8711,14.7448,13.2573,85.0475,-3.66434,-23.7603,87.4225,17.9005,66.9402,115.165,12.8157,-18.967,
-1.37327,19.1394,-12.4486,32.2527,98.4979,-4.69045,94.8026,99.8711,14.7448,13.2573,79.3584,-4.43352,-17.391,87.4225,17.9005,66.9402,111.611,11.9454,-14.0365,
-1.37327,19.1394,-12.4486,32.2527,98.4979,-4.69045,94.8026,99.8711,14.7448,13.2573,79.3584,-4.43352,-17.391,87.4225,17.9005,66.9402,111.611,11.9454,-14.0365,
-3.44788,23.4428,-11.5944,25.4684,98.3617,-5.57069,96.2411,101.81,13.7936,15.0502,74.9189,-5.82861,-13.3657,90.2152,16.7934,67.028,100.387,10.3312,-6.26119,
-3.44788,23.4428,-11.5944,25.4684,98.3617,-5.57069,96.2411,101.81,13.7936,15.0502,74.9189,-5.82861,-13.3657,90.2152,16.7934,67.028,100.387,10.3312,-6.26119,
-5.10754,26.677,-11.7452,24.0938,98.0533,-5.39032,97.7063,103.161,13.4076,16.6641,71.3763,-6.91722,-8.51877,91.4156,16.2243,66.8198,95.4701,9.44526,-3.95274,
-5.10754,26.677,-11.7452,24.0938,98.0533,-5.39032,97.7063,103.161,13.4076,16.6641,71.3763,-6.91722,-8.51877,91.4156,16.2243,66.8198,95.4701,9.44526,-3.95274,
-8.04656,26.4535,-11.9003,24.0938,97.8298,-5.23653,98.5553,105.876,13.089,20.7003,71.3763,-6.91722,-8.51877,93.976,15.1424,66.7487,95.4701,9.44526,-3.95274,
-8.04656,26.4535,-11.9003,24.0938,97.8298,-5.23653,98.5553,105.876,13.089,20.7003,71.3763,-6.91722,-8.51877,93.976,15.1424,66.7487,95.4701,9.44526,-3.95274,
-8.13211,26.3679,-11.9003,12.5184,97.7442,-5.1887,99.2768,105.876,13.089,20.7003,71.3763,-6.91722,-8.51877,93.976,15.1424,66.7487,83.8947,7.06502,0.239379,
-8.13211,26.3679,-11.9003,12.5184,97.7442,-5.1887,99.2768,105.876,13.089,20.7003,71.3763,-6.91722,-8.51877,93.976,15.1424,66.7487,83.8947,7.06502,0.239379,
-8.57631,30.4947,-10.5756,-2.21038,97.3,-5.11347,102.307,105.876,13.089,20.7003,66.8053,-2.03445,3.86494,95.3007,14.605,66.6339,64.5949,-0.603774,2.32697,
-8.57631,30.4947,-10.5756,-2.21038,97.3,-5.11347,102.307,105.876,13.089,20.7003,66.8053,-2.03445,3.86494,95.3007,14.605,66.6339,64.5949,-0.603774,2.32697,
-10.4447,31.0024,-9.03465,-8.09901,97.9262,-4.63244,105.02,108.371,12.9255,23.3866,66.9238,1.61096,6.59327,99.3363,13.0745,66.9021,58.8248,-3.63575,4.0876,
-10.4447,31.0024,-9.03465,-8.09901,97.9262,-4.63244,105.02,108.371,12.9255,23.3866,66.9238,1.61096,6.59327,99.3363,13.0745,66.9021,58.8248,-3.63575,4.0876,
-11.8905,30.6213,-8.16092,-9.01426,98.4604,-4.33205,107.157,110.351,12.0376,26.0642,67.8391,3.65522,8.87909,102.19,11.9371,67.536,58.8248,-3.63575,4.0876,
-11.8905,30.6213,-8.16092,-9.01426,98.4604,-4.33205,107.157,110.351,12.0376,26.0642,67.8391,3.65522,8.87909,102.19,11.9371,67.536,58.8248,-3.63575,4.0876,
-11.681,32.4135,-8.08114,-18.9103,98.5902,-4.34816,109.215,110.271,11.9392,26.4765,66.1767,3.58949,9.16424,102.19,11.9371,67.536,47.2663,-8.71504,8.81603,
-11.681,32.4135,-8.08114,-18.9103,98.5902,-4.34816,109.215,110.271,11.9392,26.4765,66.1767,3.58949,9.16424,102.19,11.9371,67.536,47.2663,-8.71504,8.81603,
-11.4736,35.1133,0.216257,-13.3791,98.8449,-4.56283,112.851,110.318,10.754,29.9671,63.7316,1.76507,8.09371,110.535,8.61237,68.1625,50.3526,-8.5105,8.35935,
-11.4736,35.1133,0.216257,-13.3791,98.8449,-4.56283,112.851,110.318,10.754,29.9671,63.7316,1.76507,8.09371,110.535,8.61237,68.1625,50.3526,-8.5105,8.35935,
-9.54413,36.3175,4.55846,-10.225,98.9015,-4.65768,113.28,108.446,10.3952,30.268,62.584,-2.631,8.76858,113.004,7.5679,68.6467,52.359,-9.22168,7.18101,
-9.54413,36.3175,4.55846,-10.225,98.9015,-4.65768,113.28,108.446,10.3952,30.268,62.584,-2.631,8.76858,113.004,7.5679,68.6467,52.359,-9.22168,7.18101,
-6.61711,27.6092,7.48547,-18.9333,98.9015,-4.65768,113.28,105.519,9.89931,29.4728,71.2923,-3.85971,5.96026,113.004,7.5679,68.6467,52.359,-9.22168,7.18101,
-6.61711,27.6092,7.48547,-18.9333,98.9015,-4.65768,113.28,105.519,9.89931,29.4728,71.2923,-3.85971,5.96026,113.004,7.5679,68.6467,52.359,-9.22168,7.18101,
0.112872,20.0604,19.4081,-20.8749,98.5835,-5.05003,115.072,98.4706,7.93225,28.3844,78.5231,-1.73707,6.33199,117.879,3.95487,71.6281,57.6482,-5.92817,8.52967,
0.112872,20.0604,19.4081,-20.8749,98.5835,-5.05003,115.072,98.4706,7.93225,28.3844,78.5231,-1.73707,6.33199,117.879,3.95487,71.6281,57.6482,-5.92817,8.52967,
0.326426,22.458,24.6455,-13.8139,98.797,-5.21277,116.487,98.4706,7.93225,28.3844,76.339,0.624672,12.6604,123.116,-2.59243,77.6996,62.5251,-6.23725,8.30243,
0.326426,22.458,24.6455,-13.8139,98.797,-5.21277,116.487,98.4706,7.93225,28.3844,76.339,0.624672,12.6604,123.116,-2.59243,77.6996,62.5251,-6.23725,8.30243,
5.19612,15.5226,35.3535,-19.0915,99.0161,-5.35816,117.337,93.82,6.31852,38.7828,83.4935,-0.782751,10.6355,129.173,-8.1906,81.566,64.4019,-5.68996,9.1522,
5.19612,15.5226,35.3535,-19.0915,99.0161,-5.35816,117.337,93.82,6.31852,38.7828,83.4935,-0.782751,10.6355,129.173,-8.1906,81.566,64.4019,-5.68996,9.1522,
6.13511,15.5226,37.1532,-16.2483,99.0161,-5.35816,117.337,92.881,7.03489,39.4416,83.4935,-0.782751,10.6355,130.034,-9.30113,82.0774,67.2452,-4.75955,8.71085,
6.13511,15.5226,37.1532,-16.2483,99.0161,-5.35816,117.337,92.881,7.03489,39.4416,83.4935,-0.782751,10.6355,130.034,-9.30113,82.0774,67.2452,-4.75955,8.71085,
11.699,12.5861,43.6629,-16.4675,99.0161,-5.35816,117.337,87.3171,7.48357,35.3989,86.43,-0.998161,9.22399,130.98,-10.2826,82.5676,69.9625,-5.36622,5.93688,
11.699,12.5861,43.6629,-16.4675,99.0161,-5.35816,117.337,87.3171,7.48357,35.3989,86.43,-0.998161,9.22399,130.98,-10.2826,82.5676,69.9625,-5.36622,5.93688,
11.699,12.5861,42.4048,-15.2475,99.0161,-5.35816,117.337,87.3171,7.48357,35.3989,86.43,-0.998161,9.22399,129.722,-10.1197,84.0646,71.1825,-5.35342,5.57664,
11.699,12.5861,42.4048,-15.2475,99.0161,-5.35816,117.337,87.3171,7.48357,35.3989,86.43,-0.998161,9.22399,129.722,-10.1197,84.0646,71.1825,-5.35342,5.57664,
14.0516,7.13629,40.2086,-19.5545,98.8755,-5.28547,117.261,84.8239,7.59258,34.3475,91.7393,-2.73166,5.45519,125.033,-8.19049,86.0116,72.1847,-5.15003,5.59175,
14.0516,7.13629,40.2086,-19.5545,98.8755,-5.28547,117.261,84.8239,7.59258,34.3475,91.7393,-2.73166,5.45519,125.033,-8.19049,86.0116,72.1847,-5.15003,5.59175,
16.0231,7.13629,36.0105,-17.3999,98.8755,-5.28547,117.261,82.8525,7.98924,34.3929,91.7393,-2.73166,5.45519,118.863,-3.52626,85.4858,74.3394,-4.50714,5.45204,
16.0231,7.13629,36.0105,-17.3999,98.8755,-5.28547,117.261,82.8525,7.98924,34.3929,91.7393,-2.73166,5.45519,118.863,-3.52626,85.4858,74.3394,-4.50714,5.45204,
17.8595,3.55579,28.9609,-17.1837,98.8755,-5.28547,117.261,81.016,8.59443,34.9689,95.3198,-1.89884,4.59293,109.977,1.50637,84.1195,78.136,-2.71855,6.91436,
17.8595,3.55579,28.9609,-17.1837,98.8755,-5.28547,117.261,81.016,8.59443,34.9689,95.3198,-1.89884,4.59293,109.977,1.50637,84.1195,78.136,-2.71855,6.91436,
19.3397,1.098,19.8269,-18.1801,98.6605,-5.17926,117.224,79.3208,9.34506,35.8455,97.5625,-1.62831,5.01965,99.1478,5.24559,83.9517,79.3824,-2.2434,7.07275,
19.3397,1.098,19.8269,-18.1801,98.6605,-5.17926,117.224,79.3208,9.34506,35.8455,97.5625,-1.62831,5.01965,99.1478,5.24559,83.9517,79.3824,-2.2434,7.07275,
18.6169,0.375196,7.82598,-18.1801,97.9377,-5.07016,117.329,79.3208,9.34506,35.8455,97.5625,-1.62831,5.01965,87.1468,8.99656,85.0466,79.3824,-2.2434,7.07275,
18.6169,0.375196,7.82598,-18.1801,97.9377,-5.07016,117.329,79.3208,9.34506,35.8455,97.5625,-1.62831,5.01965,87.1468,8.99656,85.0466,79.3824,-2.2434,7.07275,
21.0505,0.935148,9.69966,-15.9478,98.4977,-4.93358,117.076,77.4471,9.71262,35.468,97.5625,-1.62831,5.01965,87.1468,8.99656,85.0466,81.6148,-1.3461,7.33266,
21.0505,0.935148,9.69966,-15.9478,98.4977,-4.93358,117.076,77.4471,9.71262,35.468,97.5625,-1.62831,5.01965,87.1468,8.99656,85.0466,81.6148,-1.3461,7.33266,
21.0168,-2.53718,3.57966,-17.3087,98.464,-4.38462,117.376,77.4471,9.71262,35.468,101.001,-1.32491,4.7147,81.0268,11.2611,85.1808,83.6924,-0.608426,7.28105,
21.0168,-2.53718,3.57966,-17.3087,98.464,-4.38462,117.376,77.4471,9.71262,35.468,101.001,-1.32491,4.7147,81.0268,11.2611,85.1808,83.6924,-0.608426,7.28105,
21.5177,-6.2084,-15.5793,-17.9524,97.746,-3.72756,117.442,76.2284,8.81177,33.1454,103.954,-1.25975,4.60224,60.6491,16.9099,75.7307,86.002,0.117597,6.6706,
21.5177,-6.2084,-15.5793,-17.9524,97.746,-3.72756,117.442,76.2284,8.81177,33.1454,103.954,-1.25975,4.60224,60.6491,16.9099,75.7307,86.002,0.117597,6.6706,
20.1598,-7.56731,-18.1216,-17.9524,96.3871,-4.4412,117.886,76.2273,8.13746,31.8221,103.954,-1.25975,4.60224,58.1057,16.253,72.6395,86.002,0.117597,6.6706,
20.1598,-7.56731,-18.1216,-17.9524,96.3871,-4.4412,117.886,76.2273,8.13746,31.8221,103.954,-1.25975,4.60224,58.1057,16.253,72.6395,86.002,0.117597,6.6706,
19.7173,-10.3743,-18.1216,-17.3441,95.9446,-4.67522,118.289,76.2273,8.13746,31.8221,106.319,-0.891527,2.94048,58.1057,16.253,72.6395,88.9748,1.54581,6.05228,
19.7173,-10.3743,-18.1216,-17.3441,95.9446,-4.67522,118.289,76.2273,8.13746,31.8221,106.319,-0.891527,2.94048,58.1057,16.253,72.6395,88.9748,1.54581,6.05228,
18.4454,-11.6143,-12.733,-12.8256,94.6727,-4.89012,118.473,76.2273,8.13746,31.8221,106.287,-0.969292,2.04412,63.4944,15.1996,72.8297,93.4615,3.8419,5.70988,
18.4454,-11.6143,-12.733,-12.8256,94.6727,-4.89012,118.473,76.2273,8.13746,31.8221,106.287,-0.969292,2.04412,63.4944,15.1996,72.8297,93.4615,3.8419,5.70988,
17.5477,-1.70034,-12.4692,3.48463,93.7751,-6.08506,118.091,76.2273,8.13746,31.8221,95.4754,-0.377231,2.00236,63.7581,17.182,73.8386,98.96,6.50143,4.61821,
17.5477,-1.70034,-12.4692,3.48463,93.7751,-6.08506,118.091,76.2273,8.13746,31.8221,95.4754,-0.377231,2.00236,63.7581,17.182,73.8386,98.96,6.50143,4.61821,
17.6799,-1.56822,-12.4692,3.48463,93.9072,-6.26276,118.183,76.2273,8.13746,31.8221,95.4754,-0.377231,2.00236,63.7581,17.182,73.8386,98.96,6.50143,4.61821,
17.6799,-1.56822,-12.4692,3.48463,93.9072,-6.26276,118.183,76.2273,8.13746,31.8221,95.4754,-0.377231,2.00236,63.7581,17.182,73.8386,98.96,6.50143,4.61821,
17.6169,4.70467,-12.9015,14.6413,94.2765,-6.68722,118.947,76.6596,7.46851,30.8362,89.5719,0.541407,1.42936,63.7581,17.182,73.8386,104.213,9.89174,1.37611,
17.6169,4.70467,-12.9015,14.6413,94.2765,-6.68722,118.947,76.6596,7.46851,30.8362,89.5719,0.541407,1.42936,63.7581,17.182,73.8386,104.213,9.89174,1.37611,
17.6924,8.13887,-8.36309,22.6336,94.352,-6.68197,118.974,76.6596,7.46851,30.8362,86.2132,-0.60645,-6.62926,68.2966,15.6026,75.3508,108.847,14.5755,-3.84588,
17.6924,8.13887,-8.36309,22.6336,94.352,-6.68197,118.974,76.6596,7.46851,30.8362,86.2132,-0.60645,-6.62926,68.2966,15.6026,75.3508,108.847,14.5755,-3.84588,
18.0284,8.73702,-5.08093,25.5769,94.688,-6.6651,118.909,76.6596,7.46851,30.8362,85.951,-1.57927,-7.86919,71.5787,15.5846,77.4292,111.528,16.3857,-6.34352,
18.0284,8.73702,-5.08093,25.5769,94.688,-6.6651,118.909,76.6596,7.46851,30.8362,85.951,-1.57927,-7.86919,71.5787,15.5846,77.4292,111.528,16.3857,-6.34352,
16.1527,14.1341,-0.48799,32.4043,94.8568,-6.66667,118.878,78.7041,7.04713,30.8866,80.7227,-3.35786,-6.80177,78.2161,14.7844,78.1419,113.127,16.7949,-10.2714,
16.1527,14.1341,-0.48799,32.4043,94.8568,-6.66667,118.878,78.7041,7.04713,30.8866,80.7227,-3.35786,-6.80177,78.2161,14.7844,78.1419,113.127,16.7949,-10.2714,
18.0183,14.2922,3.53021,28.9683,95.0149,-6.69839,118.852,76.9966,4.66348,25.3526,80.7227,-3.35786,-6.80177,80.5268,12.8678,75.2576,109.691,13.0578,-10.454,
18.0183,14.2922,3.53021,28.9683,95.0149,-6.69839,118.852,76.9966,4.66348,25.3526,80.7227,-3.35786,-6.80177,80.5268,12.8678,75.2576,109.691,13.0578,-10.454,
21.42,14.5335,6.69055,27.1181,95.2562,-6.78543,118.831,73.8363,3.52163,22.0151,80.7227,-3.35786,-6.80177,80.5268,12.8678,75.2576,107.841,10.3496,-9.11325,
21.42,14.5335,6.69055,27.1181,95.2562,-6.78543,118.831,73.8363,3.52163,22.0151,80.7227,-3.35786,-6.80177,80.5268,12.8678,75.2576,107.841,10.3496,-9.11325,
20.5739,18.9968,7.55148,28.9234,95.351,-6.81176,118.824,74.7772,2.47649,19.7236,76.3542,-6.01536,-6.47275,82.3287,12.6383,74.7777,105.278,7.36684,-7.33026,
20.5739,18.9968,7.55148,28.9234,95.351,-6.81176,118.824,74.7772,2.47649,19.7236,76.3542,-6.01536,-6.47275,82.3287,12.6383,74.7777,105.278,7.36684,-7.33026,
13.0402,18.9968,2.70914,21.362,95.351,-6.81176,118.824,82.3108,3.73864,24.8978,76.3542,-6.01536,-6.47275,85.02,11.2927,72.5444,97.7162,1.8449,-4.21153,
13.0402,18.9968,2.70914,21.362,95.351,-6.81176,118.824,82.3108,3.73864,24.8978,76.3542,-6.01536,-6.47275,85.02,11.2927,72.5444,97.7162,1.8449,-4.21153,
9.5096,19.0868,-0.911427,10.8938,95.441,-6.80943,118.809,85.9314,3.87126,24.9911,76.3542,-6.01536,-6.47275,85.02,11.2927,72.5444,87.248,-2.64808,-2.78889,
9.5096,19.0868,-0.911427,10.8938,95.441,-6.80943,118.809,85.9314,3.87126,24.9911,76.3542,-6.01536,-6.47275,85.02,11.2927,72.5444,87.248,-2.64808,-2.78889,
12.2281,23.4142,3.84773,3.14743,95.8312,-6.54877,117.73,83.6031,3.44183,24.4457,72.417,-9.13207,-5.17327,87.4509,10.5707,72.6858,75.5644,-7.06398,-2.99616,
12.2281,23.4142,3.84773,3.14743,95.8312,-6.54877,117.73,83.6031,3.44183,24.4457,72.417,-9.13207,-5.17327,87.4509,10.5707,72.6858,75.5644,-7.06398,-2.99616,
-2.51382,24.4135,-9.4514,4.20354,95.7744,-7.01548,117.063,98.2883,4.98405,27.8908,71.3609,-8.15237,-2.82143,88.8369,10.0414,72.8028,75.5644,-7.06398,-2.99616,
-2.51382,24.4135,-9.4514,4.20354,95.7744,-7.01548,117.063,98.2883,4.98405,27.8908,71.3609,-8.15237,-2.82143,88.8369,10.0414,72.8028,75.5644,-7.06398,-2.99616,
-3.9648,22.0009,-6.5403,-8.7118,94.3235,-7.73459,117.546,98.2883,4.98405,27.8908,72.3225,-6.72808,-0.686887,91.748,9.01608,72.982,63.6107,-11.5565,-1.86854,
-3.9648,22.0009,-6.5403,-8.7118,94.3235,-7.73459,117.546,98.2883,4.98405,27.8908,72.3225,-6.72808,-0.686887,91.748,9.01608,72.982,63.6107,-11.5565,-1.86854,
-4.14745,21.8183,-5.04281,-8.7118,94.1408,-7.73889,117.279,98.2883,4.98405,27.8908,72.3225,-6.72808,-0.686887,93.2455,8.47141,73.0453,63.6107,-11.5565,-1.86854,
-4.14745,21.8183,-5.04281,-8.7118,94.1408,-7.73889,117.279,98.2883,4.98405,27.8908,72.3225,-6.72808,-0.686887,93.2455,8.47141,73.0453,63.6107,-11.5565,-1.86854,
-5.2348,27.2805,-4.25953,-20.5932,95.1925,-7.86315,115.752,100.427,3.56089,26.03,67.912,-7.38572,-0.0657546,96.1677,7.23593,73.1925,47.3188,-14.8829,4.43037,
-5.2348,27.2805,-4.25953,-20.5932,95.1925,-7.86315,115.752,100.427,3.56089,26.03,67.912,-7.38572,-0.0657546,96.1677,7.23593,73.1925,47.3188,-14.8829,4.43037,
-5.37332,29.3263,-0.497649,-22.4422,95.5464,-8.38299,115.863,100.92,3.62172,25.8037,66.2201,-6.99664,2.25514,100.422,4.90197,73.5482,43.7779,-14.4901,6.36018,
-5.37332,29.3263,-0.497649,-22.4422,95.5464,-8.38299,115.863,100.92,3.62172,25.8037,66.2201,-6.99664,2.25514,100.422,4.90197,73.5482,43.7779,-14.4901,6.36018,
-6.1926,27.1492,1.0886,-20.6917,94.7271,-9.35654,115.865,100.92,3.62172,25.8037,67.5779,-4.73334,5.50892,102.008,3.95664,73.3808,46.8862,-13.8506,6.04025,
-6.1926,27.1492,1.0886,-20.6917,94.7271,-9.35654,115.865,100.92,3.62172,25.8037,67.5779,-4.73334,5.50892,102.008,3.95664,73.3808,46.8862,-13.8506,6.04025,
-8.77444,27.2344,2.78246,-17.2644,94.8123,-9.12073,113.989,103.587,3.86594,27.5135,67.5779,-4.73334,5.50892,106.369,2.01333,72.6417,50.3135,-14.6425,3.75408,
-8.77444,27.2344,2.78246,-17.2644,94.8123,-9.12073,113.989,103.587,3.86594,27.5135,67.5779,-4.73334,5.50892,106.369,2.01333,72.6417,50.3135,-14.6425,3.75408,
-10.9448,18.8038,5.75652,-22.4631,95.2748,-8.40182,112.126,106.22,4.09776,29.1814,76.471,-5.05298,-1.2794,111.976,-0.59045,72.2869,54.0079,-17.5049,-2.3117,
-10.9448,18.8038,5.75652,-22.4631,95.2748,-8.40182,112.126,106.22,4.09776,29.1814,76.471,-5.05298,-1.2794,111.976,-0.59045,72.2869,54.0079,-17.5049,-2.3117,
-10.8672,15.6322,8.58673,-25.7123,95.3524,-7.92956,111.28,106.22,4.09776,29.1814,79.7202,-4.3907,-2.59129,114.806,-2.37081,72.763,54.0079,-17.5049,-2.3117,
-10.8672,15.6322,8.58673,-25.7123,95.3524,-7.92956,111.28,106.22,4.09776,29.1814,79.7202,-4.3907,-2.59129,114.806,-2.37081,72.763,54.0079,-17.5049,-2.3117,
-11.833,15.5993,11.9458,-20.5657,95.3195,-7.72206,110.972,107.152,4.13725,29.3793,79.7202,-4.3907,-2.59129,119.098,-8.01542,76.5277,59.1545,-19.1483,-6.09813,
-11.833,15.5993,11.9458,-20.5657,95.3195,-7.72206,110.972,107.152,4.13725,29.3793,79.7202,-4.3907,-2.59129,119.098,-8.01542,76.5277,59.1545,-19.1483,-6.09813,
-13.0111,15.0927,17.1737,-16.5655,94.8129,-7.14595,110.581,107.824,4.10449,29.4134,79.7202,-4.3907,-2.59129,124.998,-13.52,78.5346,63.1547,-16.6413,-4.83869,
-13.0111,15.0927,17.1737,-16.5655,94.8129,-7.14595,110.581,107.824,4.10449,29.4134,79.7202,-4.3907,-2.59129,124.998,-13.52,78.5346,63.1547,-16.6413,-4.83869,
-13.3695,13.1473,19.983,-17.8997,95.0876,-6.73989,110.383,108.457,3.44559,29.6071,81.9404,-7.44133,-3.51742,128.44,-13.5354,73.8949,64.0407,-16.7769,-5.75872,
-13.3695,13.1473,19.983,-17.8997,95.0876,-6.73989,110.383,108.457,3.44559,29.6071,81.9404,-7.44133,-3.51742,128.44,-13.5354,73.8949,64.0407,-16.7769,-5.75872,
-12.8082,3.78693,19.7586,-27.8213,95.6489,-6.51279,109.955,108.457,3.44559,29.6071,91.862,-7.57308,-7.99335,128.216,-12.0969,72.238,64.0407,-16.7769,-5.75872,
-12.8082,3.78693,19.7586,-27.8213,95.6489,-6.51279,109.955,108.457,3.44559,29.6071,91.862,-7.57308,-7.99335,128.216,-12.0969,72.238,64.0407,-16.7769,-5.75872,
-11.8621,5.47796,20.3793,-24.7425,95.9743,-6.47274,109.731,107.836,3.71997,29.5401,90.4963,-7.6862,-6.87032,128.216,-12.0969,72.238,65.7538,-17.3313,-7.30849,
-11.8621,5.47796,20.3793,-24.7425,95.9743,-6.47274,109.731,107.836,3.71997,29.5401,90.4963,-7.6862,-6.87032,128.216,-12.0969,72.238,65.7538,-17.3313,-7.30849,
-7.65612,5.40477,21.4051,-21.7304,95.9011,-6.44671,109.857,103.557,3.92036,27.4315,90.4963,-7.6862,-6.87032,124.962,-8.97561,69.4624,68.7659,-15.0383,-7.07156,
-7.65612,5.40477,21.4051,-21.7304,95.9011,-6.44671,109.857,103.557,3.92036,27.4315,90.4963,-7.6862,-6.87032,124.962,-8.97561,69.4624,68.7659,-15.0383,-7.07156,
-4.24915,5.40477,22.1656,-21.7304,95.9011,-6.44671,109.857,100.15,3.47136,24.7362,90.4963,-7.6862,-6.87032,122.316,-6.94349,68.1373,68.7659,-15.0383,-7.07156,
-4.24915,5.40477,22.1656,-21.7304,95.9011,-6.44671,109.857,100.15,3.47136,24.7362,90.4963,-7.6862,-6.87032,122.316,-6.94349,68.1373,68.7659,-15.0383,-7.07156,
0.62633,2.41037,19.3226,-23.6006,96.0888,-6.32693,110.042,95.4625,2.10831,23.6042,93.6784,-5.82094,-10.2453,114.785,-2.2886,64.9276,70.0778,-14.4799,-7.5972,
0.62633,2.41037,19.3226,-23.6006,96.0888,-6.32693,110.042,95.4625,2.10831,23.6042,93.6784,-5.82094,-10.2453,114.785,-2.2886,64.9276,70.0778,-14.4799,-7.5972,
2.19579,0.977409,15.8696,-21.4979,96.3523,-6.40145,109.845,94.1565,1.73285,25.4994,95.3748,-5.80371,-11.9433,110.026,-0.29063,63.6426,73.877,-12.6631,-8.76533,
2.19579,0.977409,15.8696,-21.4979,96.3523,-6.40145,109.845,94.1565,1.73285,25.4994,95.3748,-5.80371,-11.9433,110.026,-0.29063,63.6426,73.877,-12.6631,-8.76533,
4.91542,-2.2655,13.3321,-24.7863,96.3978,-6.56181,109.664,91.4824,2.1019,31.5886,98.6633,-5.50757,-15.0925,104.814,1.483,62.7999,73.877,-12.6631,-8.76533,
4.91542,-2.2655,13.3321,-24.7863,96.3978,-6.56181,109.664,91.4824,2.1019,31.5886,98.6633,-5.50757,-15.0925,104.814,1.483,62.7999,73.877,-12.6631,-8.76533,
5.11833,-3.71357,-3.09069,-24.0998,96.6007,-6.83053,109.598,91.4824,2.1019,31.5886,100.314,-5.48621,-16.2114,88.3917,6.94236,62.1736,76.2145,-11.6886,-9.67083,
5.11833,-3.71357,-3.09069,-24.0998,96.6007,-6.83053,109.598,91.4824,2.1019,31.5886,100.314,-5.48621,-16.2114,88.3917,6.94236,62.1736,76.2145,-11.6886,-9.67083,
8.99557,-3.994,-9.68972,-23.4016,96.6007,-6.83053,109.598,87.6051,4.83947,27.4334,100.595,-5.16246,-15.9187,77.9154,10.5713,59.0767,77.1931,-11.3447,-10.0277,
8.99557,-3.994,-9.68972,-23.4016,96.6007,-6.83053,109.598,87.6051,4.83947,27.4334,100.595,-5.16246,-15.9187,77.9154,10.5713,59.0767,77.1931,-11.3447,-10.0277,
8.99557,-3.994,-9.68972,-21.6044,96.6007,-6.83053,109.598,87.6051,4.83947,27.4334,100.595,-5.16246,-15.9187,77.9154,10.5713,59.0767,78.9903,-10.5377,-10.3913,
8.99557,-3.994,-9.68972,-21.6044,96.6007,-6.83053,109.598,87.6051,4.83947,27.4334,100.595,-5.16246,-15.9187,77.9154,10.5713,59.0767,78.9903,-10.5377,-10.3913,
12.5241,-2.43539,-18.8442,-18.1015,97.7522,-7.49703,109.304,85.2281,5.38724,25.0402,100.188,-4.60463,-15.7955,66.3838,13.2672,52.4721,82.0861,-8.98564,-10.8795,
12.5241,-2.43539,-18.8442,-18.1015,97.7522,-7.49703,109.304,85.2281,5.38724,25.0402,100.188,-4.60463,-15.7955,66.3838,13.2672,52.4721,82.0861,-8.98564,-10.8795,
15.6241,-2.13396,-15.9707,-16.7963,97.9787,-7.46573,108.96,82.3546,6.58739,22.0689,100.113,-4.28871,-16.471,66.3838,13.2672,52.4721,83.3163,-8.2896,-11.1223,
15.6241,-2.13396,-15.9707,-16.7963,97.9787,-7.46573,108.96,82.3546,6.58739,22.0689,100.113,-4.28871,-16.471,66.3838,13.2672,52.4721,83.3163,-8.2896,-11.1223,
