51.5981,51.3915,-10.7414,-25.9611,144.147,-2.29693,118.38,92.5491,-6.23967,130.624,92.7557,-3.49662,107.144,81.8076,4.51093,-178.764,66.7947,-12.8159,92.3307,
51.5981,51.3915,-10.7414,-25.9611,144.147,-2.29693,118.38,92.5491,-6.23967,130.624,92.7557,-3.49662,107.144,81.8076,4.51093,-178.764,66.7947,-12.8159,92.3307,
51.6462,51.377,-10.6921,-25.8801,144.109,-2.32386,118.509,92.4631,-6.22971,130.811,92.7323,-3.50815,107.241,81.771,4.55007,-178.471,66.8522,-12.8303,92.3633,
51.6462,51.377,-10.6921,-25.8801,144.109,-2.32386,118.509,92.4631,-6.22971,130.811,92.7323,-3.50815,107.241,81.771,4.55007,-178.471,66.8522,-12.8303,92.3633,
51.7265,51.3962,-10.6481,-25.8403,144.089,-2.31092,118.664,92.3623,-6.19668,131.224,92.6925,-3.58155,107.389,81.7142,4.58777,-177.933,66.8522,-12.8303,92.3633,
51.7265,51.3962,-10.6481,-25.8403,144.089,-2.31092,118.664,92.3623,-6.19668,131.224,92.6925,-3.58155,107.389,81.7142,4.58777,-177.933,66.8522,-12.8303,92.3633,
51.7517,51.2959,-10.5586,-25.7533,143.973,-2.41521,118.875,92.2211,-6.21118,131.606,92.6769,-3.6073,107.483,81.6626,4.60079,-177.5,66.9236,-12.8634,92.394,
51.7517,51.2959,-10.5586,-25.7533,143.973,-2.41521,118.875,92.2211,-6.21118,131.606,92.6769,-3.6073,107.483,81.6626,4.60079,-177.5,66.9236,-12.8634,92.394,
51.7199,51.1772,-10.4574,-25.6868,143.811,-2.59303,119.101,92.0914,-6.17769,131.949,92.6342,-3.63394,107.682,81.634,4.60839,-177.192,66.9474,-12.8756,92.395,
51.7199,51.1772,-10.4574,-25.6868,143.811,-2.59303,119.101,92.0914,-6.17769,131.949,92.6342,-3.63394,107.682,81.634,4.60839,-177.192,66.9474,-12.8756,92.395,
51.6179,51.0833,-10.4558,-25.6333,143.709,-2.72779,119.298,92.0914,-6.17769,131.949,92.626,-3.64075,107.78,81.6356,4.60607,-177.091,66.9928,-12.8994,92.3989,
51.6179,51.0833,-10.4558,-25.6333,143.709,-2.72779,119.298,92.0914,-6.17769,131.949,92.626,-3.64075,107.78,81.6356,4.60607,-177.091,66.9928,-12.8994,92.3989,
51.663,51.0677,-10.3687,-25.5872,143.648,-2.83383,119.47,91.9847,-6.15709,132.172,92.5799,-3.65465,107.891,81.616,4.59557,-176.959,66.9928,-12.8994,92.3989,
51.663,51.0677,-10.3687,-25.5872,143.648,-2.83383,119.47,91.9847,-6.15709,132.172,92.5799,-3.65465,107.891,81.616,4.59557,-176.959,66.9928,-12.8994,92.3989,
51.6887,51.0579,-10.3506,-25.5872,143.638,-2.86866,119.536,91.9491,-6.1432,132.267,92.5799,-3.65465,107.891,81.5985,4.59822,-176.904,66.9928,-12.8994,92.3989,
51.6887,51.0579,-10.3506,-25.5872,143.638,-2.86866,119.536,91.9491,-6.1432,132.267,92.5799,-3.65465,107.891,81.5985,4.59822,-176.904,66.9928,-12.8994,92.3989,
51.6597,51.0203,-10.3522,-25.5455,143.568,-3.03416,119.763,91.9087,-6.11791,132.452,92.5481,-3.60589,108.239,81.5566,4.61124,-176.819,67.0026,-12.8974,92.5178,
51.6597,51.0203,-10.3522,-25.5455,143.568,-3.03416,119.763,91.9087,-6.11791,132.452,92.5481,-3.60589,108.239,81.5566,4.61124,-176.819,67.0026,-12.8974,92.5178,
51.7223,51.0306,-10.3388,-25.5684,143.579,-3.14543,119.981,91.8564,-6.108,132.594,92.5481,-3.60589,108.239,81.5176,4.62394,-176.786,66.9797,-12.9599,92.5591,
51.7223,51.0306,-10.3388,-25.5684,143.579,-3.14543,119.981,91.8564,-6.108,132.594,92.5481,-3.60589,108.239,81.5176,4.62394,-176.786,66.9797,-12.9599,92.5591,
51.6798,50.9771,-10.4178,-25.5549,143.512,-3.17875,120.19,91.8319,-6.09528,132.669,92.5346,-3.6024,108.594,81.414,4.67305,-176.706,66.9797,-12.9599,92.5591,
51.6798,50.9771,-10.4178,-25.5549,143.512,-3.17875,120.19,91.8319,-6.09528,132.669,92.5346,-3.6024,108.594,81.414,4.67305,-176.706,66.9797,-12.9599,92.5591,
51.675,50.9805,-10.4455,-25.5517,143.484,-3.29516,120.419,91.8086,-6.05485,132.854,92.5031,-3.58749,108.755,81.3631,4.69133,-176.667,66.9514,-12.9848,92.6822,
51.675,50.9805,-10.4455,-25.5517,143.484,-3.29516,120.419,91.8086,-6.05485,132.854,92.5031,-3.58749,108.755,81.3631,4.69133,-176.667,66.9514,-12.9848,92.6822,
51.8547,51.1715,-10.5367,-25.5472,143.657,-3.29827,120.59,91.802,-6.05788,132.877,92.4853,-3.59243,108.834,81.2653,4.71397,-176.622,66.9381,-12.9989,92.7805,
51.8547,51.1715,-10.5367,-25.5472,143.657,-3.29827,120.59,91.802,-6.05788,132.877,92.4853,-3.59243,108.834,81.2653,4.71397,-176.622,66.9381,-12.9989,92.7805,
51.9398,51.2566,-10.5939,-25.5539,143.742,-3.23111,120.655,91.802,-6.05788,132.877,92.4853,-3.59243,108.834,81.2081,4.72691,-176.604,66.9314,-12.9991,92.8473,
51.9398,51.2566,-10.5939,-25.5539,143.742,-3.23111,120.655,91.802,-6.05788,132.877,92.4853,-3.59243,108.834,81.2081,4.72691,-176.604,66.9314,-12.9991,92.8473,
52.025,51.2582,-10.62,-25.5737,143.76,-3.20106,120.791,91.7353,-6.10177,133.025,92.5021,-3.60785,109.005,81.1153,4.77164,-176.517,66.9283,-12.9961,92.9681,
52.025,51.2582,-10.62,-25.5737,143.76,-3.20106,120.791,91.7353,-6.10177,133.025,92.5021,-3.60785,109.005,81.1153,4.77164,-176.517,66.9283,-12.9961,92.9681,
52.112,51.2886,-10.6363,-25.573,143.789,-3.22318,120.936,91.6773,-6.10123,133.142,92.5006,-3.61108,109.182,81.0409,4.79505,-176.453,66.9276,-13.003,92.9979,
52.112,51.2886,-10.6363,-25.573,143.789,-3.22318,120.936,91.6773,-6.10123,133.142,92.5006,-3.61108,109.182,81.0409,4.79505,-176.453,66.9276,-13.003,92.9979,
52.0995,51.3277,-10.6737,-25.5886,143.775,-3.2919,121.202,91.6752,-6.09382,133.224,92.447,-3.60257,109.291,81.0015,4.80003,-176.425,66.8584,-13.0773,93.0135,
52.0995,51.3277,-10.6737,-25.5886,143.775,-3.2919,121.202,91.6752,-6.09382,133.224,92.447,-3.60257,109.291,81.0015,4.80003,-176.425,66.8584,-13.0773,93.0135,
52.1283,51.4449,-10.7116,-25.4736,143.809,-3.25426,121.455,91.6811,-6.08783,133.317,92.3644,-3.59197,109.197,80.9695,4.79728,-176.399,66.8908,-13.0774,93.0793,
52.1283,51.4449,-10.7116,-25.4736,143.809,-3.25426,121.455,91.6811,-6.08783,133.317,92.3644,-3.59197,109.197,80.9695,4.79728,-176.399,66.8908,-13.0774,93.0793,
52.1574,51.3713,-10.7229,-25.4552,143.782,-3.27899,121.63,91.6246,-6.11674,133.469,92.4107,-3.59509,109.328,80.9017,4.80976,-176.28,66.9555,-13.0468,93.1574,
52.1574,51.3713,-10.7229,-25.4552,143.782,-3.27899,121.63,91.6246,-6.11674,133.469,92.4107,-3.59509,109.328,80.9017,4.80976,-176.28,66.9555,-13.0468,93.1574,
52.2022,51.3745,-10.6795,-25.4172,143.783,-3.28056,121.698,91.5812,-6.11874,133.562,92.4089,-3.609,109.401,80.9017,4.80976,-176.28,66.9917,-13.0306,93.1766,
52.2022,51.3745,-10.6795,-25.4172,143.783,-3.28056,121.698,91.5812,-6.11874,133.562,92.4089,-3.609,109.401,80.9017,4.80976,-176.28,66.9917,-13.0306,93.1766,
52.2462,51.3994,-10.6507,-25.3513,143.783,-3.28056,121.698,91.5372,-6.10697,133.669,92.3839,-3.6122,109.52,80.8865,4.80923,-176.249,67.0326,-13.0138,93.2071,
52.2462,51.3994,-10.6507,-25.3513,143.783,-3.28056,121.698,91.5372,-6.10697,133.669,92.3839,-3.6122,109.52,80.8865,4.80923,-176.249,67.0326,-13.0138,93.2071,
52.2907,51.4133,-10.6079,-25.2384,143.783,-3.28056,121.698,91.4927,-6.09171,133.862,92.3701,-3.60001,109.702,80.8849,4.79311,-176.181,67.1316,-12.9464,93.3514,
52.2907,51.4133,-10.6079,-25.2384,143.783,-3.28056,121.698,91.4927,-6.09171,133.862,92.3701,-3.60001,109.702,80.8849,4.79311,-176.181,67.1316,-12.9464,93.3514,
51.8409,50.6975,-10.6684,-24.709,143.171,-3.44721,125.182,91.3306,-6.02042,135.864,92.4739,-3.49654,110.98,80.6621,4.92857,-174.746,67.7649,-12.4295,94.2761,
51.8409,50.6975,-10.6684,-24.709,143.171,-3.44721,125.182,91.3306,-6.02042,135.864,92.4739,-3.49654,110.98,80.6621,4.92857,-174.746,67.7649,-12.4295,94.2761,
51.7986,50.6302,-10.6434,-24.6653,143.104,-3.48384,125.361,91.3056,-5.99835,136.021,92.4739,-3.49654,110.98,80.6621,4.92857,-174.746,67.8086,-12.397,94.2943,
51.7986,50.6302,-10.6434,-24.6653,143.104,-3.48384,125.361,91.3056,-5.99835,136.021,92.4739,-3.49654,110.98,80.6621,4.92857,-174.746,67.8086,-12.397,94.2943,
51.8233,50.5961,-10.6461,-24.5088,143.062,-3.5033,125.546,91.239,-5.92716,136.413,92.4661,-3.46694,111.221,80.5929,4.97338,-174.452,67.9573,-12.2968,94.3854,
51.8233,50.5961,-10.6461,-24.5088,143.062,-3.5033,125.546,91.239,-5.92716,136.413,92.4661,-3.46694,111.221,80.5929,4.97338,-174.452,67.9573,-12.2968,94.3854,
51.7207,50.472,-10.6751,-24.4558,142.96,-3.56711,125.82,91.2389,-5.90053,136.522,92.4876,-3.44026,111.29,80.5638,4.99802,-174.298,68.0318,-12.2379,94.4076,
51.7207,50.472,-10.6751,-24.4558,142.96,-3.56711,125.82,91.2389,-5.90053,136.522,92.4876,-3.44026,111.29,80.5638,4.99802,-174.298,68.0318,-12.2379,94.4076,
51.4272,50.2103,-10.7549,-24.4259,142.698,-3.77257,126.163,91.2707,-5.87415,136.686,92.4876,-3.44026,111.29,80.5158,5.01247,-174.176,68.0616,-12.2185,94.411,
51.4272,50.2103,-10.7549,-24.4259,142.698,-3.77257,126.163,91.2707,-5.87415,136.686,92.4876,-3.44026,111.29,80.5158,5.01247,-174.176,68.0616,-12.2185,94.411,
51.2325,49.9151,-10.7787,-24.5068,142.503,-3.92303,126.359,91.2707,-5.87415,136.686,92.588,-3.33765,111.44,80.492,5.01645,-174.126,68.0812,-12.2063,94.4123,
51.2325,49.9151,-10.7787,-24.5068,142.503,-3.92303,126.359,91.2707,-5.87415,136.686,92.588,-3.33765,111.44,80.492,5.01645,-174.126,68.0812,-12.2063,94.4123,
50.9928,49.645,-10.8163,-24.53,142.26,-3.99458,126.448,91.2672,-5.84974,136.704,92.615,-3.3455,111.388,80.4509,4.9993,-174.09,68.0851,-12.2454,94.3825,
50.9928,49.645,-10.8163,-24.53,142.26,-3.99458,126.448,91.2672,-5.84974,136.704,92.615,-3.3455,111.388,80.4509,4.9993,-174.09,68.0851,-12.2454,94.3825,
50.7335,49.341,-10.8528,-24.5766,141.987,-3.91734,126.472,91.2532,-5.85516,136.655,92.6457,-3.35768,111.343,80.4004,5.02051,-174.094,68.0692,-12.2957,94.3859,
50.7335,49.341,-10.8528,-24.5766,141.987,-3.91734,126.472,91.2532,-5.85516,136.655,92.6457,-3.35768,111.343,80.4004,5.02051,-174.094,68.0692,-12.2957,94.3859,
50.6274,49.1886,-10.8665,-24.6292,141.887,-3.84418,126.35,91.2592,-5.86458,136.606,92.6981,-3.35632,111.262,80.3927,4.99785,-174.121,68.0688,-12.3479,94.2924,
50.6274,49.1886,-10.8665,-24.6292,141.887,-3.84418,126.35,91.2592,-5.86458,136.606,92.6981,-3.35632,111.262,80.3927,4.99785,-174.121,68.0688,-12.3479,94.2924,
50.3714,49.0217,-10.9104,-24.6106,141.705,-3.86526,126.218,91.3337,-5.93577,136.513,92.6833,-3.35415,111.349,80.4233,4.97539,-174.14,68.0728,-12.4048,94.167,
50.3714,49.0217,-10.9104,-24.6106,141.705,-3.86526,126.218,91.3337,-5.93577,136.513,92.6833,-3.35415,111.349,80.4233,4.97539,-174.14,68.0728,-12.4048,94.167,
50.2771,48.8675,-10.8678,-24.6619,141.59,-3.78721,126.139,91.3127,-5.95526,136.515,92.7223,-3.37917,111.228,80.4449,4.95846,-174.149,68.0604,-12.4239,94.1696,
50.2771,48.8675,-10.8678,-24.6619,141.59,-3.78721,126.139,91.3127,-5.95526,136.515,92.7223,-3.37917,111.228,80.4449,4.95846,-174.149,68.0604,-12.4239,94.1696,
50.0155,48.6145,-10.8536,-24.6899,141.358,-3.8397,126.122,91.3421,-5.96168,136.497,92.7431,-3.38642,111.159,80.4885,4.9356,-174.175,68.0532,-12.4285,94.1397,
50.0155,48.6145,-10.8536,-24.6899,141.358,-3.8397,126.122,91.3421,-5.96168,136.497,92.7431,-3.38642,111.159,80.4885,4.9356,-174.175,68.0532,-12.4285,94.1397,
49.7161,48.3695,-10.8825,-24.7014,141.113,-3.92036,125.966,91.3965,-5.95575,136.47,92.7431,-3.38642,111.159,80.5141,4.92565,-174.187,68.0417,-12.4336,94.0522,
49.7161,48.3695,-10.8825,-24.7014,141.113,-3.92036,125.966,91.3965,-5.95575,136.47,92.7431,-3.38642,111.159,80.5141,4.92565,-174.187,68.0417,-12.4336,94.0522,
49.5546,48.3173,-10.9548,-24.6975,141.053,-3.84969,125.813,91.4987,-5.95154,136.362,92.736,-3.35713,111.311,80.5439,4.89216,-174.185,68.0385,-12.4389,94.0001,
49.5546,48.3173,-10.9548,-24.6975,141.053,-3.84969,125.813,91.4987,-5.95154,136.362,92.736,-3.35713,111.311,80.5439,4.89216,-174.185,68.0385,-12.4389,94.0001,
49.5223,48.3207,-10.9906,-24.7082,141.057,-3.87261,125.807,91.5345,-5.94381,136.274,92.736,-3.35713,111.311,80.5439,4.89216,-174.185,68.0277,-12.4525,93.9538,
49.5223,48.3207,-10.9906,-24.7082,141.057,-3.87261,125.807,91.5345,-5.94381,136.274,92.736,-3.35713,111.311,80.5439,4.89216,-174.185,68.0277,-12.4525,93.9538,
49.6385,48.4453,-10.9362,-24.7468,141.197,-3.77174,125.67,91.5582,-5.93779,136.172,92.7514,-3.34368,111.107,80.622,4.88365,-174.263,68.0046,-12.4433,93.8867,
49.6385,48.4453,-10.9362,-24.7468,141.197,-3.77174,125.67,91.5582,-5.93779,136.172,92.7514,-3.34368,111.107,80.622,4.88365,-174.263,68.0046,-12.4433,93.8867,
49.4708,48.4033,-10.9981,-24.7233,141.132,-3.71888,125.435,91.6608,-5.96068,135.95,92.7284,-3.32216,111.225,80.6627,4.86962,-174.303,68.0051,-12.4354,93.8409,
49.4708,48.4033,-10.9981,-24.7233,141.132,-3.71888,125.435,91.6608,-5.96068,135.95,92.7284,-3.32216,111.225,80.6627,4.86962,-174.303,68.0051,-12.4354,93.8409,
49.2483,48.2862,-11.0984,-24.7915,141.084,-3.72938,125.211,91.8354,-6.0425,135.76,92.7975,-3.34439,110.988,80.737,4.83514,-174.375,68.006,-12.4313,93.6921,
49.2483,48.2862,-11.0984,-24.7915,141.084,-3.72938,125.211,91.8354,-6.0425,135.76,92.7975,-3.34439,110.988,80.737,4.83514,-174.375,68.006,-12.4313,93.6921,
49.1664,48.212,-11.0431,-24.7985,141.018,-3.56624,124.986,91.8519,-6.04346,135.709,92.8063,-3.3543,110.901,80.8088,4.82231,-174.41,68.0078,-12.4311,93.6346,
49.1664,48.212,-11.0431,-24.7985,141.018,-3.56624,124.986,91.8519,-6.04346,135.709,92.8063,-3.3543,110.901,80.8088,4.82231,-174.41,68.0078,-12.4311,93.6346,
49.0114,48.0878,-11.0199,-24.7807,140.879,-3.53918,124.703,91.8678,-6.03847,135.661,92.7914,-3.35691,110.832,80.8479,4.81856,-174.423,68.0108,-12.4202,93.5569,
49.0114,48.0878,-11.0199,-24.7807,140.879,-3.53918,124.703,91.8678,-6.03847,135.661,92.7914,-3.35691,110.832,80.8479,4.81856,-174.423,68.0108,-12.4202,93.5569,
48.9833,48.0893,-11.0059,-24.7785,140.881,-3.55666,124.637,91.8974,-6.0366,135.63,92.7914,-3.35691,110.832,80.8915,4.80539,-174.436,68.013,-12.4172,93.5305,
48.9833,48.0893,-11.0059,-24.7785,140.881,-3.55666,124.637,91.8974,-6.0366,135.63,92.7914,-3.35691,110.832,80.8915,4.80539,-174.436,68.013,-12.4172,93.5305,
48.8147,48.1047,-11.0984,-24.7562,140.879,-3.62207,124.533,92.0647,-6.09776,135.614,92.7747,-3.35016,110.82,80.9662,4.78138,-174.458,68.0185,-12.4341,93.5293,
48.8147,48.1047,-11.0984,-24.7562,140.879,-3.62207,124.533,92.0647,-6.09776,135.614,92.7747,-3.35016,110.82,80.9662,4.78138,-174.458,68.0185,-12.4341,93.5293,
48.497,47.9065,-11.1911,-24.8211,140.722,-3.66254,124.445,92.2252,-6.0542,135.597,92.8156,-3.35417,110.784,81.034,4.80472,-174.452,67.9946,-12.4218,93.5344,
48.497,47.9065,-11.1911,-24.8211,140.722,-3.66254,124.445,92.2252,-6.0542,135.597,92.8156,-3.35417,110.784,81.034,4.80472,-174.452,67.9946,-12.4218,93.5344,
48.4285,47.918,-11.223,-24.8083,140.692,-3.7191,124.397,92.2631,-6.04666,135.593,92.7737,-3.28636,110.793,81.0402,4.82201,-174.452,67.9654,-12.3839,93.5407,
48.4285,47.918,-11.223,-24.8083,140.692,-3.7191,124.397,92.2631,-6.04666,135.593,92.7737,-3.28636,110.793,81.0402,4.82201,-174.452,67.9654,-12.3839,93.5407,
48.244,47.7725,-11.2651,-24.8201,140.579,-3.77888,124.322,92.335,-6.05425,135.586,92.8064,-3.26308,110.992,81.0699,4.79567,-174.449,67.9863,-12.3678,93.5362,
48.244,47.7725,-11.2651,-24.8201,140.579,-3.77888,124.322,92.335,-6.05425,135.586,92.8064,-3.26308,110.992,81.0699,4.79567,-174.449,67.9863,-12.3678,93.5362,
48.4113,47.9144,-11.3539,-24.9305,140.817,-3.701,124.186,92.4059,-6.05043,135.599,92.9029,-3.28423,110.973,81.052,4.77226,-174.443,67.9723,-12.3382,93.5392,
48.4113,47.9144,-11.3539,-24.9305,140.817,-3.701,124.186,92.4059,-6.05043,135.599,92.9029,-3.28423,110.973,81.052,4.77226,-174.443,67.9723,-12.3382,93.5392,
48.3694,47.9109,-11.3796,-24.892,140.775,-3.7387,124.209,92.4059,-6.05043,135.599,92.8643,-3.29025,111.005,81.0263,4.791,-174.431,67.9723,-12.3382,93.5392,
48.3694,47.9109,-11.3796,-24.892,140.775,-3.7387,124.209,92.4059,-6.05043,135.599,92.8643,-3.29025,111.005,81.0263,4.791,-174.431,67.9723,-12.3382,93.5392,
48.415,47.954,-11.3584,-24.8696,140.775,-3.7387,124.209,92.3602,-6.03437,135.604,92.8213,-3.28495,111.056,81.0019,4.80914,-174.415,67.9517,-12.3605,93.5436,
48.415,47.954,-11.3584,-24.8696,140.775,-3.7387,124.209,92.3602,-6.03437,135.604,92.8213,-3.28495,111.056,81.0019,4.80914,-174.415,67.9517,-12.3605,93.5436,
48.4676,47.8764,-11.3321,-24.9361,140.752,-3.80818,124.183,92.2842,-6.01524,135.634,92.8754,-3.25757,111.189,80.952,4.83838,-174.375,67.9393,-12.3519,93.5463,
48.4676,47.8764,-11.3321,-24.9361,140.752,-3.80818,124.183,92.2842,-6.01524,135.634,92.8754,-3.25757,111.189,80.952,4.83838,-174.375,67.9393,-12.3519,93.5463,
48.5546,47.8914,-11.3128,-24.985,140.775,-3.83969,124.253,92.2203,-5.99716,135.753,92.8834,-3.26898,111.22,80.9075,4.86055,-174.332,67.8984,-12.3739,93.555,
48.5546,47.8914,-11.3128,-24.985,140.775,-3.83969,124.253,92.2203,-5.99716,135.753,92.8834,-3.26898,111.22,80.9075,4.86055,-174.332,67.8984,-12.3739,93.555,
48.5591,47.958,-11.3387,-24.955,140.763,-3.79037,124.268,92.2036,-5.98506,135.797,92.8047,-3.26573,111.359,80.8649,4.87295,-174.292,67.8497,-12.4054,93.5655,
48.5591,47.958,-11.3387,-24.955,140.763,-3.79037,124.268,92.2036,-5.98506,135.797,92.8047,-3.26573,111.359,80.8649,4.87295,-174.292,67.8497,-12.4054,93.5655,
48.6388,48.0175,-11.3456,-24.9603,140.822,-3.83421,124.383,92.1834,-5.97254,135.843,92.8047,-3.26573,111.359,80.8378,4.88424,-174.276,67.8444,-12.4424,93.5666,
48.6388,48.0175,-11.3456,-24.9603,140.822,-3.83421,124.383,92.1834,-5.97254,135.843,92.8047,-3.26573,111.359,80.8378,4.88424,-174.276,67.8444,-12.4424,93.5666,
48.5926,47.9818,-11.3764,-24.9301,140.756,-3.92435,124.515,92.1637,-5.9636,135.886,92.7745,-3.26584,111.373,80.7873,4.90521,-174.245,67.8444,-12.4424,93.5666,
48.5926,47.9818,-11.3764,-24.9301,140.756,-3.92435,124.515,92.1637,-5.9636,135.886,92.7745,-3.26584,111.373,80.7873,4.90521,-174.245,67.8444,-12.4424,93.5666,
48.5963,47.9685,-11.3594,-24.9301,140.743,-3.96024,124.553,92.1467,-5.96359,135.926,92.7745,-3.26584,111.373,80.7873,4.90521,-174.245,67.8444,-12.4424,93.5666,
48.5963,47.9685,-11.3594,-24.9301,140.743,-3.96024,124.553,92.1467,-5.96359,135.926,92.7745,-3.26584,111.373,80.7873,4.90521,-174.245,67.8444,-12.4424,93.5666,
48.6227,47.9609,-11.3427,-24.9541,140.717,-4.02482,124.661,92.0942,-5.96053,136.08,92.7559,-3.2777,111.482,80.7515,4.91387,-174.194,67.8018,-12.44,93.5758,
48.6227,47.9609,-11.3427,-24.9541,140.717,-4.02482,124.661,92.0942,-5.96053,136.08,92.7559,-3.2777,111.482,80.7515,4.91387,-174.194,67.8018,-12.44,93.5758,
48.6632,47.9647,-11.3054,-24.932,140.721,-4.07878,124.754,92.0574,-5.93954,136.166,92.7559,-3.2777,111.482,80.7521,4.93211,-174.169,67.8239,-12.4345,93.5921,
48.6632,47.9647,-11.3054,-24.932,140.721,-4.07878,124.754,92.0574,-5.93954,136.166,92.7559,-3.2777,111.482,80.7521,4.93211,-174.169,67.8239,-12.4345,93.5921,
48.6659,47.9103,-11.2678,-24.9738,140.708,-4.14824,124.889,92.0421,-5.93307,136.191,92.7978,-3.27026,111.289,80.7743,4.92896,-174.167,67.8239,-12.4345,93.5921,
48.6659,47.9103,-11.2678,-24.9738,140.708,-4.14824,124.889,92.0421,-5.93307,136.191,92.7978,-3.27026,111.289,80.7743,4.92896,-174.167,67.8239,-12.4345,93.5921,
48.6919,47.9328,-11.2452,-24.9533,140.703,-4.1826,125.018,92.0112,-5.91266,136.238,92.7702,-3.26236,111.351,80.7659,4.93241,-174.146,67.817,-12.4398,93.5936,
48.6919,47.9328,-11.2452,-24.9533,140.703,-4.1826,125.018,92.0112,-5.91266,136.238,92.7702,-3.26236,111.351,80.7659,4.93241,-174.146,67.817,-12.4398,93.5936,
48.7089,47.9339,-11.2295,-24.9323,140.671,-4.18044,125.091,91.9618,-5.873,136.243,92.7368,-3.21909,111.353,80.7323,4.94232,-174.149,67.8045,-12.4275,93.5962,
48.7089,47.9339,-11.2295,-24.9323,140.671,-4.18044,125.091,91.9618,-5.873,136.243,92.7368,-3.21909,111.353,80.7323,4.94232,-174.149,67.8045,-12.4275,93.5962,
48.8695,47.9887,-11.1789,-24.9323,140.726,-4.19816,125.152,91.856,-5.85885,136.253,92.7368,-3.21909,111.353,80.6771,4.93746,-174.154,67.8045,-12.4275,93.5962,
48.8695,47.9887,-11.1789,-24.9323,140.726,-4.19816,125.152,91.856,-5.85885,136.253,92.7368,-3.21909,111.353,80.6771,4.93746,-174.154,67.8045,-12.4275,93.5962,
48.8819,47.9662,-11.1962,-24.9688,140.759,-4.17396,125.154,91.8766,-5.87415,136.203,92.7923,-3.24764,111.428,80.6804,4.96078,-174.153,67.8235,-12.42,93.5922,
48.8819,47.9662,-11.1962,-24.9688,140.759,-4.17396,125.154,91.8766,-5.87415,136.203,92.7923,-3.24764,111.428,80.6804,4.96078,-174.153,67.8235,-12.42,93.5922,
48.9004,48.0034,-11.1789,-24.9566,140.797,-4.12386,125.169,91.8961,-5.87959,136.179,92.7932,-3.24866,111.407,80.7172,4.95765,-174.15,67.8366,-12.4259,93.566,
48.9004,48.0034,-11.1789,-24.9566,140.797,-4.12386,125.169,91.8961,-5.87959,136.179,92.7932,-3.24866,111.407,80.7172,4.95765,-174.15,67.8366,-12.4259,93.566,
48.8637,48.023,-11.2213,-24.9409,140.801,-4.10531,125.138,91.9372,-5.89289,136.136,92.7779,-3.25135,111.353,80.7158,4.95025,-174.15,67.837,-12.4356,93.5659,
48.8637,48.023,-11.2213,-24.9409,140.801,-4.10531,125.138,91.9372,-5.89289,136.136,92.7779,-3.25135,111.353,80.7158,4.95025,-174.15,67.837,-12.4356,93.5659,
48.9561,48.139,-11.2489,-24.9342,140.924,-4.02218,125.063,91.9678,-5.89909,136.11,92.785,-3.24884,111.329,80.7189,4.94303,-174.15,67.8508,-12.4324,93.5629,
48.9561,48.139,-11.2489,-24.9342,140.924,-4.02218,125.063,91.9678,-5.89909,136.11,92.785,-3.24884,111.329,80.7189,4.94303,-174.15,67.8508,-12.4324,93.5629,
48.9763,48.1971,-11.3237,-24.9494,141.026,-3.95471,124.97,92.0501,-5.9013,136.053,92.8293,-3.25849,111.539,80.7264,4.94904,-174.169,67.8799,-12.4057,93.5567,
48.9763,48.1971,-11.3237,-24.9494,141.026,-3.95471,124.97,92.0501,-5.9013,136.053,92.8293,-3.25849,111.539,80.7264,4.94904,-174.169,67.8799,-12.4057,93.5567,
49.0511,48.3542,-11.4033,-24.9604,141.188,-3.92123,124.911,92.1369,-5.9353,135.98,92.8337,-3.26475,111.438,80.7336,4.87893,-174.168,67.8734,-12.4082,93.5336,
49.0511,48.3542,-11.4033,-24.9604,141.188,-3.92123,124.911,92.1369,-5.9353,135.98,92.8337,-3.26475,111.438,80.7336,4.87893,-174.168,67.8734,-12.4082,93.5336,
49.0619,48.4019,-11.4401,-24.9599,141.236,-3.8768,124.875,92.1737,-5.94756,135.952,92.8337,-3.26475,111.438,80.7336,4.87893,-174.168,67.8738,-12.417,93.5063,
49.0619,48.4019,-11.4401,-24.9599,141.236,-3.8768,124.875,92.1737,-5.94756,135.952,92.8337,-3.26475,111.438,80.7336,4.87893,-174.168,67.8738,-12.417,93.5063,
49.0333,48.3771,-11.4616,-24.9798,141.245,-3.78078,124.775,92.2112,-5.94687,135.926,92.8674,-3.27528,111.677,80.7496,4.89747,-174.167,67.8876,-12.4192,93.5034,
49.0333,48.3771,-11.4616,-24.9798,141.245,-3.78078,124.775,92.2112,-5.94687,135.926,92.8674,-3.27528,111.677,80.7496,4.89747,-174.167,67.8876,-12.4192,93.5034,
49.1072,48.5121,-11.5796,-25.0021,141.394,-3.71031,124.679,92.2871,-5.95955,135.854,92.8822,-3.27575,111.62,80.7075,4.90088,-174.171,67.8802,-12.4489,93.505,
49.1072,48.5121,-11.5796,-25.0021,141.394,-3.71031,124.679,92.2871,-5.95955,135.854,92.8822,-3.27575,111.62,80.7075,4.90088,-174.171,67.8802,-12.4489,93.505,
49.1598,48.6311,-11.6826,-24.9854,141.508,-3.61251,124.591,92.348,-5.97175,135.804,92.8768,-3.27335,111.601,80.6654,4.90503,-174.174,67.8914,-12.4492,93.5026,
49.1598,48.6311,-11.6826,-24.9854,141.508,-3.61251,124.591,92.348,-5.97175,135.804,92.8768,-3.27335,111.601,80.6654,4.90503,-174.174,67.8914,-12.4492,93.5026,
49.1617,48.7035,-11.7069,-24.9433,141.542,-3.58636,124.591,92.3805,-5.97996,135.799,92.8388,-3.24755,111.603,80.6737,4.90041,-174.174,67.8955,-12.4403,93.5017,
49.1617,48.7035,-11.7069,-24.9433,141.542,-3.58636,124.591,92.3805,-5.97996,135.799,92.8388,-3.24755,111.603,80.6737,4.90041,-174.174,67.8955,-12.4403,93.5017,
49.3029,48.8162,-11.7101,-24.9766,141.704,-3.55846,124.566,92.4011,-6.00185,135.797,92.8878,-3.24929,111.691,80.6909,4.88147,-174.172,67.9113,-12.4433,93.4983,
49.3029,48.8162,-11.7101,-24.9766,141.704,-3.55846,124.566,92.4011,-6.00185,135.797,92.8878,-3.24929,111.691,80.6909,4.88147,-174.172,67.9113,-12.4433,93.4983,
49.4343,48.8908,-11.6809,-25.027,141.803,-3.522,124.531,92.3689,-6.02788,135.801,92.9124,-3.28829,111.69,80.6881,4.88884,-174.172,67.8854,-12.4197,93.5038,
49.4343,48.8908,-11.6809,-25.027,141.803,-3.522,124.531,92.3689,-6.02788,135.801,92.9124,-3.28829,111.69,80.6881,4.88884,-174.172,67.8854,-12.4197,93.5038,
49.5004,49.0547,-11.7386,-25.002,141.942,-3.48456,124.572,92.4421,-5.99298,135.844,92.8878,-3.265,111.741,80.7035,4.89985,-174.171,67.8858,-12.393,93.5037,
49.5004,49.0547,-11.7386,-25.002,141.942,-3.48456,124.572,92.4421,-5.99298,135.844,92.8878,-3.265,111.741,80.7035,4.89985,-174.171,67.8858,-12.393,93.5037,
49.5391,49.168,-11.745,-24.9679,142.044,-3.44871,124.585,92.5048,-5.98257,135.837,92.876,-3.26822,111.741,80.7598,4.86339,-174.166,67.9081,-12.383,93.499,
49.5391,49.168,-11.745,-24.9679,142.044,-3.44871,124.585,92.5048,-5.98257,135.837,92.876,-3.26822,111.741,80.7598,4.86339,-174.166,67.9081,-12.383,93.499,
49.5902,49.1879,-11.7798,-25.0364,142.132,-3.39694,124.602,92.5422,-5.98079,135.834,92.9445,-3.23888,111.572,80.7624,4.87482,-174.166,67.9081,-12.383,93.499,
49.5902,49.1879,-11.7798,-25.0364,142.132,-3.39694,124.602,92.5422,-5.98079,135.834,92.9445,-3.23888,111.572,80.7624,4.87482,-174.166,67.9081,-12.383,93.499,
49.7377,49.324,-11.7744,-25.0245,142.269,-3.32563,124.65,92.5315,-5.97413,135.835,92.9452,-3.25438,111.572,80.7571,4.88178,-174.166,67.9207,-12.3491,93.5138,
49.7377,49.324,-11.7744,-25.0245,142.269,-3.32563,124.65,92.5315,-5.97413,135.835,92.9452,-3.25438,111.572,80.7571,4.88178,-174.166,67.9207,-12.3491,93.5138,
49.7978,49.3798,-11.7773,-24.9969,142.327,-3.30818,124.692,92.5293,-5.99792,135.835,92.9473,-3.25274,111.572,80.752,4.88247,-174.167,67.9504,-12.3244,93.5075,
49.7978,49.3798,-11.7773,-24.9969,142.327,-3.30818,124.692,92.5293,-5.99792,135.835,92.9473,-3.25274,111.572,80.752,4.88247,-174.167,67.9504,-12.3244,93.5075,
49.7912,49.4205,-11.8132,-24.9932,142.356,-3.33225,124.736,92.5651,-6.03261,135.831,92.9358,-3.2205,111.572,80.7519,4.86914,-174.167,67.9426,-12.3045,93.5091,
49.7912,49.4205,-11.8132,-24.9932,142.356,-3.33225,124.736,92.5651,-6.03261,135.831,92.9358,-3.2205,111.572,80.7519,4.86914,-174.167,67.9426,-12.3045,93.5091,
49.8405,49.4624,-11.7884,-25.0057,142.406,-3.31261,124.773,92.5651,-6.03261,135.831,92.9431,-3.20425,111.644,80.7767,4.83442,-174.165,67.9374,-12.3002,93.5102,
49.8405,49.4624,-11.7884,-25.0057,142.406,-3.31261,124.773,92.5651,-6.03261,135.831,92.9431,-3.20425,111.644,80.7767,4.83442,-174.165,67.9374,-12.3002,93.5102,
49.906,49.5478,-11.8263,-25.0066,142.522,-3.22915,124.846,92.6163,-6.03226,135.907,92.9745,-3.20839,111.643,80.79,4.84377,-174.164,67.9678,-12.2682,93.5037,
49.906,49.5478,-11.8263,-25.0066,142.522,-3.22915,124.846,92.6163,-6.03226,135.907,92.9745,-3.20839,111.643,80.79,4.84377,-174.164,67.9678,-12.2682,93.5037,
50.0188,49.6797,-11.8163,-24.9688,142.633,-3.17032,124.875,92.614,-6.01753,135.951,92.9531,-3.24175,111.644,80.7976,4.85146,-174.163,67.9843,-12.2847,93.5003,
50.0188,49.6797,-11.8163,-24.9688,142.633,-3.17032,124.875,92.614,-6.01753,135.951,92.9531,-3.24175,111.644,80.7976,4.85146,-174.163,67.9843,-12.2847,93.5003,
50.0443,49.7186,-11.8152,-24.96,142.672,-3.16388,124.946,92.6273,-6.01867,135.95,92.9531,-3.24175,111.644,80.8121,4.85117,-174.162,67.9931,-12.2625,93.5182,
50.0443,49.7186,-11.8152,-24.96,142.672,-3.16388,124.946,92.6273,-6.01867,135.95,92.9531,-3.24175,111.644,80.8121,4.85117,-174.162,67.9931,-12.2625,93.5182,
50.0888,49.7337,-11.8097,-25.001,142.737,-3.16428,125.062,92.6485,-6.01948,135.948,93.0037,-3.20535,111.566,80.8388,4.85066,-174.16,68.0027,-12.2212,93.5162,
50.0888,49.7337,-11.8097,-25.001,142.737,-3.16428,125.062,92.6485,-6.01948,135.948,93.0037,-3.20535,111.566,80.8388,4.85066,-174.16,68.0027,-12.2212,93.5162,
50.0595,49.7239,-11.7973,-24.9837,142.717,-3.09089,125.092,92.657,-5.99067,135.947,92.9926,-3.19339,111.598,80.8597,4.86152,-174.158,68.0089,-12.2092,93.5148,
50.0595,49.7239,-11.7973,-24.9837,142.717,-3.09089,125.092,92.657,-5.99067,135.947,92.9926,-3.19339,111.598,80.8597,4.86152,-174.158,68.0089,-12.2092,93.5148,
50.1371,49.8015,-11.8109,-24.9956,142.794,-3.07894,125.139,92.657,-5.99067,135.947,92.9926,-3.19339,111.598,80.8461,4.86183,-174.159,67.997,-12.1917,93.5173,
50.1371,49.8015,-11.8109,-24.9956,142.794,-3.07894,125.139,92.657,-5.99067,135.947,92.9926,-3.19339,111.598,80.8461,4.86183,-174.159,67.997,-12.1917,93.5173,
50.3475,49.8883,-11.7282,-25.0024,142.922,-3.03368,125.174,92.5742,-5.9349,135.955,93.0334,-3.1454,111.566,80.846,4.89899,-174.159,68.031,-12.1467,93.5102,
50.3475,49.8883,-11.7282,-25.0024,142.922,-3.03368,125.174,92.5742,-5.9349,135.955,93.0334,-3.1454,111.566,80.846,4.89899,-174.159,68.031,-12.1467,93.5102,
50.3848,49.9677,-11.7684,-24.9902,143.009,-2.95049,125.187,92.6245,-5.94399,135.961,93.0416,-3.1437,111.543,80.8561,4.89769,-174.158,68.0515,-12.1469,93.5059,
50.3848,49.9677,-11.7684,-24.9902,143.009,-2.95049,125.187,92.6245,-5.94399,135.961,93.0416,-3.1437,111.543,80.8561,4.89769,-174.158,68.0515,-12.1469,93.5059,
50.354,49.9582,-11.8281,-24.9929,143.01,-2.95714,125.282,92.6561,-5.95679,135.974,93.052,-3.17264,111.543,80.828,4.87984,-174.16,68.0591,-12.1273,93.5043,
50.354,49.9582,-11.8281,-24.9929,143.01,-2.95714,125.282,92.6561,-5.95679,135.974,93.052,-3.17264,111.543,80.828,4.87984,-174.16,68.0591,-12.1273,93.5043,
50.4279,50.0414,-11.8408,-24.9669,143.101,-2.88151,125.316,92.6733,-5.9389,135.972,93.0599,-3.17857,111.542,80.8325,4.89616,-174.16,68.0929,-12.1177,93.4972,
50.4279,50.0414,-11.8408,-24.9669,143.101,-2.88151,125.316,92.6733,-5.9389,135.972,93.0599,-3.17857,111.542,80.8325,4.89616,-174.16,68.0929,-12.1177,93.4972,
50.4305,50.0581,-11.8693,-24.9921,143.142,-2.84854,125.346,92.7119,-5.94536,135.968,93.0844,-3.1669,111.647,80.8426,4.90894,-174.159,68.0923,-12.1191,93.4973,
50.4305,50.0581,-11.8693,-24.9921,143.142,-2.84854,125.346,92.7119,-5.94536,135.968,93.0844,-3.1669,111.647,80.8426,4.90894,-174.159,68.0923,-12.1191,93.4973,
50.384,50.1067,-11.9247,-24.9736,143.18,-2.84151,125.37,92.7955,-5.988,135.96,93.0729,-3.13074,111.648,80.8708,4.91138,-174.157,68.0993,-12.1081,93.4958,
50.384,50.1067,-11.9247,-24.9736,143.18,-2.84151,125.37,92.7955,-5.988,135.96,93.0729,-3.13074,111.648,80.8708,4.91138,-174.157,68.0993,-12.1081,93.4958,
50.391,50.1038,-11.9253,-24.9894,143.212,-2.82744,125.369,92.8215,-5.99066,135.957,93.1087,-3.11706,111.646,80.8962,4.86945,-174.155,68.1193,-12.0742,93.4916,
50.391,50.1038,-11.9253,-24.9894,143.212,-2.82744,125.369,92.8215,-5.99066,135.957,93.1087,-3.11706,111.646,80.8962,4.86945,-174.155,68.1193,-12.0742,93.4916,
50.4535,50.1496,-11.9557,-25.0289,143.323,-2.74113,125.395,92.8692,-5.95211,135.952,93.1732,-3.10793,111.618,80.9135,4.89457,-174.153,68.1442,-12.0508,93.4864,
50.4535,50.1496,-11.9557,-25.0289,143.323,-2.74113,125.395,92.8692,-5.95211,135.952,93.1732,-3.10793,111.618,80.9135,4.89457,-174.153,68.1442,-12.0508,93.4864,
50.5316,50.2623,-11.9293,-24.9842,143.375,-2.72637,125.431,92.8433,-5.95129,135.955,93.1126,-3.10417,111.507,80.914,4.8938,-174.153,68.1285,-12.0436,93.4897,
50.5316,50.2623,-11.9293,-24.9842,143.375,-2.72637,125.431,92.8433,-5.95129,135.955,93.1126,-3.10417,111.507,80.914,4.8938,-174.153,68.1285,-12.0436,93.4897,
50.6167,50.2421,-11.8529,-24.9686,143.392,-2.76079,125.488,92.7755,-5.97292,135.962,93.1501,-3.09686,111.505,80.9226,4.88181,-174.152,68.1815,-12.0382,93.4786,
50.6167,50.2421,-11.8529,-24.9686,143.392,-2.76079,125.488,92.7755,-5.97292,135.962,93.1501,-3.09686,111.505,80.9226,4.88181,-174.152,68.1815,-12.0382,93.4786,
50.7343,50.3593,-11.8745,-24.9783,143.509,-2.73779,125.507,92.7751,-5.97493,135.962,93.1501,-3.09686,111.505,80.9006,4.8777,-174.154,68.1718,-12.0149,93.4807,
50.7343,50.3593,-11.8745,-24.9783,143.509,-2.73779,125.507,92.7751,-5.97493,135.962,93.1501,-3.09686,111.505,80.9006,4.8777,-174.154,68.1718,-12.0149,93.4807,
50.7371,50.4241,-11.9558,-25.0133,143.593,-2.69042,125.489,92.8563,-5.9914,135.953,93.1693,-3.09409,111.504,80.9004,4.86651,-174.154,68.156,-11.999,93.484,
50.7371,50.4241,-11.9558,-25.0133,143.593,-2.69042,125.489,92.8563,-5.9914,135.953,93.1693,-3.09409,111.504,80.9004,4.86651,-174.154,68.156,-11.999,93.484,
50.805,50.5559,-11.9558,-24.9648,143.661,-2.67203,125.514,92.8563,-5.9914,135.953,93.1054,-3.02651,111.322,80.9004,4.86651,-174.154,68.1406,-11.9944,93.4872,
50.805,50.5559,-11.9558,-24.9648,143.661,-2.67203,125.514,92.8563,-5.9914,135.953,93.1054,-3.02651,111.322,80.9004,4.86651,-174.154,68.1406,-11.9944,93.4872,
50.8046,50.5481,-11.9755,-24.9952,143.697,-2.66028,125.547,92.8925,-5.9939,135.949,93.149,-3.04227,111.32,80.917,4.8622,-174.153,68.1538,-11.9872,93.4844,
50.8046,50.5481,-11.9755,-24.9952,143.697,-2.66028,125.547,92.8925,-5.9939,135.949,93.149,-3.04227,111.32,80.917,4.8622,-174.153,68.1538,-11.9872,93.4844,
50.7789,50.4868,-11.9421,-24.9999,143.653,-2.67615,125.601,92.8737,-5.99338,135.951,93.1658,-3.07297,111.319,80.9316,4.87095,-174.152,68.1659,-11.9725,93.4819,
50.7789,50.4868,-11.9421,-24.9999,143.653,-2.67615,125.601,92.8737,-5.99338,135.951,93.1658,-3.07297,111.319,80.9316,4.87095,-174.152,68.1659,-11.9725,93.4819,
50.8678,50.5589,-11.9291,-25.0243,143.726,-2.54921,125.49,92.8579,-5.987,135.953,93.1668,-3.07079,111.319,80.9288,4.88375,-174.152,68.1425,-11.9692,93.4867,
50.8678,50.5589,-11.9291,-25.0243,143.726,-2.54921,125.49,92.8579,-5.987,135.953,93.1668,-3.07079,111.319,80.9288,4.88375,-174.152,68.1425,-11.9692,93.4867,
50.8239,50.5796,-11.9425,-24.9889,143.705,-2.64914,125.608,92.8809,-5.96151,135.951,93.1252,-3.04396,111.266,80.9384,4.85927,-174.151,68.1363,-11.97,93.488,
50.8239,50.5796,-11.9425,-24.9889,143.705,-2.64914,125.608,92.8809,-5.96151,135.951,93.1252,-3.04396,111.266,80.9384,4.85927,-174.151,68.1363,-11.97,93.488,
50.9306,50.6565,-11.9481,-24.9882,143.822,-2.57734,125.564,92.891,-5.95153,135.928,93.1651,-2.9959,111.241,80.9429,4.86257,-174.151,68.1769,-11.9396,93.4796,
50.9306,50.6565,-11.9481,-24.9882,143.822,-2.57734,125.564,92.891,-5.95153,135.928,93.1651,-2.9959,111.241,80.9429,4.86257,-174.151,68.1769,-11.9396,93.4796,
50.9532,50.6611,-11.9551,-25.0132,143.851,-2.53491,125.516,92.8981,-5.95634,135.906,93.1902,-2.99838,111.217,80.943,4.86972,-174.151,68.1769,-11.9396,93.4796,
50.9532,50.6611,-11.9551,-25.0132,143.851,-2.53491,125.516,92.8981,-5.95634,135.906,93.1902,-2.99838,111.217,80.943,4.86972,-174.151,68.1769,-11.9396,93.4796,
50.9719,50.696,-11.9396,-24.9828,143.862,-2.54701,125.521,92.8899,-5.99004,135.907,93.1658,-3.0398,111.218,80.9503,4.86747,-174.15,68.183,-11.9517,93.4556,
50.9719,50.696,-11.9396,-24.9828,143.862,-2.54701,125.521,92.8899,-5.99004,135.907,93.1658,-3.0398,111.218,80.9503,4.86747,-174.15,68.183,-11.9517,93.4556,
50.9339,50.6877,-11.9253,-24.9625,143.824,-2.60181,125.545,92.8899,-5.99004,135.907,93.1361,-3.00901,111.324,80.9646,4.84874,-174.149,68.1736,-11.9506,93.4575,
50.9339,50.6877,-11.9253,-24.9625,143.824,-2.60181,125.545,92.8899,-5.99004,135.907,93.1361,-3.00901,111.324,80.9646,4.84874,-174.149,68.1736,-11.9506,93.4575,
50.8584,50.6647,-11.9914,-24.9475,143.814,-2.59824,125.584,92.9553,-6.00519,135.9,93.149,-3.01312,111.302,80.9639,4.81749,-174.149,68.2015,-11.9456,93.4316,
50.8584,50.6647,-11.9914,-24.9475,143.814,-2.59824,125.584,92.9553,-6.00519,135.9,93.149,-3.01312,111.302,80.9639,4.81749,-174.149,68.2015,-11.9456,93.4316,
50.9387,50.7756,-12.0083,-24.9281,143.917,-2.56346,125.541,92.9778,-6.02291,135.898,93.141,-3.01862,111.303,80.9695,4.82327,-174.148,68.2129,-11.9392,93.4293,
50.9387,50.7756,-12.0083,-24.9281,143.917,-2.56346,125.541,92.9778,-6.02291,135.898,93.141,-3.01862,111.303,80.9695,4.82327,-174.148,68.2129,-11.9392,93.4293,
50.9756,50.8531,-12.0012,-24.9014,143.972,-2.52921,125.508,92.9968,-6.01794,135.896,93.1193,-3.02478,111.422,80.9956,4.82486,-174.146,68.2179,-11.9443,93.4282,
50.9756,50.8531,-12.0012,-24.9014,143.972,-2.52921,125.508,92.9968,-6.01794,135.896,93.1193,-3.02478,111.422,80.9956,4.82486,-174.146,68.2179,-11.9443,93.4282,
50.9138,50.8009,-12.0296,-24.913,143.932,-2.51197,125.483,93.018,-6.03093,135.894,93.1309,-3.03657,111.421,80.9884,4.82561,-174.147,68.2179,-11.9443,93.4282,
50.9138,50.8009,-12.0296,-24.913,143.932,-2.51197,125.483,93.018,-6.03093,135.894,93.1309,-3.03657,111.421,80.9884,4.82561,-174.147,68.2179,-11.9443,93.4282,
50.871,50.7625,-12.0724,-24.9589,143.932,-2.51197,125.483,93.0608,-6.05271,135.889,93.1693,-3.0575,111.419,80.9884,4.82561,-174.147,68.2103,-11.9563,93.4298,
50.871,50.7625,-12.0724,-24.9589,143.932,-2.51197,125.483,93.0608,-6.05271,135.889,93.1693,-3.0575,111.419,80.9884,4.82561,-174.147,68.2103,-11.9563,93.4298,
50.842,50.6734,-12.0599,-24.9864,143.886,-2.49496,125.561,93.0435,-6.06128,135.891,93.2122,-3.00669,111.417,80.9836,4.77629,-174.147,68.2258,-11.9207,93.4266,
50.842,50.6734,-12.0599,-24.9864,143.886,-2.49496,125.561,93.0435,-6.06128,135.891,93.2122,-3.00669,111.417,80.9836,4.77629,-174.147,68.2258,-11.9207,93.4266,
50.8684,50.6987,-12.0268,-24.945,143.876,-2.47612,125.55,93.0072,-6.03509,135.895,93.1769,-2.99193,111.419,80.9804,4.78896,-174.148,68.2319,-11.9366,93.4253,
50.8684,50.6987,-12.0268,-24.945,143.876,-2.47612,125.55,93.0072,-6.03509,135.895,93.1769,-2.99193,111.419,80.9804,4.78896,-174.148,68.2319,-11.9366,93.4253,
50.8364,50.5721,-12.0417,-24.9976,143.817,-2.41209,125.518,92.9809,-6.0531,135.898,93.2452,-3.06153,111.361,80.9392,4.78557,-174.151,68.2476,-11.939,93.4221,
50.8364,50.5721,-12.0417,-24.9976,143.817,-2.41209,125.518,92.9809,-6.0531,135.898,93.2452,-3.06153,111.361,80.9392,4.78557,-174.151,68.2476,-11.939,93.4221,
50.6855,50.4141,-12.0599,-25.0086,143.678,-2.45815,125.53,92.992,-6.0891,135.897,93.2634,-3.02777,111.36,80.9321,4.75593,-174.152,68.2548,-11.9113,93.4206,
50.6855,50.4141,-12.0599,-25.0086,143.678,-2.45815,125.53,92.992,-6.0891,135.897,93.2634,-3.02777,111.36,80.9321,4.75593,-174.152,68.2548,-11.9113,93.4206,
50.7106,50.4477,-12.0436,-24.993,143.701,-2.484,125.577,92.9904,-6.15686,135.897,93.2533,-2.99884,111.361,80.9468,4.7333,-174.15,68.2603,-11.9019,93.4195,
50.7106,50.4477,-12.0436,-24.993,143.701,-2.484,125.577,92.9904,-6.15686,135.897,93.2533,-2.99884,111.361,80.9468,4.7333,-174.15,68.2603,-11.9019,93.4195,
50.7724,50.5095,-12.0436,-24.9819,143.763,-2.41682,125.54,92.9904,-6.15686,135.897,93.2533,-2.99884,111.361,80.9468,4.7333,-174.15,68.2714,-11.9198,93.3975,
50.7724,50.5095,-12.0436,-24.9819,143.763,-2.41682,125.54,92.9904,-6.15686,135.897,93.2533,-2.99884,111.361,80.9468,4.7333,-174.15,68.2714,-11.9198,93.3975,
50.6535,50.465,-12.0731,-24.9634,143.698,-2.34056,125.469,93.0446,-6.14222,135.891,93.2331,-3.10028,111.533,80.9715,4.74685,-174.148,68.2698,-11.9588,93.3978,
50.6535,50.465,-12.0731,-24.9634,143.698,-2.34056,125.469,93.0446,-6.14222,135.891,93.2331,-3.10028,111.533,80.9715,4.74685,-174.148,68.2698,-11.9588,93.3978,
50.5498,50.3452,-12.0616,-24.9561,143.602,-2.42123,125.509,93.052,-6.15403,135.89,93.2567,-3.06655,111.531,80.9904,4.71494,-174.147,68.3006,-11.9249,93.3915,
50.5498,50.3452,-12.0616,-24.9561,143.602,-2.42123,125.509,93.052,-6.15403,135.89,93.2567,-3.06655,111.531,80.9904,4.71494,-174.147,68.3006,-11.9249,93.3915,
50.6728,50.4888,-12.0836,-24.9542,143.743,-2.3085,125.499,93.0706,-6.13782,135.888,93.2546,-3.06838,111.51,80.987,4.70982,-174.147,68.3003,-11.9667,93.3707,
50.6728,50.4888,-12.0836,-24.9542,143.743,-2.3085,125.499,93.0706,-6.13782,135.888,93.2546,-3.06838,111.51,80.987,4.70982,-174.147,68.3003,-11.9667,93.3707,
50.5388,50.4199,-12.1191,-24.8949,143.631,-2.36688,125.471,93.092,-6.14508,135.89,93.2109,-3.07426,111.644,80.9729,4.70483,-174.148,68.316,-11.9587,93.3675,
50.5388,50.4199,-12.1191,-24.8949,143.631,-2.36688,125.471,93.092,-6.14508,135.89,93.2109,-3.07426,111.644,80.9729,4.70483,-174.148,68.316,-11.9587,93.3675,
50.4484,50.25,-12.1175,-24.9164,143.539,-2.5149,125.525,93.0909,-6.16655,135.901,93.2894,-3.07184,111.595,80.9734,4.6945,-174.148,68.373,-11.9438,93.3557,
50.4484,50.25,-12.1175,-24.9164,143.539,-2.5149,125.525,93.0909,-6.16655,135.901,93.2894,-3.07184,111.595,80.9734,4.6945,-174.148,68.373,-11.9438,93.3557,
50.3542,50.1121,-12.1159,-24.9418,143.436,-2.56629,125.515,93.0815,-6.1862,135.902,93.3236,-3.07921,111.561,80.9656,4.68212,-174.149,68.3818,-11.9328,93.3539,
50.3542,50.1121,-12.1159,-24.9418,143.436,-2.56629,125.515,93.0815,-6.1862,135.902,93.3236,-3.07921,111.561,80.9656,4.68212,-174.149,68.3818,-11.9328,93.3539,
50.3131,50.0536,-12.1172,-24.9546,143.393,-2.57936,125.486,93.08,-6.20273,135.902,93.3394,-3.08425,111.56,80.9628,4.65456,-174.149,68.3849,-11.9247,93.3532,
50.3131,50.0536,-12.1172,-24.9546,143.393,-2.57936,125.486,93.08,-6.20273,135.902,93.3394,-3.08425,111.56,80.9628,4.65456,-174.149,68.3849,-11.9247,93.3532,
50.1497,49.9416,-12.1505,-24.9635,143.3,-2.57982,125.35,93.1501,-6.19958,135.905,93.3583,-3.07189,111.79,80.9997,4.63949,-174.146,68.3948,-11.9333,93.3512,
50.1497,49.9416,-12.1505,-24.9635,143.3,-2.57982,125.35,93.1501,-6.19958,135.905,93.3583,-3.07189,111.79,80.9997,4.63949,-174.146,68.3948,-11.9333,93.3512,
49.979,49.7732,-12.1726,-24.9697,143.166,-2.65027,125.233,93.1865,-6.20844,135.901,93.3923,-3.07564,111.751,81.0139,4.64258,-174.145,68.4226,-11.9223,93.3167,
49.979,49.7732,-12.1726,-24.9697,143.166,-2.65027,125.233,93.1865,-6.20844,135.901,93.3923,-3.07564,111.751,81.0139,4.64258,-174.145,68.4226,-11.9223,93.3167,
49.7756,49.591,-12.2206,-24.9868,143.006,-2.66459,125.08,93.2302,-6.25519,135.896,93.4148,-3.0897,111.724,81.0096,4.60887,-174.145,68.428,-11.9393,93.2811,
49.7756,49.591,-12.2206,-24.9868,143.006,-2.66459,125.08,93.2302,-6.25519,135.896,93.4148,-3.0897,111.724,81.0096,4.60887,-174.145,68.428,-11.9393,93.2811,
49.6644,49.5143,-12.2449,-24.9658,142.914,-2.64277,125.022,93.2496,-6.26501,135.916,93.3996,-3.13546,111.752,81.0047,4.58954,-174.146,68.4338,-11.9499,93.2799,
49.6644,49.5143,-12.2449,-24.9658,142.914,-2.64277,125.022,93.2496,-6.26501,135.916,93.3996,-3.13546,111.752,81.0047,4.58954,-174.146,68.4338,-11.9499,93.2799,
49.3878,49.3029,-12.2675,-24.9332,142.666,-2.71271,124.977,93.2778,-6.26766,135.913,93.3627,-3.12775,111.65,81.0104,4.59762,-174.145,68.4296,-11.94,93.2808,
49.3878,49.3029,-12.2675,-24.9332,142.666,-2.71271,124.977,93.2778,-6.26766,135.913,93.3627,-3.12775,111.65,81.0104,4.59762,-174.145,68.4296,-11.94,93.2808,
49.3878,49.3029,-12.2675,-24.9174,142.666,-2.71271,124.977,93.2778,-6.26766,135.913,93.3627,-3.12775,111.65,81.0104,4.59762,-174.145,68.4453,-11.9473,93.2412,
49.3878,49.3029,-12.2675,-24.9174,142.666,-2.71271,124.977,93.2778,-6.26766,135.913,93.3627,-3.12775,111.65,81.0104,4.59762,-174.145,68.4453,-11.9473,93.2412,
49.1965,49.0493,-12.241,-24.9201,142.44,-2.63611,124.775,93.2432,-6.27496,135.98,93.3904,-3.18306,111.648,81.0021,4.59697,-174.146,68.4702,-11.9694,93.1821,
49.1965,49.0493,-12.241,-24.9201,142.44,-2.63611,124.775,93.2432,-6.27496,135.98,93.3904,-3.18306,111.648,81.0021,4.59697,-174.146,68.4702,-11.9694,93.1821,
49.0386,48.8411,-12.2638,-24.9534,142.291,-2.52866,124.582,93.2526,-6.25481,136.073,93.45,-3.10574,111.55,80.9887,4.58088,-174.147,68.4966,-11.9715,93.1582,
49.0386,48.8411,-12.2638,-24.9534,142.291,-2.52866,124.582,93.2526,-6.25481,136.073,93.45,-3.10574,111.55,80.9887,4.58088,-174.147,68.4966,-11.9715,93.1582,
