-93.723,126.001,-114.073,76.8799,110.903,10.2379,-115.805,-155.374,36.647,165.493,-15.0978,-38.8624,37.8991,90.5529,13.4731,151.113,61.7821,-8.80829,80.0863,
-93.723,126.001,-114.073,76.8799,110.903,10.2379,-115.805,-155.374,36.647,165.493,-15.0978,-38.8624,37.8991,90.5529,13.4731,151.113,61.7821,-8.80829,80.0863,
-90.5714,120.636,-111.03,70.8824,110.869,11.0367,-115.658,-158.56,30.8182,167.825,-9.76739,-34.8602,37.9621,90.41,13.1751,151.522,61.115,-10.4982,76.8461,
-90.5714,120.636,-111.03,70.8824,110.869,11.0367,-115.658,-158.56,30.8182,167.825,-9.76739,-34.8602,37.9621,90.41,13.1751,151.522,61.115,-10.4982,76.8461,
-88.4099,120.885,-109.444,70.7268,111.118,11.4449,-115.339,-160.472,28.0558,169.346,-9.76739,-34.8602,37.9621,90.0838,12.8634,152.039,60.9594,-10.9378,76.1385,
-88.4099,120.885,-109.444,70.7268,111.118,11.4449,-115.339,-160.472,28.0558,169.346,-9.76739,-34.8602,37.9621,90.0838,12.8634,152.039,60.9594,-10.9378,76.1385,
-87.9273,102.12,-109.729,51.479,111.601,12.0515,-114.366,-160.472,28.0558,169.346,9.48036,-29.9861,33.6487,89.7988,12.7468,152.358,60.9594,-10.9378,76.1385,
-87.9273,102.12,-109.729,51.479,111.601,12.0515,-114.366,-160.472,28.0558,169.346,9.48036,-29.9861,33.6487,89.7988,12.7468,152.358,60.9594,-10.9378,76.1385,
-76.8988,96.1226,-99.7417,47.0537,112.288,12.8341,-113.07,-170.813,28.111,170.469,16.1652,-33.1289,30.4416,89.4449,12.6555,152.701,63.2189,-9.8954,75.1613,
-76.8988,96.1226,-99.7417,47.0537,112.288,12.8341,-113.07,-170.813,28.111,170.469,16.1652,-33.1289,30.4416,89.4449,12.6555,152.701,63.2189,-9.8954,75.1613,
-63.3622,89.4859,-86.3808,43.93,112.464,12.9265,-112.615,175.826,40.7781,169.01,22.9776,-35.8545,27.3317,89.4449,12.6555,152.701,66.9076,-6.74519,76.1034,
-63.3622,89.4859,-86.3808,43.93,112.464,12.9265,-112.615,175.826,40.7781,169.01,22.9776,-35.8545,27.3317,89.4449,12.6555,152.701,66.9076,-6.74519,76.1034,
-54.5526,89.6886,-79.6785,48.2207,112.666,12.9588,-110.885,167.219,47.795,169.097,22.9776,-35.8545,27.3317,87.5403,12.4136,153.986,71.1983,-2.72059,76.3595,
-54.5526,89.6886,-79.6785,48.2207,112.666,12.9588,-110.885,167.219,47.795,169.097,22.9776,-35.8545,27.3317,87.5403,12.4136,153.986,71.1983,-2.72059,76.3595,
-54.2041,72.8141,-81.0202,30.9978,113.015,12.9264,-109.961,167.219,47.795,169.097,40.2005,-40.0936,22.0611,86.1985,12.4131,154.656,71.1983,-2.72059,76.3595,
-54.2041,72.8141,-81.0202,30.9978,113.015,12.9264,-109.961,167.219,47.795,169.097,40.2005,-40.0936,22.0611,86.1985,12.4131,154.656,71.1983,-2.72059,76.3595,
-36.2488,71.4916,-63.4617,37.8741,113.411,12.8835,-108.728,149.66,60.217,179.339,41.9198,-38.1783,24.169,86.1985,12.4131,154.656,79.7939,3.79634,74.785,
-36.2488,71.4916,-63.4617,37.8741,113.411,12.8835,-108.728,149.66,60.217,179.339,41.9198,-38.1783,24.169,86.1985,12.4131,154.656,79.7939,3.79634,74.785,
-30.3536,70.3278,-59.1235,38.5677,113.544,12.8401,-108.397,143.898,63.0779,-169.524,43.2166,-36.6214,27.2612,84.7744,12.394,155.237,81.7843,5.07398,74.4163,
-30.3536,70.3278,-59.1235,38.5677,113.544,12.8401,-108.397,143.898,63.0779,-169.524,43.2166,-36.6214,27.2612,84.7744,12.394,155.237,81.7843,5.07398,74.4163,
-36.5684,62.8487,-66.9731,32.6171,113.838,12.6901,-107.921,150.407,58.5025,-164.649,50.9896,-39.3569,29.0207,83.4335,12.4167,155.684,83.6067,6.3681,73.7794,
-36.5684,62.8487,-66.9731,32.6171,113.838,12.6901,-107.921,150.407,58.5025,-164.649,50.9896,-39.3569,29.0207,83.4335,12.4167,155.684,83.6067,6.3681,73.7794,
-36.3887,50.3403,-67.5353,19.929,114.018,12.6713,-108.04,150.407,58.5025,-164.649,63.6777,-48.7561,21.8754,82.8713,12.4216,155.873,83.6067,6.3681,73.7794,
-36.3887,50.3403,-67.5353,19.929,114.018,12.6713,-108.04,150.407,58.5025,-164.649,63.6777,-48.7561,21.8754,82.8713,12.4216,155.873,83.6067,6.3681,73.7794,
-42.7959,45.0549,-74.9197,17.5499,114.014,12.6769,-108.213,156.81,45.4101,-172.091,68.9595,-48.9451,20.2008,81.8906,12.4889,156.455,86.5094,8.42378,71.2179,
-42.7959,45.0549,-74.9197,17.5499,114.014,12.6769,-108.213,156.81,45.4101,-172.091,68.9595,-48.9451,20.2008,81.8906,12.4889,156.455,86.5094,8.42378,71.2179,
-33.4253,44.9296,-66.0148,20.399,113.889,12.5781,-109.081,147.314,43.9662,178.751,68.9595,-48.9451,20.2008,81.2995,12.5911,156.556,89.3585,10.1841,65.2062,
-33.4253,44.9296,-66.0148,20.399,113.889,12.5781,-109.081,147.314,43.9662,178.751,68.9595,-48.9451,20.2008,81.2995,12.5911,156.556,89.3585,10.1841,65.2062,
-29.6159,37.4167,-62.1485,13.6671,113.761,12.5355,-111.014,143.377,43.1374,178.894,76.3443,-44.3382,19.2334,81.2284,12.6108,156.469,90.0114,10.4578,62.7828,
-29.6159,37.4167,-62.1485,13.6671,113.761,12.5355,-111.014,143.377,43.1374,178.894,76.3443,-44.3382,19.2334,81.2284,12.6108,156.469,90.0114,10.4578,62.7828,
-29.8559,35.8577,-62.1757,12.6839,113.521,12.391,-112.85,143.377,43.1374,178.894,77.6633,-43.0591,18.7406,81.2013,12.6198,156.505,90.3472,10.4705,56.9729,
-29.8559,35.8577,-62.1757,12.6839,113.521,12.391,-112.85,143.377,43.1374,178.894,77.6633,-43.0591,18.7406,81.2013,12.6198,156.505,90.3472,10.4705,56.9729,
-20.1157,33.7064,-52.1034,9.74569,113.176,12.0849,-115.049,133.292,38.9552,-176.154,79.4699,-40.467,17.5421,81.1885,12.5549,156.39,89.2155,10.0234,49.2633,
-20.1157,33.7064,-52.1034,9.74569,113.176,12.0849,-115.049,133.292,38.9552,-176.154,79.4699,-40.467,17.5421,81.1885,12.5549,156.39,89.2155,10.0234,49.2633,
-20.4009,33.9633,-52.8622,8.72268,113.433,12.2982,-120.462,133.834,38.291,-175.583,79.4699,-40.467,17.5421,80.9718,12.105,155.157,88.1925,9.67717,44.4824,
-20.4009,33.9633,-52.8622,8.72268,113.433,12.2982,-120.462,133.834,38.291,-175.583,79.4699,-40.467,17.5421,80.9718,12.105,155.157,88.1925,9.67717,44.4824,
-20.1413,33.982,-53.2769,7.17504,113.693,12.5847,-123.05,133.834,38.291,-175.583,79.7107,-32.7093,11.4753,80.5571,11.7105,154.059,86.8858,9.24652,39.1053,
-20.1413,33.982,-53.2769,7.17504,113.693,12.5847,-123.05,133.834,38.291,-175.583,79.7107,-32.7093,11.4753,80.5571,11.7105,154.059,86.8858,9.24652,39.1053,
-31.8789,34.7842,-65.5892,1.30538,113.947,13.0537,-127.041,145.826,32.778,-178.417,79.1626,-30.9854,8.92196,80.2365,11.4345,153.268,80.4679,5.27343,15.3615,
-31.8789,34.7842,-65.5892,1.30538,113.947,13.0537,-127.041,145.826,32.778,-178.417,79.1626,-30.9854,8.92196,80.2365,11.4345,153.268,80.4679,5.27343,15.3615,
-42.581,35.2108,-78.0719,-0.110926,114.373,14.2443,-133.004,156.954,28.7131,176.987,79.1626,-30.9854,8.92196,78.8824,10.3983,150.33,79.0516,3.60526,10.0257,
-42.581,35.2108,-78.0719,-0.110926,114.373,14.2443,-133.004,156.954,28.7131,176.987,79.1626,-30.9854,8.92196,78.8824,10.3983,150.33,79.0516,3.60526,10.0257,
-42.2658,36.8061,-78.6489,-0.00357912,114.689,15.2701,-137.645,156.954,28.7131,176.987,77.8824,-27.5804,4.43029,78.3054,9.98414,149.153,77.8788,1.73073,5.21602,
-42.2658,36.8061,-78.6489,-0.00357912,114.689,15.2701,-137.645,156.954,28.7131,176.987,77.8824,-27.5804,4.43029,78.3054,9.98414,149.153,77.8788,1.73073,5.21602,
-42.2008,39.5208,-79.2551,1.06127,114.754,16.0767,-142.201,156.954,28.7131,176.987,75.2328,-24.8093,-1.53144,77.6992,9.57187,147.923,76.294,-2.40134,-2.71748,
-42.2008,39.5208,-79.2551,1.06127,114.754,16.0767,-142.201,156.954,28.7131,176.987,75.2328,-24.8093,-1.53144,77.6992,9.57187,147.923,76.294,-2.40134,-2.71748,
-61.3798,40.2009,-98.6344,1.02361,114.954,16.6081,-145.088,176.334,27.2018,159.026,74.7529,-24.2564,-5.06383,77.6992,9.57187,147.923,75.7765,-6.63657,-8.71272,
-61.3798,40.2009,-98.6344,1.02361,114.954,16.6081,-145.088,176.334,27.2018,159.026,74.7529,-24.2564,-5.06383,77.6992,9.57187,147.923,75.7765,-6.63657,-8.71272,
-66.7797,41.3661,-106.453,2.21772,115.401,17.2768,-149.01,-177.819,29.941,147.563,74.0353,-23.7234,-8.72202,75.7284,8.28871,144.842,76.253,-10.4602,-13.0907,
-66.7797,41.3661,-106.453,2.21772,115.401,17.2768,-149.01,-177.819,29.941,147.563,74.0353,-23.7234,-8.72202,75.7284,8.28871,144.842,76.253,-10.4602,-13.0907,
-66.3513,42.1084,-108.438,2.53162,115.83,17.8483,-152.659,-177.819,29.941,147.563,73.7214,-25.7721,-22.5105,73.7433,6.87918,143.255,76.253,-10.4602,-13.0907,
-66.3513,42.1084,-108.438,2.53162,115.83,17.8483,-152.659,-177.819,29.941,147.563,73.7214,-25.7721,-22.5105,73.7433,6.87918,143.255,76.253,-10.4602,-13.0907,
-66.4908,42.0424,-109.251,3.42953,116.504,18.3434,-157.188,-177.006,28.5006,125.491,74.4612,-27.2073,-27.7414,73.7433,6.87918,143.255,77.8907,-12.9409,-16.2261,
-66.4908,42.0424,-109.251,3.42953,116.504,18.3434,-157.188,-177.006,28.5006,125.491,74.4612,-27.2073,-27.7414,73.7433,6.87918,143.255,77.8907,-12.9409,-16.2261,
-62.8653,41.4048,-107.288,3.56109,117.119,18.7617,-160.564,179.984,26.7876,116.592,75.714,-28.7609,-33.2334,72.6956,5.55384,142.603,79.2751,-13.9917,-17.804,
-62.8653,41.4048,-107.288,3.56109,117.119,18.7617,-160.564,179.984,26.7876,116.592,75.714,-28.7609,-33.2334,72.6956,5.55384,142.603,79.2751,-13.9917,-17.804,
-53.9197,40.0593,-99.4056,1.24798,117.523,19.1663,-163.788,171.443,21.8116,99.1524,77.4639,-30.5296,-38.6909,72.0373,3.74098,141.027,78.7119,-12.9255,-15.4072,
-53.9197,40.0593,-99.4056,1.24798,117.523,19.1663,-163.788,171.443,21.8116,99.1524,77.4639,-30.5296,-38.6909,72.0373,3.74098,141.027,78.7119,-12.9255,-15.4072,
-53.9262,33.6532,-99.3307,-5.15166,117.517,19.4626,-166.946,171.443,21.8116,99.1524,83.8635,-35.3715,-51.6507,72.1122,2.71555,140.075,78.7119,-12.9255,-15.4072,
-53.9262,33.6532,-99.3307,-5.15166,117.517,19.4626,-166.946,171.443,21.8116,99.1524,83.8635,-35.3715,-51.6507,72.1122,2.71555,140.075,78.7119,-12.9255,-15.4072,
-50.2414,33.6641,-95.2069,-3.35642,117.528,19.6608,-169.113,167.769,20.6327,83.8755,83.8635,-35.3715,-51.6507,72.5621,1.57256,139.233,80.5071,-12.5548,-10.9596,
-50.2414,33.6641,-95.2069,-3.35642,117.528,19.6608,-169.113,167.769,20.6327,83.8755,83.8635,-35.3715,-51.6507,72.5621,1.57256,139.233,80.5071,-12.5548,-10.9596,
-44.7325,30.465,-88.0223,-3.93707,117.494,20.1354,-172.341,162.226,31.3822,71.524,87.0288,-37.6491,-57.7187,74.204,0.179087,138.648,83.0918,-11.3418,-9.29348,
-44.7325,30.465,-88.0223,-3.93707,117.494,20.1354,-172.341,162.226,31.3822,71.524,87.0288,-37.6491,-57.7187,74.204,0.179087,138.648,83.0918,-11.3418,-9.29348,
-43.7392,26.9243,-83.4288,-3.00491,116.566,21.0218,-175.837,160.306,33.9928,71.524,89.6421,-40.3163,-59.9086,76.8768,-1.53895,134.499,86.6371,-12.2977,-13.8192,
-43.7392,26.9243,-83.4288,-3.00491,116.566,21.0218,-175.837,160.306,33.9928,71.524,89.6421,-40.3163,-59.9086,76.8768,-1.53895,134.499,86.6371,-12.2977,-13.8192,
-45.2617,23.185,-81.4276,-5.22174,115.044,20.9573,-179.642,160.306,33.9928,71.524,91.8589,-42.4594,-60.6308,78.8779,-3.26183,128.82,86.6371,-12.2977,-13.8192,
-45.2617,23.185,-81.4276,-5.22174,115.044,20.9573,-179.642,160.306,33.9928,71.524,91.8589,-42.4594,-60.6308,78.8779,-3.26183,128.82,86.6371,-12.2977,-13.8192,
-42.474,21.3853,-74.8826,-3.48292,114.197,19.9711,175.433,156.671,38.0125,74.6287,92.8118,-43.8721,-61.0164,81.7884,-4.83558,120.874,89.3289,-12.6135,-15.14,
-42.474,21.3853,-74.8826,-3.48292,114.197,19.9711,175.433,156.671,38.0125,74.6287,92.8118,-43.8721,-61.0164,81.7884,-4.83558,120.874,89.3289,-12.6135,-15.14,
-36.6256,18.9807,-57.7028,-3.22099,112.892,19.4699,172.252,149.517,44.7769,76.5338,93.911,-45.8766,-61.4961,91.8145,-4.23306,98.0776,90.69,-11.8028,-13.9496,
-36.6256,18.9807,-57.7028,-3.22099,112.892,19.4699,172.252,149.517,44.7769,76.5338,93.911,-45.8766,-61.4961,91.8145,-4.23306,98.0776,90.69,-11.8028,-13.9496,
