8.65275,-0.278079,6.20903,-0.0951747,92.4324,-0.0221162,83.3147,83.7796,-3.69365,25.2447,92.7104,-12.5067,12.7461,89.9886,5.52604,62.8648,92.6153,-14.48,3.64065,
8.65275,-0.278079,6.20903,-0.0951747,92.4324,-0.0221162,83.3147,83.7796,-3.69365,25.2447,92.7104,-12.5067,12.7461,89.9886,5.52604,62.8648,92.6153,-14.48,3.64065,
8.91748,-0.304709,5.66071,-1.19739,92.9194,-0.044456,83.2708,84.002,-3.57038,24.4127,93.2241,-12.2243,12.7685,89.6627,5.84827,62.9091,92.0267,-14.3257,3.8708,
8.91748,-0.304709,5.66071,-1.19739,92.9194,-0.044456,83.2708,84.002,-3.57038,24.4127,93.2241,-12.2243,12.7685,89.6627,5.84827,62.9091,92.0267,-14.3257,3.8708,
9.36883,0.146639,5.36441,-1.76629,93.3708,-0.282701,84.1452,84.002,-3.57038,24.4127,93.2241,-12.2243,12.7685,89.3664,6.13871,62.9616,91.4579,-14.1481,4.16085,
9.36883,0.146639,5.36441,-1.76629,93.3708,-0.282701,84.1452,84.002,-3.57038,24.4127,93.2241,-12.2243,12.7685,89.3664,6.13871,62.9616,91.4579,-14.1481,4.16085,
8.97227,-0.829691,4.00846,-3.01015,93.6383,-0.417598,85.1739,84.666,-3.11125,23.6509,94.468,-11.2884,14.2925,88.6745,6.43182,61.4218,91.4579,-14.1481,4.16085,
8.97227,-0.829691,4.00846,-3.01015,93.6383,-0.417598,85.1739,84.666,-3.11125,23.6509,94.468,-11.2884,14.2925,88.6745,6.43182,61.4218,91.4579,-14.1481,4.16085,
9.23044,-1.14574,3.85458,-5.81352,93.8778,-0.46459,85.5561,84.6474,-3.03507,22.3451,95.0236,-10.3052,15.6639,88.502,6.51197,60.9095,89.2101,-13.6441,5.3064,
9.23044,-1.14574,3.85458,-5.81352,93.8778,-0.46459,85.5561,84.6474,-3.03507,22.3451,95.0236,-10.3052,15.6639,88.502,6.51197,60.9095,89.2101,-13.6441,5.3064,
9.70379,-1.26668,3.94633,-6.96839,94.3512,-0.550647,86.4214,84.6474,-3.03507,22.3451,95.6179,-9.89339,15.5747,88.5937,6.48885,59.9601,88.6495,-13.5608,5.51616,
9.70379,-1.26668,3.94633,-6.96839,94.3512,-0.550647,86.4214,84.6474,-3.03507,22.3451,95.6179,-9.89339,15.5747,88.5937,6.48885,59.9601,88.6495,-13.5608,5.51616,
10.0866,-0.883887,4.66887,-7.54426,94.734,-0.591387,87.1497,84.6474,-3.03507,22.3451,95.6179,-9.89339,15.5747,89.3163,6.68206,60.0778,88.0736,-13.4951,5.65012,
10.0866,-0.883887,4.66887,-7.54426,94.734,-0.591387,87.1497,84.6474,-3.03507,22.3451,95.6179,-9.89339,15.5747,89.3163,6.68206,60.0778,88.0736,-13.4951,5.65012,
10.6607,-1.7317,5.09676,-10.0942,95.1989,-0.596285,88.0141,84.5382,-2.74333,23.09,96.9306,-9.25163,14.9468,89.635,6.81606,61.9254,86.8364,-13.5247,5.8182,
10.6607,-1.7317,5.09676,-10.0942,95.1989,-0.596285,88.0141,84.5382,-2.74333,23.09,96.9306,-9.25163,14.9468,89.635,6.81606,61.9254,86.8364,-13.5247,5.8182,
11.4825,-2.92964,6.17271,-11.4934,95.4001,-0.559067,88.3723,83.9176,-1.784,25.1589,98.3297,-8.34029,15.3619,90.0903,6.81185,63.3872,86.8364,-13.5247,5.8182,
11.4825,-2.92964,6.17271,-11.4934,95.4001,-0.559067,88.3723,83.9176,-1.784,25.1589,98.3297,-8.34029,15.3619,90.0903,6.81185,63.3872,86.8364,-13.5247,5.8182,
12.0121,-2.7315,6.71006,-14.0464,95.8804,-0.490258,88.7906,83.8683,-1.6846,25.0748,98.6119,-8.06591,15.7988,90.5784,6.69263,64.9591,84.5655,-13.8205,3.86108,
12.0121,-2.7315,6.71006,-14.0464,95.8804,-0.490258,88.7906,83.8683,-1.6846,25.0748,98.6119,-8.06591,15.7988,90.5784,6.69263,64.9591,84.5655,-13.8205,3.86108,
11.8829,-2.21588,7.01864,-14.0464,96.396,-0.511984,89.2309,84.5132,-2.37193,24.823,98.6119,-8.06591,15.7988,91.5318,6.09692,68.7877,84.5655,-13.8205,3.86108,
11.8829,-2.21588,7.01864,-14.0464,96.396,-0.511984,89.2309,84.5132,-2.37193,24.823,98.6119,-8.06591,15.7988,91.5318,6.09692,68.7877,84.5655,-13.8205,3.86108,
11.1093,-0.595299,6.23022,-13.6665,96.9975,-0.545213,90.2534,85.8882,-2.57224,26.5125,97.5928,-7.77297,18.6653,92.1184,6.24449,72.3447,83.9262,-13.6861,3.80716,
11.1093,-0.595299,6.23022,-13.6665,96.9975,-0.545213,90.2534,85.8882,-2.57224,26.5125,97.5928,-7.77297,18.6653,92.1184,6.24449,72.3447,83.9262,-13.6861,3.80716,
9.84471,0.634704,4.72272,-12.782,97.498,-0.493153,91.0593,87.6533,-2.00655,27.8497,96.8633,-8.03636,19.0008,92.376,7.32956,73.3799,84.0813,-12.7731,4.08478,
9.84471,0.634704,4.72272,-12.782,97.498,-0.493153,91.0593,87.6533,-2.00655,27.8497,96.8633,-8.03636,19.0008,92.376,7.32956,73.3799,84.0813,-12.7731,4.08478,
10.3209,2.01972,4.72272,-10.7788,97.9742,-0.391247,91.375,87.6533,-2.00655,27.8497,95.9545,-8.59916,19.4522,92.376,7.32956,73.3799,85.1757,-10.9542,4.4387,
10.3209,2.01972,4.72272,-10.7788,97.9742,-0.391247,91.375,87.6533,-2.00655,27.8497,95.9545,-8.59916,19.4522,92.376,7.32956,73.3799,85.1757,-10.9542,4.4387,
10.8914,2.59023,4.85113,-10.7788,98.5447,-0.266795,91.5251,87.6533,-2.00655,27.8497,95.9545,-8.59916,19.4522,92.5045,8.11384,74.1509,85.1757,-10.9542,4.4387,
10.8914,2.59023,4.85113,-10.7788,98.5447,-0.266795,91.5251,87.6533,-2.00655,27.8497,95.9545,-8.59916,19.4522,92.5045,8.11384,74.1509,85.1757,-10.9542,4.4387,
9.75393,7.56716,3.21642,-3.86838,99.0817,-0.189267,91.7951,89.3277,-1.06922,28.8649,91.5145,-9.4737,22.0577,92.5441,8.87294,75.1112,87.6461,-8.08827,5.05036,
9.75393,7.56716,3.21642,-3.86838,99.0817,-0.189267,91.7951,89.3277,-1.06922,28.8649,91.5145,-9.4737,22.0577,92.5441,8.87294,75.1112,87.6461,-8.08827,5.05036,
8.82305,16.0021,2.21079,10.8603,99.4939,-0.21649,92.4078,90.6708,-0.00815011,28.3121,83.4917,-8.20123,26.1377,92.8816,9.40493,75.0629,94.352,-3.01795,1.33305,
8.82305,16.0021,2.21079,10.8603,99.4939,-0.21649,92.4078,90.6708,-0.00815011,28.3121,83.4917,-8.20123,26.1377,92.8816,9.40493,75.0629,94.352,-3.01795,1.33305,
9.38415,16.3709,1.88435,12.7346,100.381,-0.27537,92.8815,90.9973,-0.0648441,27.5603,84.0105,-7.9395,25.2855,92.8816,9.40493,75.0629,96.7451,-1.75611,0.540227,
9.38415,16.3709,1.88435,12.7346,100.381,-0.27537,92.8815,90.9973,-0.0648441,27.5603,84.0105,-7.9395,25.2855,92.8816,9.40493,75.0629,96.7451,-1.75611,0.540227,
5.78791,19.6726,-1.99001,15.3818,101.036,-0.476034,91.6491,95.248,0.630052,28.685,81.3633,-8.70854,21.0074,93.258,9.60119,74.9697,96.7451,-1.75611,0.540227,
5.78791,19.6726,-1.99001,15.3818,101.036,-0.476034,91.6491,95.248,0.630052,28.685,81.3633,-8.70854,21.0074,93.258,9.60119,74.9697,96.7451,-1.75611,0.540227,
4.49263,23.6619,-2.61963,13.0168,101.185,-0.372912,90.745,96.6927,0.577803,29.2697,77.5234,-9.47974,19.0276,94.073,10.0554,75.7121,90.5401,-4.93758,-1.58613,
4.49263,23.6619,-2.61963,13.0168,101.185,-0.372912,90.745,96.6927,0.577803,29.2697,77.5234,-9.47974,19.0276,94.073,10.0554,75.7121,90.5401,-4.93758,-1.58613,
3.75787,26.2439,-4.04992,12.532,101.791,-0.422444,90.8169,98.0332,0.491246,30.0433,75.5472,-9.52897,18.7225,93.9833,10.161,76.2776,88.0792,-6.51796,-1.613,
3.75787,26.2439,-4.04992,12.532,101.791,-0.422444,90.8169,98.0332,0.491246,30.0433,75.5472,-9.52897,18.7225,93.9833,10.161,76.2776,88.0792,-6.51796,-1.613,
4.10501,27.8323,-4.04992,13.7733,102.138,-0.337972,91.108,98.0332,0.491246,30.0433,74.306,-9.62882,18.705,93.9833,10.161,76.2776,88.0792,-6.51796,-1.613,
4.10501,27.8323,-4.04992,13.7733,102.138,-0.337972,91.108,98.0332,0.491246,30.0433,74.306,-9.62882,18.705,93.9833,10.161,76.2776,88.0792,-6.51796,-1.613,
2.33708,30.789,-6.33284,13.1162,102.544,0.0852169,91.2663,100.207,0.332534,31.5425,71.7552,-9.88884,19.8274,93.8742,10.3743,77.6955,84.8713,-8.19878,-1.09046,
2.33708,30.789,-6.33284,13.1162,102.544,0.0852169,91.2663,100.207,0.332534,31.5425,71.7552,-9.88884,19.8274,93.8742,10.3743,77.6955,84.8713,-8.19878,-1.09046,
-1.75977,33.8195,-11.0713,-1.79634,103.52,0.958587,90.5408,105.28,0.867175,33.2941,69.7009,-8.45956,21.4591,94.2087,10.1419,77.7157,67.9045,-14.7827,2.94813,
-1.75977,33.8195,-11.0713,-1.79634,103.52,0.958587,90.5408,105.28,0.867175,33.2941,69.7009,-8.45956,21.4591,94.2087,10.1419,77.7157,67.9045,-14.7827,2.94813,
-3.27175,35.2574,-13.4833,-11.3629,104.904,1.75378,88.8208,108.176,1.14306,32.9324,69.6464,-7.58027,21.6149,94.6922,9.78388,77.5228,58.2836,-17.6165,6.30919,
-3.27175,35.2574,-13.4833,-11.3629,104.904,1.75378,88.8208,108.176,1.14306,32.9324,69.6464,-7.58027,21.6149,94.6922,9.78388,77.5228,58.2836,-17.6165,6.30919,
-3.08139,35.4477,-13.4833,-11.3629,105.094,1.95917,88.5094,108.176,1.14306,32.9324,69.6464,-7.58027,21.6149,94.6922,9.78388,77.5228,58.2836,-17.6165,6.30919,
-3.08139,35.4477,-13.4833,-11.3629,105.094,1.95917,88.5094,108.176,1.14306,32.9324,69.6464,-7.58027,21.6149,94.6922,9.78388,77.5228,58.2836,-17.6165,6.30919,
-7.18189,34.5833,-15.2758,-12.1428,105.01,2.12202,88.5184,112.192,0.528602,33.333,70.4264,-6.44823,21.6133,96.9157,7.99731,76.3052,58.2836,-17.6165,6.30919,
-7.18189,34.5833,-15.2758,-12.1428,105.01,2.12202,88.5184,112.192,0.528602,33.333,70.4264,-6.44823,21.6133,96.9157,7.99731,76.3052,58.2836,-17.6165,6.30919,
-7.28178,37.6378,-13.2511,-22.0585,104.91,2.11511,88.6482,112.192,0.528602,33.333,67.272,-5.8589,22.4717,98.9405,6.59835,75.0824,45.2134,-20.4663,11.6137,
-7.28178,37.6378,-13.2511,-22.0585,104.91,2.11511,88.6482,112.192,0.528602,33.333,67.272,-5.8589,22.4717,98.9405,6.59835,75.0824,45.2134,-20.4663,11.6137,
-7.76024,43.345,-12.0258,-16.1992,104.569,1.86076,88.5341,112.33,0.790755,33.6543,61.2244,-3.63417,24.8597,100.304,5.60646,74.0595,45.0252,-21.8956,10.8351,
-7.76024,43.345,-12.0258,-16.1992,104.569,1.86076,88.5341,112.33,0.790755,33.6543,61.2244,-3.63417,24.8597,100.304,5.60646,74.0595,45.0252,-21.8956,10.8351,
-7.92772,43.1776,-8.06144,-13.5079,104.402,1.41791,88.4979,112.33,0.790755,33.6543,61.2244,-3.63417,24.8597,104.268,3.45213,71.8164,47.7164,-21.8327,10.1535,
-7.92772,43.1776,-8.06144,-13.5079,104.402,1.41791,88.4979,112.33,0.790755,33.6543,61.2244,-3.63417,24.8597,104.268,3.45213,71.8164,47.7164,-21.8327,10.1535,
-5.44398,39.5638,-2.29599,-18.047,105.327,0.82372,87.9189,110.771,1.45416,33.7783,65.7634,-7.2438,17.1398,108.475,1.04895,70.2381,47.7164,-21.8327,10.1535,
-5.44398,39.5638,-2.29599,-18.047,105.327,0.82372,87.9189,110.771,1.45416,33.7783,65.7634,-7.2438,17.1398,108.475,1.04895,70.2381,47.7164,-21.8327,10.1535,
-3.68377,32.0246,2.42648,-14.6232,104.37,1.40983,85.9065,108.054,1.45938,32.942,72.3458,-10.0499,15.2829,110.481,-0.31915,69.8366,57.7226,-21.3725,6.29779,
-3.68377,32.0246,2.42648,-14.6232,104.37,1.40983,85.9065,108.054,1.45938,32.942,72.3458,-10.0499,15.2829,110.481,-0.31915,69.8366,57.7226,-21.3725,6.29779,
-1.41722,32.6971,7.91977,-10.1895,102.997,1.32023,85.4622,104.414,1.14581,29.9104,70.2998,-7.34935,19.5815,112.334,-1.76247,69.7331,60.1103,-20.789,5.55207,
-1.41722,32.6971,7.91977,-10.1895,102.997,1.32023,85.4622,104.414,1.14581,29.9104,70.2998,-7.34935,19.5815,112.334,-1.76247,69.7331,60.1103,-20.789,5.55207,
-0.732662,33.3817,12.2374,-7.59026,103.681,1.26304,84.2527,104.414,1.14581,29.9104,70.2998,-7.34935,19.5815,116.651,-6.39301,71.9205,62.7095,-21.0021,4.42664,
-0.732662,33.3817,12.2374,-7.59026,103.681,1.26304,84.2527,104.414,1.14581,29.9104,70.2998,-7.34935,19.5815,116.651,-6.39301,71.9205,62.7095,-21.0021,4.42664,
6.43572,33.8291,22.5599,-7.68084,104.219,1.29444,83.7101,97.7837,-0.619558,27.746,70.3903,-5.79324,20.9603,120.344,-9.10605,72.5799,62.7095,-21.0021,4.42664,
6.43572,33.8291,22.5599,-7.68084,104.219,1.29444,83.7101,97.7837,-0.619558,27.746,70.3903,-5.79324,20.9603,120.344,-9.10605,72.5799,62.7095,-21.0021,4.42664,
13.3774,26.262,35.8212,-7.59927,105.16,0.723951,80.6129,91.7821,0.225393,33.1423,78.8975,-8.67366,16.3892,127.603,-13.6972,71.4639,71.2982,-18.4916,1.69655,
13.3774,26.262,35.8212,-7.59927,105.16,0.723951,80.6129,91.7821,0.225393,33.1423,78.8975,-8.67366,16.3892,127.603,-13.6972,71.4639,71.2982,-18.4916,1.69655,
12.425,24.0289,35.8212,-7.69276,104.207,0.0199305,81.1374,91.7821,0.225393,33.1423,80.1782,-9.10862,15.5256,127.603,-13.6972,71.4639,72.4854,-18.2881,0.930667,
12.425,24.0289,35.8212,-7.69276,104.207,0.0199305,81.1374,91.7821,0.225393,33.1423,80.1782,-9.10862,15.5256,127.603,-13.6972,71.4639,72.4854,-18.2881,0.930667,
15.7251,22.7965,40.33,-7.69276,102.975,-0.318019,82.0715,87.2496,1.5919,29.3541,80.1782,-9.10862,15.5256,127.58,-12.9991,70.4056,72.4854,-18.2881,0.930667,
15.7251,22.7965,40.33,-7.69276,102.975,-0.318019,82.0715,87.2496,1.5919,29.3541,80.1782,-9.10862,15.5256,127.58,-12.9991,70.4056,72.4854,-18.2881,0.930667,
20.1609,15.6025,39.6689,-14.3233,102.411,-0.365933,81.6025,82.2504,3.0817,26.7747,86.8087,-9.6154,16.2794,121.919,-9.10462,70.3778,72.4854,-18.2881,0.930667,
20.1609,15.6025,39.6689,-14.3233,102.411,-0.365933,81.6025,82.2504,3.0817,26.7747,86.8087,-9.6154,16.2794,121.919,-9.10462,70.3778,72.4854,-18.2881,0.930667,
24.6202,12.2184,37.8425,-14.8362,102.185,-0.71043,81.6894,77.5644,4.84965,25.8338,89.9661,-9.71957,14.8466,115.407,-4.97519,68.733,75.1299,-17.079,1.27658,
24.6202,12.2184,37.8425,-14.8362,102.185,-0.71043,81.6894,77.5644,4.84965,25.8338,89.9661,-9.71957,14.8466,115.407,-4.97519,68.733,75.1299,-17.079,1.27658,
24.4848,10.4795,37.8425,-15.6706,102.049,-0.874271,81.7179,77.5644,4.84965,25.8338,91.5698,-10.1644,13.0945,115.407,-4.97519,68.733,75.8992,-16.7588,0.962518,
24.4848,10.4795,37.8425,-15.6706,102.049,-0.874271,81.7179,77.5644,4.84965,25.8338,91.5698,-10.1644,13.0945,115.407,-4.97519,68.733,75.8992,-16.7588,0.962518,
25.6185,9.95777,30.31,-14.8288,101.528,-1.13975,81.3759,75.909,6.13033,24.1594,91.5698,-10.1644,13.0945,106.219,2.34009,66.3339,76.741,-16.3121,0.820453,
25.6185,9.95777,30.31,-14.8288,101.528,-1.13975,81.3759,75.909,6.13033,24.1594,91.5698,-10.1644,13.0945,106.219,2.34009,66.3339,76.741,-16.3121,0.820453,
26.886,-1.36326,15.5056,-22.8916,100.374,-1.76943,80.656,73.4877,5.0908,18.1966,101.737,-11.1688,6.31332,88.9933,7.84612,66.0593,78.8454,-15.4806,0.400981,
26.886,-1.36326,15.5056,-22.8916,100.374,-1.76943,80.656,73.4877,5.0908,18.1966,101.737,-11.1688,6.31332,88.9933,7.84612,66.0593,78.8454,-15.4806,0.400981,
26.2674,-5.23388,9.33104,-21.794,99.8225,-2.45184,80.0628,73.555,4.32357,17.0357,105.056,-11.2007,4.2339,82.8861,11.1166,65.7469,83.2624,-13.6663,-0.737993,
26.2674,-5.23388,9.33104,-21.794,99.8225,-2.45184,80.0628,73.555,4.32357,17.0357,105.056,-11.2007,4.2339,82.8861,11.1166,65.7469,83.2624,-13.6663,-0.737993,
26.4109,-5.09039,3.15294,-20.2001,99.966,-2.59413,79.5113,73.555,4.32357,17.0357,105.056,-11.2007,4.2339,76.708,14.5855,64.7247,84.8562,-13.0268,-1.14205,
26.4109,-5.09039,3.15294,-20.2001,99.966,-2.59413,79.5113,73.555,4.32357,17.0357,105.056,-11.2007,4.2339,76.708,14.5855,64.7247,84.8562,-13.0268,-1.14205,
27.8668,-7.68443,-13.2259,-22.7142,99.886,-2.73567,78.2234,72.0192,4.03132,15.471,107.57,-10.4606,1.56303,58.7934,21.9372,56.0251,84.8562,-13.0268,-1.14205,
27.8668,-7.68443,-13.2259,-22.7142,99.886,-2.73567,78.2234,72.0192,4.03132,15.471,107.57,-10.4606,1.56303,58.7934,21.9372,56.0251,84.8562,-13.0268,-1.14205,
27.8295,-10.3694,-17.5859,-22.1369,99.8488,-2.62192,77.2923,72.0192,4.03132,15.471,110.218,-10.2811,0.223069,54.4333,22.8185,53.4864,88.0813,-11.9928,-2.00376,
27.8295,-10.3694,-17.5859,-22.1369,99.8488,-2.62192,77.2923,72.0192,4.03132,15.471,110.218,-10.2811,0.223069,54.4333,22.8185,53.4864,88.0813,-11.9928,-2.00376,
35.9745,-11.5355,-12.084,-17.8022,99.8078,-2.5131,77.2642,63.8333,4.71499,10.879,111.343,-10.363,-0.284718,51.7492,23.0413,51.8351,93.5411,-9.18778,-2.97012,
35.9745,-11.5355,-12.084,-17.8022,99.8078,-2.5131,77.2642,63.8333,4.71499,10.879,111.343,-10.363,-0.284718,51.7492,23.0413,51.8351,93.5411,-9.18778,-2.97012,
35.842,-12.0596,-8.71032,-15.857,99.6753,-2.23691,77.3378,63.8333,4.71499,10.879,111.735,-10.2508,-0.686576,55.1229,23.0105,53.1414,95.8779,-8.20367,-3.03906,
35.842,-12.0596,-8.71032,-15.857,99.6753,-2.23691,77.3378,63.8333,4.71499,10.879,111.735,-10.2508,-0.686576,55.1229,23.0105,53.1414,95.8779,-8.20367,-3.03906,
35.0608,-10.5,-2.74437,-14.3934,99.7713,-1.95113,76.9368,64.7105,3.83116,11.3826,110.271,-9.81091,-0.310385,61.9662,24.9966,59.1093,95.8779,-8.20367,-3.03906,
35.0608,-10.5,-2.74437,-14.3934,99.7713,-1.95113,76.9368,64.7105,3.83116,11.3826,110.271,-9.81091,-0.310385,61.9662,24.9966,59.1093,95.8779,-8.20367,-3.03906,
29.7239,-2.96629,-3.13749,2.81272,99.8217,-2.06816,77.3777,70.0979,3.92961,13.0642,102.788,-8.99396,2.0967,66.9604,22.0869,58.4702,105.601,-1.85449,-8.53571,
29.7239,-2.96629,-3.13749,2.81272,99.8217,-2.06816,77.3777,70.0979,3.92961,13.0642,102.788,-8.99396,2.0967,66.9604,22.0869,58.4702,105.601,-1.85449,-8.53571,
30.3318,2.92608,1.36702,12.0274,99.0351,-2.70288,79.5048,68.7032,1.83701,7.91779,96.109,-7.13098,2.11534,70.0702,20.8023,59.4885,108.136,0.898086,-12.3502,
30.3318,2.92608,1.36702,12.0274,99.0351,-2.70288,79.5048,68.7032,1.83701,7.91779,96.109,-7.13098,2.11534,70.0702,20.8023,59.4885,108.136,0.898086,-12.3502,
28.8863,1.48054,1.36702,15.4556,97.5895,-3.17393,79.5871,68.7032,1.83701,7.91779,96.109,-7.13098,2.11534,70.0702,20.8023,59.4885,111.565,3.80889,-14.7541,
28.8863,1.48054,1.36702,15.4556,97.5895,-3.17393,79.5871,68.7032,1.83701,7.91779,96.109,-7.13098,2.11534,70.0702,20.8023,59.4885,111.565,3.80889,-14.7541,
26.2756,1.48054,5.25841,15.4556,97.5895,-3.17393,79.5871,71.3139,1.28071,7.90694,96.109,-7.13098,2.11534,76.5723,19.6886,61.1519,111.565,3.80889,-14.7541,
26.2756,1.48054,5.25841,15.4556,97.5895,-3.17393,79.5871,71.3139,1.28071,7.90694,96.109,-7.13098,2.11534,76.5723,19.6886,61.1519,111.565,3.80889,-14.7541,
19.6253,10.2305,4.51784,30.5992,97.7076,-3.6283,77.9585,78.0823,3.79761,9.60747,87.4771,-8.5103,-4.71954,82.6001,16.3331,60.0125,118.076,8.87617,-19.8136,
19.6253,10.2305,4.51784,30.5992,97.7076,-3.6283,77.9585,78.0823,3.79761,9.60747,87.4771,-8.5103,-4.71954,82.6001,16.3331,60.0125,118.076,8.87617,-19.8136,
17.7782,14.2476,3.9309,29.0143,98.1377,-3.96935,77.5899,80.3596,3.6832,10.1718,83.8902,-9.09118,-2.56875,84.2905,15.7846,60.6651,112.904,6.78724,-19.333,
17.7782,14.2476,3.9309,29.0143,98.1377,-3.96935,77.5899,80.3596,3.6832,10.1718,83.8902,-9.09118,-2.56875,84.2905,15.7846,60.6651,112.904,6.78724,-19.333,
17.4714,13.9408,6.42785,29.0143,97.8309,-3.86624,77.5087,80.3596,3.6832,10.1718,83.8902,-9.09118,-2.56875,86.7874,14.9506,61.0845,112.904,6.78724,-19.333,
17.4714,13.9408,6.42785,29.0143,97.8309,-3.86624,77.5087,80.3596,3.6832,10.1718,83.8902,-9.09118,-2.56875,86.7874,14.9506,61.0845,112.904,6.78724,-19.333,
8.10823,19.6246,-1.27643,34.6669,97.8622,-3.36939,76.0582,89.7539,3.88297,11.4307,78.2376,-10.5664,0.0248434,88.4775,14.3793,60.923,112.904,6.78724,-19.333,
8.10823,19.6246,-1.27643,34.6669,97.8622,-3.36939,76.0582,89.7539,3.88297,11.4307,78.2376,-10.5664,0.0248434,88.4775,14.3793,60.923,112.904,6.78724,-19.333,
5.4945,24.7477,-2.94276,24.1182,97.5415,-3.3555,75.7648,92.047,4.02346,12.3761,72.7937,-13.0847,2.48238,89.1042,14.1875,60.6756,96.9119,-1.52686,-12.9531,
5.4945,24.7477,-2.94276,24.1182,97.5415,-3.3555,75.7648,92.047,4.02346,12.3761,72.7937,-13.0847,2.48238,89.1042,14.1875,60.6756,96.9119,-1.52686,-12.9531,
2.75324,25.3307,-4.8539,19.2177,97.2881,-3.07648,76.2536,94.5348,4.27593,13.4402,71.9574,-13.1891,4.18865,89.6809,13.8569,60.0402,91.175,-3.77973,-10.4306,
2.75324,25.3307,-4.8539,19.2177,97.2881,-3.07648,76.2536,94.5348,4.27593,13.4402,71.9574,-13.1891,4.18865,89.6809,13.8569,60.0402,91.175,-3.77973,-10.4306,
-2.59594,27.3312,-7.92397,14.8528,97.2474,-2.82807,76.6004,99.8434,4.45292,17.3271,69.9162,-11.7495,6.73341,91.9194,13.01,58.5221,84.769,-5.82584,-7.98101,
-2.59594,27.3312,-7.92397,14.8528,97.2474,-2.82807,76.6004,99.8434,4.45292,17.3271,69.9162,-11.7495,6.73341,91.9194,13.01,58.5221,84.769,-5.82584,-7.98101,
-9.2599,27.2963,-12.8089,0.372618,97.6483,-2.36511,77.2243,106.908,3.82133,21.5472,70.352,-9.43209,9.81409,94.0993,12.3872,58.7589,70.7246,-9.76347,-4.52044,
-9.2599,27.2963,-12.8089,0.372618,97.6483,-2.36511,77.2243,106.908,3.82133,21.5472,70.352,-9.43209,9.81409,94.0993,12.3872,58.7589,70.7246,-9.76347,-4.52044,
-12.2636,26.811,-14.9358,-22.0968,98.2459,-2.22631,78.618,110.509,4.14184,22.0065,71.4349,-8.6233,10.9916,95.5737,11.8005,58.9072,49.3381,-15.4553,1.41635,
-12.2636,26.811,-14.9358,-22.0968,98.2459,-2.22631,78.618,110.509,4.14184,22.0065,71.4349,-8.6233,10.9916,95.5737,11.8005,58.9072,49.3381,-15.4553,1.41635,
-11.9961,27.2291,-14.9358,-27.6954,98.5134,-2.32343,79.409,110.509,4.14184,22.0065,71.2843,-7.10086,13.2561,95.5737,11.8005,58.9072,43.5889,-16.14,4.13616,
-11.9961,27.2291,-14.9358,-27.6954,98.5134,-2.32343,79.409,110.509,4.14184,22.0065,71.2843,-7.10086,13.2561,95.5737,11.8005,58.9072,43.5889,-16.14,4.13616,
-11.3621,27.8631,-9.32956,-27.6954,99.1474,-2.47608,80.5393,110.509,4.14184,22.0065,71.2843,-7.10086,13.2561,101.18,9.06139,59.565,43.5889,-16.14,4.13616,
-11.3621,27.8631,-9.32956,-27.6954,99.1474,-2.47608,80.5393,110.509,4.14184,22.0065,71.2843,-7.10086,13.2561,101.18,9.06139,59.565,43.5889,-16.14,4.13616,
-12.0168,43.4995,-8.01492,-18.7226,99.5683,-2.89965,81.7547,111.585,4.11391,24.4462,56.0688,2.76945,20.3228,103.57,7.86676,59.4898,37.3461,-16.3521,7.34832,
-12.0168,43.4995,-8.01492,-18.7226,99.5683,-2.89965,81.7547,111.585,4.11391,24.4462,56.0688,2.76945,20.3228,103.57,7.86676,59.4898,37.3461,-16.3521,7.34832,
-11.6409,40.4942,-5.03212,-18.2542,99.5683,-2.89965,81.7547,111.209,3.95825,24.6784,59.0741,0.547391,17.9197,106.177,6.64536,59.1519,40.8199,-17.3334,6.09294,
-11.6409,40.4942,-5.03212,-18.2542,99.5683,-2.89965,81.7547,111.209,3.95825,24.6784,59.0741,0.547391,17.9197,106.177,6.64536,59.1519,40.8199,-17.3334,6.09294,
-10.2387,36.5334,-0.384162,-12.4461,99.1142,-3.47738,83.114,109.353,3.58409,24.9802,62.5808,-1.81998,15.68,108.969,5.39461,58.8416,50.1348,-18.2392,2.19751,
-10.2387,36.5334,-0.384162,-12.4461,99.1142,-3.47738,83.114,109.353,3.58409,24.9802,62.5808,-1.81998,15.68,108.969,5.39461,58.8416,50.1348,-18.2392,2.19751,
-3.23993,32.0921,15.1878,-16.737,98.9639,-3.4115,83.1205,102.204,1.99924,22.9263,66.8718,-3.00186,14.5385,117.392,-0.605199,61.7507,50.1348,-18.2392,2.19751,
-3.23993,32.0921,15.1878,-16.737,98.9639,-3.4115,83.1205,102.204,1.99924,22.9263,66.8718,-3.00186,14.5385,117.392,-0.605199,61.7507,50.1348,-18.2392,2.19751,
2.59904,31.5023,26.8723,-10.4255,98.7944,-2.50562,81.8704,96.1954,-0.870386,29.103,67.2921,0.797149,18.8874,123.068,-8.99687,68.0417,56.8666,-16.2805,0.394442,
2.59904,31.5023,26.8723,-10.4255,98.7944,-2.50562,81.8704,96.1954,-0.870386,29.103,67.2921,0.797149,18.8874,123.068,-8.99687,68.0417,56.8666,-16.2805,0.394442,
3.71018,27.8188,32.6276,-4.60523,97.9746,-2.72354,81.7597,94.2644,-0.854884,32.0491,70.1558,-1.77117,16.7945,126.892,-11.9567,69.4208,65.5506,-15.5201,-1.85193,
3.71018,27.8188,32.6276,-4.60523,97.9746,-2.72354,81.7597,94.2644,-0.854884,32.0491,70.1558,-1.77117,16.7945,126.892,-11.9567,69.4208,65.5506,-15.5201,-1.85193,
4.68618,27.0831,32.6276,-4.21961,98.9506,-2.48989,82.2885,94.2644,-0.854884,32.0491,71.8675,-3.83684,14.1846,126.892,-11.9567,69.4208,67.6479,-14.9361,-2.68431,
4.68618,27.0831,32.6276,-4.21961,98.9506,-2.48989,82.2885,94.2644,-0.854884,32.0491,71.8675,-3.83684,14.1846,126.892,-11.9567,69.4208,67.6479,-14.9361,-2.68431,
4.30773,26.7046,34.2643,-4.21961,98.5722,-1.95201,81.6972,94.2644,-0.854884,32.0491,71.8675,-3.83684,14.1846,128.529,-13.3185,70.5039,67.6479,-14.9361,-2.68431,
4.30773,26.7046,34.2643,-4.21961,98.5722,-1.95201,81.6972,94.2644,-0.854884,32.0491,71.8675,-3.83684,14.1846,128.529,-13.3185,70.5039,67.6479,-14.9361,-2.68431,
10.9726,20.5193,37.772,-5.54587,97.0217,-1.90884,81.5467,86.0491,1.337,27.8031,76.5024,-4.79166,8.89153,123.821,-10.2348,71.6262,70.9565,-13.8888,-4.37331,
10.9726,20.5193,37.772,-5.54587,97.0217,-1.90884,81.5467,86.0491,1.337,27.8031,76.5024,-4.79166,8.89153,123.821,-10.2348,71.6262,70.9565,-13.8888,-4.37331,
15.1947,14.3266,39.0232,-8.54536,97.053,-2.18726,81.2393,81.8583,3.2767,28.33,82.7264,-4.51553,9.34959,120.881,-7.82901,72.1105,74.181,-12.6501,-5.08158,
15.1947,14.3266,39.0232,-8.54536,97.053,-2.18726,81.2393,81.8583,3.2767,28.33,82.7264,-4.51553,9.34959,120.881,-7.82901,72.1105,74.181,-12.6501,-5.08158,
14.5001,11.4505,31.3022,-9.84586,96.3584,-2.6199,82.1804,81.8583,3.2767,28.33,84.9079,-4.65548,9.03572,113.161,-1.46243,71.2198,75.0621,-12.4205,-5.14762,
14.5001,11.4505,31.3022,-9.84586,96.3584,-2.6199,82.1804,81.8583,3.2767,28.33,84.9079,-4.65548,9.03572,113.161,-1.46243,71.2198,75.0621,-12.4205,-5.14762,
16.4796,5.63681,29.9993,-14.139,94.8378,-3.37911,82.5776,78.3583,6.53218,28.2739,89.201,-5.14296,3.98761,108.358,1.80862,70.5751,75.0621,-12.4205,-5.14762,
16.4796,5.63681,29.9993,-14.139,94.8378,-3.37911,82.5776,78.3583,6.53218,28.2739,89.201,-5.14296,3.98761,108.358,1.80862,70.5751,75.0621,-12.4205,-5.14762,
16.5806,-0.802953,19.1713,-17.6362,94.7369,-4.04097,82.2965,78.1563,6.41519,26.8807,95.5399,-5.59118,1.58359,97.3276,7.83879,70.0523,77.9036,-10.8087,-3.84922,
16.5806,-0.802953,19.1713,-17.6362,94.7369,-4.04097,82.2965,78.1563,6.41519,26.8807,95.5399,-5.59118,1.58359,97.3276,7.83879,70.0523,77.9036,-10.8087,-3.84922,
17.0906,-2.89581,13.241,-17.8951,95.1878,-4.47568,81.6807,78.0971,5.94958,25.0612,98.0836,-5.56697,-0.822814,91.3381,10.8873,70.3367,80.1885,-9.57864,-3.42202,
17.0906,-2.89581,13.241,-17.8951,95.1878,-4.47568,81.6807,78.0971,5.94958,25.0612,98.0836,-5.56697,-0.822814,91.3381,10.8873,70.3367,80.1885,-9.57864,-3.42202,
17.4791,-2.5073,7.08719,-16.6907,95.5763,-4.55574,81.3285,78.0971,5.94958,25.0612,98.0836,-5.56697,-0.822814,85.1843,14.1559,70.5359,81.3929,-9.05292,-3.50198,
17.4791,-2.5073,7.08719,-16.6907,95.5763,-4.55574,81.3285,78.0971,5.94958,25.0612,98.0836,-5.56697,-0.822814,85.1843,14.1559,70.5359,81.3929,-9.05292,-3.50198,
18.9586,-10.9538,-11.2509,-25.8268,96.2659,-4.58378,81.136,77.3073,6.02101,21.1538,107.22,-5.07715,-2.7964,66.0563,23.3733,65.3705,81.3929,-9.05292,-3.50198,
18.9586,-10.9538,-11.2509,-25.8268,96.2659,-4.58378,81.136,77.3073,6.02101,21.1538,107.22,-5.07715,-2.7964,66.0563,23.3733,65.3705,81.3929,-9.05292,-3.50198,
22.0933,-11.8806,-14.6687,-21.4587,96.8308,-4.46548,80.6586,74.7376,5.80292,19.2673,108.711,-5.35575,-2.70533,60.0689,24.7104,61.5146,87.2527,-5.97411,-4.50059,
22.0933,-11.8806,-14.6687,-21.4587,96.8308,-4.46548,80.6586,74.7376,5.80292,19.2673,108.711,-5.35575,-2.70533,60.0689,24.7104,61.5146,87.2527,-5.97411,-4.50059,
26.8506,-11.9069,-14.9712,-19.941,97.2421,-4.01964,80.2373,70.3915,5.18033,16.435,109.149,-5.20477,-3.22005,55.4203,25.3946,58.3925,89.208,-5.04046,-4.71994,
26.8506,-11.9069,-14.9712,-19.941,97.2421,-4.01964,80.2373,70.3915,5.18033,16.435,109.149,-5.20477,-3.22005,55.4203,25.3946,58.3925,89.208,-5.04046,-4.71994,
27.1761,-11.5814,-11.0942,-17.7632,97.5676,-3.53513,79.8892,70.3915,5.18033,16.435,109.149,-5.20477,-3.22005,59.2973,24.8658,58.9022,91.3858,-3.96158,-4.75716,
27.1761,-11.5814,-11.0942,-17.7632,97.5676,-3.53513,79.8892,70.3915,5.18033,16.435,109.149,-5.20477,-3.22005,59.2973,24.8658,58.9022,91.3858,-3.96158,-4.75716,
32.1426,-11.4156,-3.15008,-17.8516,97.8217,-3.10365,79.5414,65.6792,2.73457,11.0482,109.237,-5.17124,-3.79719,62.5291,25.1489,61.1023,91.3858,-3.96158,-4.75716,
32.1426,-11.4156,-3.15008,-17.8516,97.8217,-3.10365,79.5414,65.6792,2.73457,11.0482,109.237,-5.17124,-3.79719,62.5291,25.1489,61.1023,91.3858,-3.96158,-4.75716,
25.0921,-6.90405,-7.63953,-8.46131,97.8333,-3.04424,79.4236,72.7412,1.6613,15.058,104.737,-4.76185,-3.68899,65.1017,24.6524,62.2724,96.2761,-1.43582,-5.38504,
25.0921,-6.90405,-7.63953,-8.46131,97.8333,-3.04424,79.4236,72.7412,1.6613,15.058,104.737,-4.76185,-3.68899,65.1017,24.6524,62.2724,96.2761,-1.43582,-5.38504,
25.3972,-0.339683,-3.67708,5.19272,97.9654,-3.20366,79.9076,72.5682,2.36564,14.674,98.3051,-3.61246,-2.54146,68.8911,23.3677,64.1117,103.498,4.38638,-10.8315,
25.3972,-0.339683,-3.67708,5.19272,97.9654,-3.20366,79.9076,72.5682,2.36564,14.674,98.3051,-3.61246,-2.54146,68.8911,23.3677,64.1117,103.498,4.38638,-10.8315,
22.6926,1.11273,5.24026,10.1775,96.8829,-4.22009,81.0143,74.1903,1.21034,11.4764,95.7701,-2.81903,-8.31947,79.4306,19.8836,66.86,105.948,7.35949,-14.3656,
22.6926,1.11273,5.24026,10.1775,96.8829,-4.22009,81.0143,74.1903,1.21034,11.4764,95.7701,-2.81903,-8.31947,79.4306,19.8836,66.86,105.948,7.35949,-14.3656,
18.9264,0.800084,4.18997,10.1775,96.5702,-4.82386,79.5667,77.6438,4.54543,16.0854,95.7701,-2.81903,-8.31947,81.8337,18.5795,66.3498,105.948,7.35949,-14.3656,
18.9264,0.800084,4.18997,10.1775,96.5702,-4.82386,79.5667,77.6438,4.54543,16.0854,95.7701,-2.81903,-8.31947,81.8337,18.5795,66.3498,105.948,7.35949,-14.3656,
18.1086,6.54779,6.21706,23.3771,97.9386,-5.20894,79.1629,79.83,4.70918,16.5552,91.3909,-4.24177,-12.3987,86.0471,16.8441,66.7156,114.768,14.2502,-20.4291,
18.1086,6.54779,6.21706,23.3771,97.9386,-5.20894,79.1629,79.83,4.70918,16.5552,91.3909,-4.24177,-12.3987,86.0471,16.8441,66.7156,114.768,14.2502,-20.4291,
15.5388,9.65333,3.80718,22.8943,97.7787,-5.44079,79.6091,82.2399,4.3003,16.5151,88.1254,-4.78644,-10.3653,86.0471,16.8441,66.7156,111.02,12.4035,-20.9174,
15.5388,9.65333,3.80718,22.8943,97.7787,-5.44079,79.6091,82.2399,4.3003,16.5151,88.1254,-4.78644,-10.3653,86.0471,16.8441,66.7156,111.02,12.4035,-20.9174,
14.1204,8.23491,7.75345,22.8943,96.3603,-5.47145,79.8948,82.2399,4.3003,16.5151,88.1254,-4.78644,-10.3653,89.9934,15.2351,67.0921,111.02,12.4035,-20.9174,
14.1204,8.23491,7.75345,22.8943,96.3603,-5.47145,79.8948,82.2399,4.3003,16.5151,88.1254,-4.78644,-10.3653,89.9934,15.2351,67.0921,111.02,12.4035,-20.9174,
7.54662,13.7492,2.49832,19.1176,96.401,-5.29917,79.6936,88.8544,4.14777,17.0656,82.6518,-6.44041,-7.75606,91.3527,14.4563,65.7165,101.769,5.942,-17.1491,
7.54662,13.7492,2.49832,19.1176,96.401,-5.29917,79.6936,88.8544,4.14777,17.0656,82.6518,-6.44041,-7.75606,91.3527,14.4563,65.7165,101.769,5.942,-17.1491,
1.17439,20.2178,-3.95493,15.7804,97.0957,-4.57489,77.8391,95.9214,3.97847,17.1753,76.8779,-9.85509,-5.56711,91.9664,14.1484,64.9257,92.6583,0.798147,-12.047,
1.17439,20.2178,-3.95493,15.7804,97.0957,-4.57489,77.8391,95.9214,3.97847,17.1753,76.8779,-9.85509,-5.56711,91.9664,14.1484,64.9257,92.6583,0.798147,-12.047,
0.43931,20.2776,-3.95493,10.8741,96.3607,-4.36421,78.0806,95.9214,3.97847,17.1753,76.0831,-10.679,-4.33343,91.9664,14.1484,64.9257,86.9572,-1.59247,-9.52674,
0.43931,20.2776,-3.95493,10.8741,96.3607,-4.36421,78.0806,95.9214,3.97847,17.1753,76.0831,-10.679,-4.33343,91.9664,14.1484,64.9257,86.9572,-1.59247,-9.52674,
-4.78246,22.0734,-7.11556,12.7797,96.2509,-3.85059,78.7535,101.033,4.26902,19.1212,74.1775,-10.9002,-0.311046,93.9178,13.3289,63.8243,86.9572,-1.59247,-9.52674,
-4.78246,22.0734,-7.11556,12.7797,96.2509,-3.85059,78.7535,101.033,4.26902,19.1212,74.1775,-10.9002,-0.311046,93.9178,13.3289,63.8243,86.9572,-1.59247,-9.52674,
-14.2665,23.8201,-15.4738,1.40724,96.5342,-3.45094,79.1345,110.801,3.0292,26.5654,72.7141,-9.74383,3.98799,95.327,12.7759,64.3201,74.1214,-6.31737,-6.1061,
-14.2665,23.8201,-15.4738,1.40724,96.5342,-3.45094,79.1345,110.801,3.0292,26.5654,72.7141,-9.74383,3.98799,95.327,12.7759,64.3201,74.1214,-6.31737,-6.1061,
-16.279,25.5152,-17.6231,-11.5057,97.6217,-2.91138,80.4866,113.901,2.77828,27.4012,72.1065,-7.8391,7.40924,96.2777,12.4668,64.6067,60.6008,-11.7918,-3.442,
-16.279,25.5152,-17.6231,-11.5057,97.6217,-2.91138,80.4866,113.901,2.77828,27.4012,72.1065,-7.8391,7.40924,96.2777,12.4668,64.6067,60.6008,-11.7918,-3.442,
-16.1114,25.6828,-17.6231,-11.5057,97.7893,-2.86034,80.8554,113.901,2.77828,27.4012,72.1065,-7.8391,7.40924,96.2777,12.4668,64.6067,60.6008,-11.7918,-3.442,
-16.1114,25.6828,-17.6231,-11.5057,97.7893,-2.86034,80.8554,113.901,2.77828,27.4012,72.1065,-7.8391,7.40924,96.2777,12.4668,64.6067,60.6008,-11.7918,-3.442,
-17.1722,31.1412,-13.5246,-19.4528,98.337,-2.88619,82.0735,115.509,3.49553,26.7643,67.1958,-4.85101,12.6496,101.985,9.39429,65.1491,47.743,-16.2899,1.81834,
-17.1722,31.1412,-13.5246,-19.4528,98.337,-2.88619,82.0735,115.509,3.49553,26.7643,67.1958,-4.85101,12.6496,101.985,9.39429,65.1491,47.743,-16.2899,1.81834,
-16.3073,42.7325,-11.9174,-18.8995,99.7092,-2.94974,83.0251,116.016,3.06421,28.6604,56.9767,-1.82983,15.6711,104.099,8.30274,65.0712,38.0773,-17.2101,7.40702,
-16.3073,42.7325,-11.9174,-18.8995,99.7092,-2.94974,83.0251,116.016,3.06421,28.6604,56.9767,-1.82983,15.6711,104.099,8.30274,65.0712,38.0773,-17.2101,7.40702,
-14.8088,41.8319,-8.99944,-15.732,100.621,-3.39014,84.6084,115.43,2.73035,29.2514,58.7893,-2.77823,14.7466,106.431,7.13507,64.8765,43.0574,-19.0791,6.23669,
-14.8088,41.8319,-8.99944,-15.732,100.621,-3.39014,84.6084,115.43,2.73035,29.2514,58.7893,-2.77823,14.7466,106.431,7.13507,64.8765,43.0574,-19.0791,6.23669,
-15.0516,41.5891,-6.46225,-12.4685,100.378,-3.90218,85.7987,115.43,2.73035,29.2514,58.7893,-2.77823,14.7466,108.968,5.89246,64.7448,46.3209,-18.9533,5.15043,
-15.0516,41.5891,-6.46225,-12.4685,100.378,-3.90218,85.7987,115.43,2.73035,29.2514,58.7893,-2.77823,14.7466,108.968,5.89246,64.7448,46.3209,-18.9533,5.15043,
-6.4541,36.3968,9.85888,-17.999,100.717,-3.95183,86.268,107.171,0.976336,28.932,64.3198,-4.73282,14.322,117.03,0.417075,67.0836,46.3209,-18.9533,5.15043,
-6.4541,36.3968,9.85888,-17.999,100.717,-3.95183,86.268,107.171,0.976336,28.932,64.3198,-4.73282,14.322,117.03,0.417075,67.0836,46.3209,-18.9533,5.15043,
-3.63311,36.5611,14.7544,-13.2862,100.881,-3.66182,86.1796,104.514,0.0729747,28.6282,64.3198,-4.73282,14.322,119.268,-2.99762,69.766,51.0336,-16.1818,5.29279,
-3.63311,36.5611,14.7544,-13.2862,100.881,-3.66182,86.1796,104.514,0.0729747,28.6282,64.3198,-4.73282,14.322,119.268,-2.99762,69.766,51.0336,-16.1818,5.29279,
-0.359655,31.2595,21.4701,-8.21761,100.632,-3.2916,86.1153,100.992,-2.18649,34.3023,69.3728,-0.539622,20.2419,122.462,-7.25658,72.6973,61.1552,-14.5059,1.90174,
-0.359655,31.2595,21.4701,-8.21761,100.632,-3.2916,86.1153,100.992,-2.18649,34.3023,69.3728,-0.539622,20.2419,122.462,-7.25658,72.6973,61.1552,-14.5059,1.90174,
-0.942037,30.6771,29.1197,-5.89767,100.05,-3.26417,86.3097,100.992,-2.18649,34.3023,69.3728,-0.539622,20.2419,130.112,-13.3095,74.8419,63.4751,-13.5998,1.97324,
-0.942037,30.6771,29.1197,-5.89767,100.05,-3.26417,86.3097,100.992,-2.18649,34.3023,69.3728,-0.539622,20.2419,130.112,-13.3095,74.8419,63.4751,-13.5998,1.97324,
8.80049,29.4723,36.5576,-8.70245,101.65,-3.83218,87.0223,92.8494,-0.515052,34.3217,72.1776,-5.59177,12.975,129.407,-12.8793,75.3947,63.4751,-13.5998,1.97324,
8.80049,29.4723,36.5576,-8.70245,101.65,-3.83218,87.0223,92.8494,-0.515052,34.3217,72.1776,-5.59177,12.975,129.407,-12.8793,75.3947,63.4751,-13.5998,1.97324,
12.4787,23.6401,37.2065,-8.50453,102.963,-3.617,86.6885,90.4841,0.220491,33.3798,79.3228,-5.88762,13.0935,127.691,-11.466,75.7422,70.8183,-11.0422,-0.727207,
12.4787,23.6401,37.2065,-8.50453,102.963,-3.617,86.6885,90.4841,0.220491,33.3798,79.3228,-5.88762,13.0935,127.691,-11.466,75.7422,70.8183,-11.0422,-0.727207,
13.5248,20.3174,36.7116,-9.39796,101.703,-3.08655,85.3946,88.178,1.11163,33.0001,81.3853,-5.83713,13.2849,124.89,-9.75656,76.3167,71.9874,-10.5879,-0.772671,
13.5248,20.3174,36.7116,-9.39796,101.703,-3.08655,85.3946,88.178,1.11163,33.0001,81.3853,-5.83713,13.2849,124.89,-9.75656,76.3167,71.9874,-10.5879,-0.772671,
10.8759,17.6685,30.5537,-8.40471,99.0538,-3.6845,85.2263,88.178,1.11163,33.0001,81.3853,-5.83713,13.2849,118.732,-4.80311,76.149,72.9806,-10.3162,-0.685908,
10.8759,17.6685,30.5537,-8.40471,99.0538,-3.6845,85.2263,88.178,1.11163,33.0001,81.3853,-5.83713,13.2849,118.732,-4.80311,76.149,72.9806,-10.3162,-0.685908,
15.5278,13.2875,30.9476,-12.961,99.2291,-3.67526,84.9366,83.7014,3.33691,33.237,85.9416,-5.95469,12.5203,114.649,-1.61858,75.1782,72.9806,-10.3162,-0.685908,
15.5278,13.2875,30.9476,-12.961,99.2291,-3.67526,84.9366,83.7014,3.33691,33.237,85.9416,-5.95469,12.5203,114.649,-1.61858,75.1782,72.9806,-10.3162,-0.685908,
16.0653,4.90789,17.2314,-16.521,97.5975,-4.16514,85.7625,81.5322,5.51485,32.2777,92.6896,-6.32402,11.3344,98.7636,7.47254,73.2438,76.1686,-9.07773,-0.200841,
16.0653,4.90789,17.2314,-16.521,97.5975,-4.16514,85.7625,81.5322,5.51485,32.2777,92.6896,-6.32402,11.3344,98.7636,7.47254,73.2438,76.1686,-9.07773,-0.200841,
15.2697,1.54209,17.5964,-17.8591,96.4369,-4.7407,86.114,81.1672,5.46419,30.7903,94.8948,-6.41248,10.5978,98.7636,7.47254,73.2438,77.0357,-8.66341,-0.149287,
15.2697,1.54209,17.5964,-17.8591,96.4369,-4.7407,86.114,81.1672,5.46419,30.7903,94.8948,-6.41248,10.5978,98.7636,7.47254,73.2438,77.0357,-8.66341,-0.149287,
14.6839,0.956367,11.5679,-16.9352,95.8512,-5.51637,86.0701,81.1672,5.46419,30.7903,94.8948,-6.41248,10.5978,92.7351,10.3171,73.4845,77.9596,-8.30949,-0.290557,
14.6839,0.956367,11.5679,-16.9352,95.8512,-5.51637,86.0701,81.1672,5.46419,30.7903,94.8948,-6.41248,10.5978,92.7351,10.3171,73.4845,77.9596,-8.30949,-0.290557,
15.4785,-11.338,-6.60491,-29.5242,96.1459,-5.96265,85.2287,80.6674,4.56778,25.192,107.484,-5.16924,-0.704747,74.0625,20.0662,72.3476,77.9596,-8.30949,-0.290557,
15.4785,-11.338,-6.60491,-29.5242,96.1459,-5.96265,85.2287,80.6674,4.56778,25.192,107.484,-5.16924,-0.704747,74.0625,20.0662,72.3476,77.9596,-8.30949,-0.290557,
16.6377,-12.813,-19.1331,-27.1096,96.8606,-6.03864,83.8918,80.2228,4.58721,23.8536,109.674,-5.2189,-1.13429,61.0898,24.2076,65.0845,82.564,-6.59928,-2.01976,
16.6377,-12.813,-19.1331,-27.1096,96.8606,-6.03864,83.8918,80.2228,4.58721,23.8536,109.674,-5.2189,-1.13429,61.0898,24.2076,65.0845,82.564,-6.59928,-2.01976,
18.6355,-12.9195,-17.305,-25.7569,97.0303,-6.03452,83.6497,78.3947,4.31332,21.7776,109.95,-5.64109,-0.668179,61.0898,24.2076,65.0845,84.1929,-5.77026,-2.42995,
18.6355,-12.9195,-17.305,-25.7569,97.0303,-6.03452,83.6497,78.3947,4.31332,21.7776,109.95,-5.64109,-0.668179,61.0898,24.2076,65.0845,84.1929,-5.77026,-2.42995,
27.5088,-13.4426,-16.9422,-25.0632,97.5011,-5.96988,83.2743,69.9923,2.36434,15.3732,110.944,-5.34817,-2.53343,53.0501,22.7358,56.2738,85.8805,-4.79881,-2.96316,
27.5088,-13.4426,-16.9422,-25.0632,97.5011,-5.96988,83.2743,69.9923,2.36434,15.3732,110.944,-5.34817,-2.53343,53.0501,22.7358,56.2738,85.8805,-4.79881,-2.96316,
29.1176,-12.2854,-7.53867,-22.4986,98.1763,-5.71543,82.7656,69.0586,-0.161525,12.6961,110.462,-4.98661,-3.39758,61.52,22.627,60.4062,87.9631,-3.70616,-3.39663,
29.1176,-12.2854,-7.53867,-22.4986,98.1763,-5.71543,82.7656,69.0586,-0.161525,12.6961,110.462,-4.98661,-3.39758,61.52,22.627,60.4062,87.9631,-3.70616,-3.39663,
27.0904,-10.0664,-7.03978,-10.385,98.363,-5.34283,82.0769,71.2726,0.0375446,14.6175,108.429,-4.81133,-3.42411,64.2328,22.9302,62.3202,98.0444,1.97995,-5.88027,
27.0904,-10.0664,-7.03978,-10.385,98.363,-5.34283,82.0769,71.2726,0.0375446,14.6175,108.429,-4.81133,-3.42411,64.2328,22.9302,62.3202,98.0444,1.97995,-5.88027,
23.965,-6.4593,-7.4239,-4.8184,98.7887,-4.83494,81.4892,74.8237,-0.544423,15.9413,105.248,-4.36573,-2.9996,67.3998,21.7491,64.0636,100.43,3.91763,-7.95113,
23.965,-6.4593,-7.4239,-4.8184,98.7887,-4.83494,81.4892,74.8237,-0.544423,15.9413,105.248,-4.36573,-2.9996,67.3998,21.7491,64.0636,100.43,3.91763,-7.95113,
22.3998,0.147295,1.63943,1.73781,98.839,-4.92434,81.4508,76.4392,0.507032,13.9341,98.6917,-2.8432,-2.13525,78.0787,18.9944,68.8971,100.43,3.91763,-7.95113,
22.3998,0.147295,1.63943,1.73781,98.839,-4.92434,81.4508,76.4392,0.507032,13.9341,98.6917,-2.8432,-2.13525,78.0787,18.9944,68.8971,100.43,3.91763,-7.95113,
19.7621,1.08926,2.75876,8.19383,97.9228,-5.71159,82.4866,78.1607,0.0820498,13.7943,96.8335,-2.041,-8.22386,80.9194,17.8049,68.0946,105.027,9.18205,-14.7024,
19.7621,1.08926,2.75876,8.19383,97.9228,-5.71159,82.4866,78.1607,0.0820498,13.7943,96.8335,-2.041,-8.22386,80.9194,17.8049,68.0946,105.027,9.18205,-14.7024,
17.2038,1.86467,3.11167,9.44772,97.4443,-5.91717,82.6546,80.2405,1.96076,16.5786,95.5796,-2.1723,-11.7602,83.3521,16.663,67.5995,105.027,9.18205,-14.7024,
17.2038,1.86467,3.11167,9.44772,97.4443,-5.91717,82.6546,80.2405,1.96076,16.5786,95.5796,-2.1723,-11.7602,83.3521,16.663,67.5995,105.027,9.18205,-14.7024,
15.7095,3.45738,3.34727,17.9534,97.9356,-6.21697,80.834,82.2261,3.75603,18.4324,94.4782,-2.93006,-13.0049,85.5733,15.84,67.7402,112.432,14.7171,-21.1003,
15.7095,3.45738,3.34727,17.9534,97.9356,-6.21697,80.834,82.2261,3.75603,18.4324,94.4782,-2.93006,-13.0049,85.5733,15.84,67.7402,112.432,14.7171,-21.1003,
11.6113,9.39689,2.94742,23.2384,98.5901,-6.48564,80.7491,86.9788,3.39496,18.9369,89.1932,-4.12914,-10.0687,89.9262,14.2766,68.4434,112.432,14.7171,-21.1003,
11.6113,9.39689,2.94742,23.2384,98.5901,-6.48564,80.7491,86.9788,3.39496,18.9369,89.1932,-4.12914,-10.0687,89.9262,14.2766,68.4434,112.432,14.7171,-21.1003,
4.35196,16.6257,-2.28374,21.7524,98.0373,-6.45351,81.5373,93.6854,3.09083,19.226,81.4116,-7.53595,-7.04944,91.4016,13.7019,67.9389,103.164,8.27413,-20.0112,
4.35196,16.6257,-2.28374,21.7524,98.0373,-6.45351,81.5373,93.6854,3.09083,19.226,81.4116,-7.53595,-7.04944,91.4016,13.7019,67.9389,103.164,8.27413,-20.0112,
2.23626,18.8124,-4.56476,20.4798,98.2026,-6.37332,81.4468,95.9664,3.00072,19.201,79.3903,-9.06664,-6.28982,91.4016,13.7019,67.9389,99.8701,5.47821,-17.3165,
2.23626,18.8124,-4.56476,20.4798,98.2026,-6.37332,81.4468,95.9664,3.00072,19.201,79.3903,-9.06664,-6.28982,91.4016,13.7019,67.9389,99.8701,5.47821,-17.3165,
1.98748,18.5636,-4.56476,16.413,97.9539,-6.34997,80.7965,95.9664,3.00072,19.201,79.3903,-9.06664,-6.28982,91.4016,13.7019,67.9389,95.8032,2.67157,-14.4396,
1.98748,18.5636,-4.56476,16.413,97.9539,-6.34997,80.7965,95.9664,3.00072,19.201,79.3903,-9.06664,-6.28982,91.4016,13.7019,67.9389,95.8032,2.67157,-14.4396,
1.98748,18.5636,-3.36085,16.413,97.9539,-6.34997,80.7965,95.9664,3.00072,19.201,79.3903,-9.06664,-6.28982,92.6055,13.1703,67.075,95.8032,2.67157,-14.4396,
1.98748,18.5636,-3.36085,16.413,97.9539,-6.34997,80.7965,95.9664,3.00072,19.201,79.3903,-9.06664,-6.28982,92.6055,13.1703,67.075,95.8032,2.67157,-14.4396,
-10.3574,23.2803,-13.4746,-1.40536,97.785,-6.23238,80.8297,108.142,2.59162,25.9593,74.5048,-11.7788,1.7285,94.6679,12.3942,66.7489,73.0994,-7.49438,-5.35827,
-10.3574,23.2803,-13.4746,-1.40536,97.785,-6.23238,80.8297,108.142,2.59162,25.9593,74.5048,-11.7788,1.7285,94.6679,12.3942,66.7489,73.0994,-7.49438,-5.35827,
-13.6825,25.3539,-16.0179,0.655519,97.7977,-5.92538,81.3029,111.48,1.98303,28.3438,72.4439,-10.5134,6.58846,95.4624,12.2142,66.9017,73.0994,-7.49438,-5.35827,
-13.6825,25.3539,-16.0179,0.655519,97.7977,-5.92538,81.3029,111.48,1.98303,28.3438,72.4439,-10.5134,6.58846,95.4624,12.2142,66.9017,73.0994,-7.49438,-5.35827,
-13.7751,25.2613,-13.9065,-12.7142,97.7052,-5.67726,81.7192,111.48,1.98303,28.3438,72.4439,-10.5134,6.58846,97.5738,11.2142,67.1366,59.7297,-12.4301,-0.915251,
-13.7751,25.2613,-13.9065,-12.7142,97.7052,-5.67726,81.7192,111.48,1.98303,28.3438,72.4439,-10.5134,6.58846,97.5738,11.2142,67.1366,59.7297,-12.4301,-0.915251,
-20.2677,30.0525,-18.0719,-8.10069,97.8829,-5.45423,82.2329,118.151,1.64855,30.2081,67.8304,-6.19258,14.6111,100.079,9.81438,67.3452,59.7297,-12.4301,-0.915251,
-20.2677,30.0525,-18.0719,-8.10069,97.8829,-5.45423,82.2329,118.151,1.64855,30.2081,67.8304,-6.19258,14.6111,100.079,9.81438,67.3452,59.7297,-12.4301,-0.915251,
-19.2269,35.7452,-16.8093,-27.6523,99.0771,-5.11888,84.2626,118.304,1.70083,30.6181,63.3319,-4.56783,16.5284,101.495,9.13652,67.3908,35.6796,-14.8594,12.1618,
-19.2269,35.7452,-16.8093,-27.6523,99.0771,-5.11888,84.2626,118.304,1.70083,30.6181,63.3319,-4.56783,16.5284,101.495,9.13652,67.3908,35.6796,-14.8594,12.1618,
-19.0802,36.1333,-15.4825,-27.2375,99.4653,-5.09982,84.848,118.545,1.70874,30.7809,63.3319,-4.56783,16.5284,103.063,8.31254,67.2408,36.0944,-15.9071,11.9082,
-19.0802,36.1333,-15.4825,-27.2375,99.4653,-5.09982,84.848,118.545,1.70874,30.7809,63.3319,-4.56783,16.5284,103.063,8.31254,67.2408,36.0944,-15.9071,11.9082,
-19.0802,36.1333,-11.1844,-27.2375,99.4653,-5.09982,84.848,118.545,1.70874,30.7809,63.3319,-4.56783,16.5284,107.361,6.22864,66.8358,36.0944,-15.9071,11.9082,
-19.0802,36.1333,-11.1844,-27.2375,99.4653,-5.09982,84.848,118.545,1.70874,30.7809,63.3319,-4.56783,16.5284,107.361,6.22864,66.8358,36.0944,-15.9071,11.9082,
-12.8854,41.085,-0.529034,-11.7261,100.032,-5.10603,85.5641,112.918,0.0716688,31.8185,58.9472,-2.32233,17.1204,112.389,3.7096,66.8496,47.2211,-18.9148,6.38521,
-12.8854,41.085,-0.529034,-11.7261,100.032,-5.10603,85.5641,112.918,0.0716688,31.8185,58.9472,-2.32233,17.1204,112.389,3.7096,66.8496,47.2211,-18.9148,6.38521,
-8.06535,34.9965,8.4382,-12.5816,100.705,-5.37934,87.1928,108.77,-0.811989,31.089,65.7083,-4.87214,15.778,117.208,-0.779014,69.7759,53.1267,-15.2961,4.80095,
-8.06535,34.9965,8.4382,-12.5816,100.705,-5.37934,87.1928,108.77,-0.811989,31.089,65.7083,-4.87214,15.778,117.208,-0.779014,69.7759,53.1267,-15.2961,4.80095,
-5.44489,34.6938,10.696,-6.13826,101.068,-5.94095,88.3017,106.512,-1.8762,31.3958,66.3737,-2.56124,17.5818,117.208,-0.779014,69.7759,60.2355,-13.9102,2.19819,
-5.44489,34.6938,10.696,-6.13826,101.068,-5.94095,88.3017,106.512,-1.8762,31.3958,66.3737,-2.56124,17.5818,117.208,-0.779014,69.7759,60.2355,-13.9102,2.19819,
-5.13732,35.0014,20.2084,-6.13826,101.375,-6.19913,88.9407,106.512,-1.8762,31.3958,66.3737,-2.56124,17.5818,126.721,-11.6757,77.0347,60.2355,-13.9102,2.19819,
-5.13732,35.0014,20.2084,-6.13826,101.375,-6.19913,88.9407,106.512,-1.8762,31.3958,66.3737,-2.56124,17.5818,126.721,-11.6757,77.0347,60.2355,-13.9102,2.19819,
2.12456,29.139,30.4814,-12.1134,101.488,-6.29293,89.2351,99.3634,-3.74738,40.5845,72.3489,-6.81847,12.0472,129.845,-15.043,78.0341,60.2355,-13.9102,2.19819,
2.12456,29.139,30.4814,-12.1134,101.488,-6.29293,89.2351,99.3634,-3.74738,40.5845,72.3489,-6.81847,12.0472,129.845,-15.043,78.0341,60.2355,-13.9102,2.19819,
4.19662,26.6416,32.537,-9.05903,101.504,-6.39983,89.5187,97.3078,-3.12211,38.6356,74.8628,-7.60955,11.4758,129.845,-15.043,78.0341,65.8038,-13.0847,0.827911,
4.19662,26.6416,32.537,-9.05903,101.504,-6.39983,89.5187,97.3078,-3.12211,38.6356,74.8628,-7.60955,11.4758,129.845,-15.043,78.0341,65.8038,-13.0847,0.827911,
6.42737,24.3814,34.2371,-3.77745,101.455,-6.46036,89.5919,95.0275,-2.39515,36.7915,77.0735,-7.49327,11.7099,129.265,-14.6682,78.7495,73.296,-10.3911,-1.56307,
6.42737,24.3814,34.2371,-3.77745,101.455,-6.46036,89.5919,95.0275,-2.39515,36.7915,77.0735,-7.49327,11.7099,129.265,-14.6682,78.7495,73.296,-10.3911,-1.56307,
6.12272,24.0767,27.6976,-3.77745,101.15,-6.12403,89.2321,95.0275,-2.39515,36.7915,77.0735,-7.49327,11.7099,122.725,-9.57181,79.27,73.296,-10.3911,-1.56307,
6.12272,24.0767,27.6976,-3.77745,101.15,-6.12403,89.2321,95.0275,-2.39515,36.7915,77.0735,-7.49327,11.7099,122.725,-9.57181,79.27,73.296,-10.3911,-1.56307,
10.3592,19.7383,25.0005,-6.04624,101.15,-6.12403,89.2321,90.791,-0.647484,35.4048,81.4119,-7.0502,11.9647,115.792,-3.68409,77.0899,75.3657,-9.27723,-0.789142,
10.3592,19.7383,25.0005,-6.04624,101.15,-6.12403,89.2321,90.791,-0.647484,35.4048,81.4119,-7.0502,11.9647,115.792,-3.68409,77.0899,75.3657,-9.27723,-0.789142,
14.436,10.0268,25.2333,-12.683,100.395,-6.11454,89.5053,85.9588,2.6609,34.9184,90.368,-7.35491,10.9751,111.192,-0.76871,76.1387,77.685,-8.22607,-0.176241,
14.436,10.0268,25.2333,-12.683,100.395,-6.11454,89.5053,85.9588,2.6609,34.9184,90.368,-7.35491,10.9751,111.192,-0.76871,76.1387,77.685,-8.22607,-0.176241,
16.5883,11.4726,20.7752,-11.9922,101.841,-6.597,90.7797,85.2523,3.30212,34.2374,90.368,-7.35491,10.9751,106.027,2.06281,75.5333,78.3759,-7.85971,-0.0102407,
16.5883,11.4726,20.7752,-11.9922,101.841,-6.597,90.7797,85.2523,3.30212,34.2374,90.368,-7.35491,10.9751,106.027,2.06281,75.5333,78.3759,-7.85971,-0.0102407,
16.7547,11.6389,9.26866,-11.9922,102.007,-6.25272,90.6398,85.2523,3.30212,34.2374,90.368,-7.35491,10.9751,94.5209,7.79858,74.9969,78.3759,-7.85971,-0.0102407,
16.7547,11.6389,9.26866,-11.9922,102.007,-6.25272,90.6398,85.2523,3.30212,34.2374,90.368,-7.35491,10.9751,94.5209,7.79858,74.9969,78.3759,-7.85971,-0.0102407,
16.4774,5.39122,4.44413,-15.21,100.401,-5.83255,88.5145,83.9238,2.96441,27.5934,95.01,-7.54245,10.2833,88.3679,10.8702,74.5562,79.8,-7.21947,-0.221558,
16.4774,5.39122,4.44413,-15.21,100.401,-5.83255,88.5145,83.9238,2.96441,27.5934,95.01,-7.54245,10.2833,88.3679,10.8702,74.5562,79.8,-7.21947,-0.221558,
15.7041,0.307753,-8.41307,-16.7418,99.7144,-6.24767,86.382,84.0102,3.03052,26.8857,99.4066,-7.1848,7.01509,75.5972,17.4086,72.5221,82.6648,-6.40571,-1.55769,
15.7041,0.307753,-8.41307,-16.7418,99.7144,-6.24767,86.382,84.0102,3.03052,26.8857,99.4066,-7.1848,7.01509,75.5972,17.4086,72.5221,82.6648,-6.40571,-1.55769,
16.0351,-2.55699,-21.1642,-18.6789,100.045,-6.17321,86.4386,84.0102,3.03052,26.8857,102.602,-6.72713,3.66845,62.846,22.7744,67.0921,83.9234,-5.83388,-1.89575,
16.0351,-2.55699,-21.1642,-18.6789,100.045,-6.17321,86.4386,84.0102,3.03052,26.8857,102.602,-6.72713,3.66845,62.846,22.7744,67.0921,83.9234,-5.83388,-1.89575,
20.9065,-7.52313,-24.7001,-22.3461,98.7464,-6.28817,86.7112,77.8399,3.11931,22.3013,106.27,-6.15377,0.503555,53.1399,24.6973,61.1636,83.9234,-5.83388,-1.89575,
20.9065,-7.52313,-24.7001,-22.3461,98.7464,-6.28817,86.7112,77.8399,3.11931,22.3013,106.27,-6.15377,0.503555,53.1399,24.6973,61.1636,83.9234,-5.83388,-1.89575,
26.3523,-9.48564,-17.2138,-17.8537,96.7839,-7.43921,86.2731,70.4316,1.93752,15.5794,106.27,-6.15377,0.503555,53.2177,24.4158,60.4697,88.4158,-3.32686,-2.61401,
26.3523,-9.48564,-17.2138,-17.8537,96.7839,-7.43921,86.2731,70.4316,1.93752,15.5794,106.27,-6.15377,0.503555,53.2177,24.4158,60.4697,88.4158,-3.32686,-2.61401,
26.9214,-8.91654,-17.2138,-13.6507,97.353,-7.83875,85.2365,70.4316,1.93752,15.5794,106.27,-6.15377,0.503555,53.2177,24.4158,60.4697,92.6188,-1.01999,-2.51148,
26.9214,-8.91654,-17.2138,-13.6507,97.353,-7.83875,85.2365,70.4316,1.93752,15.5794,106.27,-6.15377,0.503555,53.2177,24.4158,60.4697,92.6188,-1.01999,-2.51148,
26.9214,-12.701,-13.0904,-15.1354,97.353,-7.83875,85.2365,70.4316,1.93752,15.5794,110.054,-6.28338,-0.48989,57.3412,24.6888,62.3641,94.9186,0.289621,-3.03232,
26.9214,-12.701,-13.0904,-15.1354,97.353,-7.83875,85.2365,70.4316,1.93752,15.5794,110.054,-6.28338,-0.48989,57.3412,24.6888,62.3641,94.9186,0.289621,-3.03232,
20.932,-14.6396,-15.6677,-12.9134,97.8866,-7.99405,84.2593,76.9546,2.95409,21.3322,112.526,-6.18708,-1.62636,61.2869,25.2407,65.0462,99.6127,3.60154,-6.17256,
20.932,-14.6396,-15.6677,-12.9134,97.8866,-7.99405,84.2593,76.9546,2.95409,21.3322,112.526,-6.18708,-1.62636,61.2869,25.2407,65.0462,99.6127,3.60154,-6.17256,
21.622,-10.4871,-11.5104,-8.93093,98.0566,-7.97555,84.0807,76.4346,0.946765,14.1961,108.544,-5.41904,-1.07719,64.9242,25.0323,66.8463,99.6127,3.60154,-6.17256,
21.622,-10.4871,-11.5104,-8.93093,98.0566,-7.97555,84.0807,76.4346,0.946765,14.1961,108.544,-5.41904,-1.07719,64.9242,25.0323,66.8463,99.6127,3.60154,-6.17256,
22.3449,-0.2352,-9.5407,7.76663,98.7795,-7.66313,83.1895,76.4346,0.946765,14.1961,99.0147,-2.71487,-1.74202,66.8939,24.5648,66.6236,106.781,10.9884,-15.1397,
22.3449,-0.2352,-9.5407,7.76663,98.7795,-7.66313,83.1895,76.4346,0.946765,14.1961,99.0147,-2.71487,-1.74202,66.8939,24.5648,66.6236,106.781,10.9884,-15.1397,
22.0653,0.367369,-5.43607,10.5798,99.3821,-7.19002,82.3628,77.3168,-0.741761,10.8195,99.0147,-2.71487,-1.74202,71.8807,21.4156,66.3341,109.595,13.3828,-17.1982,
22.0653,0.367369,-5.43607,10.5798,99.3821,-7.19002,82.3628,77.3168,-0.741761,10.8195,99.0147,-2.71487,-1.74202,71.8807,21.4156,66.3341,109.595,13.3828,-17.1982,
15.984,0.79518,-4.94593,10.5798,99.8099,-6.42808,81.5106,83.8259,4.62454,16.7449,99.0147,-2.71487,-1.74202,78.8799,20.0895,68.5525,109.595,13.3828,-17.1982,
15.984,0.79518,-4.94593,10.5798,99.8099,-6.42808,81.5106,83.8259,4.62454,16.7449,99.0147,-2.71487,-1.74202,78.8799,20.0895,68.5525,109.595,13.3828,-17.1982,
15.984,1.78187,-4.94593,11.5665,99.8099,-6.42808,81.5106,83.8259,4.62454,16.7449,98.028,-1.98031,-5.31899,78.8799,20.0895,68.5525,109.595,13.3828,-17.1982,
15.984,1.78187,-4.94593,11.5665,99.8099,-6.42808,81.5106,83.8259,4.62454,16.7449,98.028,-1.98031,-5.31899,78.8799,20.0895,68.5525,109.595,13.3828,-17.1982,
11.9598,1.88941,-4.24474,10.2347,99.9174,-6.21664,81.4184,87.9576,4.10117,17.466,98.028,-1.98031,-5.31899,83.7129,17.3313,66.5063,108.263,14.0321,-22.0402,
11.9598,1.88941,-4.24474,10.2347,99.9174,-6.21664,81.4184,87.9576,4.10117,17.466,98.028,-1.98031,-5.31899,83.7129,17.3313,66.5063,108.263,14.0321,-22.0402,
10.0296,1.88941,-3.92655,7.9065,99.9174,-6.21664,81.4184,89.8878,4.18737,18.1983,98.028,-1.98031,-5.31899,85.9613,16.3897,66.7295,105.935,12.3891,-21.8363,
10.0296,1.88941,-3.92655,7.9065,99.9174,-6.21664,81.4184,89.8878,4.18737,18.1983,98.028,-1.98031,-5.31899,85.9613,16.3897,66.7295,105.935,12.3891,-21.8363,
5.60129,4.16267,-6.21118,4.17421,99.7031,-6.38407,82.5244,94.1018,3.98753,18.1598,95.5405,-2.09634,-12.8758,87.8907,15.6007,67.122,99.7147,7.24753,-18.0196,
5.60129,4.16267,-6.21118,4.17421,99.7031,-6.38407,82.5244,94.1018,3.98753,18.1598,95.5405,-2.09634,-12.8758,87.8907,15.6007,67.122,99.7147,7.24753,-18.0196,
0.11707,3.73852,-6.45255,-3.83097,98.1624,-7.64525,83.696,98.0453,3.90866,18.2831,94.4238,-2.87606,-12.6505,91.5927,13.9366,66.8159,90.5929,1.66942,-12.897,
0.11707,3.73852,-6.45255,-3.83097,98.1624,-7.64525,83.696,98.0453,3.90866,18.2831,94.4238,-2.87606,-12.6505,91.5927,13.9366,66.8159,90.5929,1.66942,-12.897,
-4.42298,12.887,-9.91,-0.0944848,97.8582,-7.64216,82.7326,102.281,4.34554,19.3588,84.9712,-5.09117,-7.58562,92.3712,13.6687,66.2923,84.8767,-0.981859,-10.6815,
-4.42298,12.887,-9.91,-0.0944848,97.8582,-7.64216,82.7326,102.281,4.34554,19.3588,84.9712,-5.09117,-7.58562,92.3712,13.6687,66.2923,84.8767,-0.981859,-10.6815,
-4.42298,12.887,-8.40342,-6.33322,97.8582,-7.64216,82.7326,102.281,4.34554,19.3588,84.9712,-5.09117,-7.58562,93.8777,13.1062,64.7713,78.638,-3.65113,-8.92572,
-4.42298,12.887,-8.40342,-6.33322,97.8582,-7.64216,82.7326,102.281,4.34554,19.3588,84.9712,-5.09117,-7.58562,93.8777,13.1062,64.7713,78.638,-3.65113,-8.92572,
-4.42298,17.655,-7.62769,-1.56524,97.8582,-7.64216,82.7326,102.281,4.34554,19.3588,80.2032,-7.55715,-6.98616,94.6535,12.8088,64.1564,78.638,-3.65113,-8.92572,
-4.42298,17.655,-7.62769,-1.56524,97.8582,-7.64216,82.7326,102.281,4.34554,19.3588,80.2032,-7.55715,-6.98616,94.6535,12.8088,64.1564,78.638,-3.65113,-8.92572,
-14.7165,21.3286,-17.3811,-26.1248,98.9097,-7.21906,80.1603,113.626,2.5612,28.6481,77.5811,-10.1033,-5.76459,96.2451,12.2431,63.7322,51.4563,-15.2654,-1.28134,
-14.7165,21.3286,-17.3811,-26.1248,98.9097,-7.21906,80.1603,113.626,2.5612,28.6481,77.5811,-10.1033,-5.76459,96.2451,12.2431,63.7322,51.4563,-15.2654,-1.28134,
-17.7606,22.4741,-18.9868,-36.4061,98.9097,-7.21906,80.1603,116.67,2.5452,28.7899,76.4356,-11.2308,-2.54332,97.6835,11.7465,64.0305,40.0295,-16.7659,5.58441,
-17.7606,22.4741,-18.9868,-36.4061,98.9097,-7.21906,80.1603,116.67,2.5452,28.7899,76.4356,-11.2308,-2.54332,97.6835,11.7465,64.0305,40.0295,-16.7659,5.58441,
-17.6122,24.5462,-15.5082,-35.1403,99.716,-7.34031,79.2393,117.328,3.06978,28.2119,75.1698,-10.7041,1.72651,101.82,9.90953,64.7755,40.0295,-16.7659,5.58441,
-17.6122,24.5462,-15.5082,-35.1403,99.716,-7.34031,79.2393,117.328,3.06978,28.2119,75.1698,-10.7041,1.72651,101.82,9.90953,64.7755,40.0295,-16.7659,5.58441,
-17.3952,21.5753,-10.8371,-34.7668,98.7048,-8.63083,80.9816,116.1,3.0902,29.8683,77.1294,-8.47212,4.88295,105.263,8.18669,64.548,42.3627,-17.527,6.27901,
-17.3952,21.5753,-10.8371,-34.7668,98.7048,-8.63083,80.9816,116.1,3.0902,29.8683,77.1294,-8.47212,4.88295,105.263,8.18669,64.548,42.3627,-17.527,6.27901,
-18.2016,22.2251,-6.13959,-27.5449,97.8984,-8.09598,79.3068,116.1,3.0902,29.8683,75.6733,-7.52796,7.57767,109.96,5.98594,64.1022,48.1284,-17.7496,4.73068,
-18.2016,22.2251,-6.13959,-27.5449,97.8984,-8.09598,79.3068,116.1,3.0902,29.8683,75.6733,-7.52796,7.57767,109.96,5.98594,64.1022,48.1284,-17.7496,4.73068,
-18.3488,22.0779,-6.13959,-27.5449,97.7512,-7.93542,78.9081,116.1,3.0902,29.8683,75.6733,-7.52796,7.57767,109.96,5.98594,64.1022,48.1284,-17.7496,4.73068,
-18.3488,22.0779,-6.13959,-27.5449,97.7512,-7.93542,78.9081,116.1,3.0902,29.8683,75.6733,-7.52796,7.57767,109.96,5.98594,64.1022,48.1284,-17.7496,4.73068,
-15.0079,32.0272,8.31394,-15.2431,97.4332,-7.74745,78.3069,112.441,2.83842,29.4403,65.406,-4.39445,13.5524,120.755,-2.93243,68.8703,50.1629,-15.0725,5.91831,
-15.0079,32.0272,8.31394,-15.2431,97.4332,-7.74745,78.3069,112.441,2.83842,29.4403,65.406,-4.39445,13.5524,120.755,-2.93243,68.8703,50.1629,-15.0725,5.91831,
-8.55418,31.9628,17.7254,-8.56431,97.3688,-7.6929,78.5341,105.923,1.32196,28.1351,65.406,-4.39445,13.5524,123.648,-7.14798,71.8315,56.8417,-13.6111,3.91468,
-8.55418,31.9628,17.7254,-8.56431,97.3688,-7.6929,78.5341,105.923,1.32196,28.1351,65.406,-4.39445,13.5524,123.648,-7.14798,71.8315,56.8417,-13.6111,3.91468,
-4.74626,37.1235,25.5604,2.2263,97.3688,-7.6929,78.5341,102.115,-1.05454,31.3316,60.2453,-1.80913,16.043,127.675,-10.3415,73.4639,62.4716,-12.0411,3.92461,
-4.74626,37.1235,25.5604,2.2263,97.3688,-7.6929,78.5341,102.115,-1.05454,31.3316,60.2453,-1.80913,16.043,127.675,-10.3415,73.4639,62.4716,-12.0411,3.92461,
-1.43615,33.4666,31.4354,0.86384,97.1967,-7.65934,78.8784,98.6329,-2.28411,39.3596,63.7301,-3.34138,13.8939,130.068,-12.6715,74.2555,64.594,-10.8965,3.98215,
-1.43615,33.4666,31.4354,0.86384,97.1967,-7.65934,78.8784,98.6329,-2.28411,39.3596,63.7301,-3.34138,13.8939,130.068,-12.6715,74.2555,64.594,-10.8965,3.98215,
0.879036,28.6535,33.5404,-0.829312,96.4469,-7.43985,80.0207,95.5678,-0.774772,37.7085,67.7934,-4.69215,12.3816,129.108,-13.146,75.9839,66.9641,-10.0126,3.44511,
0.879036,28.6535,33.5404,-0.829312,96.4469,-7.43985,80.0207,95.5678,-0.774772,37.7085,67.7934,-4.69215,12.3816,129.108,-13.146,75.9839,66.9641,-10.0126,3.44511,
5.88458,28.7245,35.6801,2.51306,96.5179,-7.15699,80.9347,90.6333,0.244967,34.4812,67.7934,-4.69215,12.3816,126.313,-12.1355,77.7684,70.3065,-8.84504,2.88241,
5.88458,28.7245,35.6801,2.51306,96.5179,-7.15699,80.9347,90.6333,0.244967,34.4812,67.7934,-4.69215,12.3816,126.313,-12.1355,77.7684,70.3065,-8.84504,2.88241,
9.87089,26.9766,36.9094,3.99391,96.6672,-7.0137,81.4116,86.7964,1.73684,34.7277,69.6906,-3.6907,14.1787,123.706,-10.3051,78.6836,73.6846,-7.9632,2.25604,
9.87089,26.9766,36.9094,3.99391,96.6672,-7.0137,81.4116,86.7964,1.73684,34.7277,69.6906,-3.6907,14.1787,123.706,-10.3051,78.6836,73.6846,-7.9632,2.25604,
9.77252,25.2559,30.2758,3.41089,96.5689,-6.64924,83.4859,86.7964,1.73684,34.7277,71.313,-2.55942,17.2399,117.072,-4.44025,77.7545,74.7238,-7.72638,1.99425,
9.77252,25.2559,30.2758,3.41089,96.5689,-6.64924,83.4859,86.7964,1.73684,34.7277,71.313,-2.55942,17.2399,117.072,-4.44025,77.7545,74.7238,-7.72638,1.99425,
13.052,24.073,23.2938,1.33282,97.464,-6.76377,85.4297,84.4121,3.91322,35.1639,73.391,-4.3368,15.4678,107.706,1.59355,76.5743,74.7238,-7.72638,1.99425,
13.052,24.073,23.2938,1.33282,97.464,-6.76377,85.4297,84.4121,3.91322,35.1639,73.391,-4.3368,15.4678,107.706,1.59355,76.5743,74.7238,-7.72638,1.99425,
14.1671,19.1415,12.7721,-0.129675,98.1404,-7.20745,86.9134,83.9733,4.00436,34.1332,78.9989,-5.30353,14.1924,96.7454,7.17837,76.9813,78.8692,-6.37743,1.326,
14.1671,19.1415,12.7721,-0.129675,98.1404,-7.20745,86.9134,83.9733,4.00436,34.1332,78.9989,-5.30353,14.1924,96.7454,7.17837,76.9813,78.8692,-6.37743,1.326,
14.1671,15.7014,12.7721,-2.50856,98.1404,-7.20745,86.9134,83.9733,4.00436,34.1332,82.439,-5.62802,13.2059,96.7454,7.17837,76.9813,79.9304,-5.98957,1.15413,
14.1671,15.7014,12.7721,-2.50856,98.1404,-7.20745,86.9134,83.9733,4.00436,34.1332,82.439,-5.62802,13.2059,96.7454,7.17837,76.9813,79.9304,-5.98957,1.15413,
14.775,13.002,1.65901,-4.42044,98.3847,-7.81323,88.4817,83.6097,3.72459,32.3739,85.3827,-5.98244,12.3144,85.2687,13.036,76.3392,80.9623,-5.53618,1.06276,
14.775,13.002,1.65901,-4.42044,98.3847,-7.81323,88.4817,83.6097,3.72459,32.3739,85.3827,-5.98244,12.3144,85.2687,13.036,76.3392,80.9623,-5.53618,1.06276,
15.2195,13.4465,-4.14487,-4.42044,98.8292,-7.93007,88.7046,83.6097,3.72459,32.3739,85.3827,-5.98244,12.3144,79.4648,15.8549,74.5966,80.9623,-5.53618,1.06276,
15.2195,13.4465,-4.14487,-4.42044,98.8292,-7.93007,88.7046,83.6097,3.72459,32.3739,85.3827,-5.98244,12.3144,79.4648,15.8549,74.5966,80.9623,-5.53618,1.06276,
15.7397,10.0173,-15.5195,-5.21254,98.9658,-7.57768,87.9214,83.2261,3.26618,30.4501,88.9485,-6.25096,10.6206,67.7066,19.2813,67.6686,83.736,-4.2725,1.37992,
15.7397,10.0173,-15.5195,-5.21254,98.9658,-7.57768,87.9214,83.2261,3.26618,30.4501,88.9485,-6.25096,10.6206,67.7066,19.2813,67.6686,83.736,-4.2725,1.37992,
15.5969,7.96913,-19.9743,-4.81891,98.2109,-7.01782,87.813,82.6141,2.91685,28.8114,90.2418,-6.37892,9.7557,62.6397,20.3128,65.034,85.4229,-3.4598,1.00434,
15.5969,7.96913,-19.9743,-4.81891,98.2109,-7.01782,87.813,82.6141,2.91685,28.8114,90.2418,-6.37892,9.7557,62.6397,20.3128,65.034,85.4229,-3.4598,1.00434,
22.0992,2.98997,-19.7605,-9.36567,98.7534,-7.12708,88.605,76.6542,2.72415,24.9865,95.7635,-6.90454,6.53969,56.8938,21.8924,62.0711,86.3978,-3.15424,0.615384,
22.0992,2.98997,-19.7605,-9.36567,98.7534,-7.12708,88.605,76.6542,2.72415,24.9865,95.7635,-6.90454,6.53969,56.8938,21.8924,62.0711,86.3978,-3.15424,0.615384,
26.9861,0.99955,-8.742,-12.1625,99.5599,-7.04603,88.916,72.5738,0.784064,20.4989,98.5603,-6.68356,4.80104,63.8318,22.1448,66.3772,86.3978,-3.15424,0.615384,
26.9861,0.99955,-8.742,-12.1625,99.5599,-7.04603,88.916,72.5738,0.784064,20.4989,98.5603,-6.68356,4.80104,63.8318,22.1448,66.3772,86.3978,-3.15424,0.615384,
27.3582,-0.00907086,-6.89061,-8.27225,98.5512,-6.48838,88.5885,71.193,-0.72218,20.3387,98.5603,-6.68356,4.80104,64.3024,22.1127,66.162,90.2881,-1.43525,-0.801167,
27.3582,-0.00907086,-6.89061,-8.27225,98.5512,-6.48838,88.5885,71.193,-0.72218,20.3387,98.5603,-6.68356,4.80104,64.3024,22.1127,66.162,90.2881,-1.43525,-0.801167,
24.5971,-2.80328,-9.0067,-8.96933,97.9063,-6.4662,88.6447,73.3091,-0.811834,20.2381,100.71,-6.32237,1.63184,64.3024,22.1127,66.162,91.7402,-0.729572,-1.52121,
24.5971,-2.80328,-9.0067,-8.96933,97.9063,-6.4662,88.6447,73.3091,-0.811834,20.2381,100.71,-6.32237,1.63184,64.3024,22.1127,66.162,91.7402,-0.729572,-1.52121,
20.9586,-3.72029,-4.04042,-5.15694,96.9892,-6.60429,88.8638,76.0307,-1.57338,17.2584,100.71,-6.32237,1.63184,71.9903,18.1155,67.5357,95.5526,1.41253,-3.67957,
20.9586,-3.72029,-4.04042,-5.15694,96.9892,-6.60429,88.8638,76.0307,-1.57338,17.2584,100.71,-6.32237,1.63184,71.9903,18.1155,67.5357,95.5526,1.41253,-3.67957,
18.8389,-3.88814,-3.3485,-1.61591,96.8214,-6.82308,88.8395,77.9825,-2.60429,13.4788,100.71,-6.32237,1.63184,74.634,18.4386,68.8963,99.0936,4.31628,-7.33842,
18.8389,-3.88814,-3.3485,-1.61591,96.8214,-6.82308,88.8395,77.9825,-2.60429,13.4788,100.71,-6.32237,1.63184,74.634,18.4386,68.8963,99.0936,4.31628,-7.33842,
18.8389,-4.25899,-0.968351,1.24123,96.8214,-6.82308,88.8395,77.9825,-2.60429,13.4788,101.08,-6.05431,-0.508984,77.0141,18.4875,69.5317,102.322,7.75695,-11.8586,
18.8389,-4.25899,-0.968351,1.24123,96.8214,-6.82308,88.8395,77.9825,-2.60429,13.4788,101.08,-6.05431,-0.508984,77.0141,18.4875,69.5317,102.322,7.75695,-11.8586,
16.4578,-3.39078,-3.44989,5.46784,96.9218,-6.93761,88.7573,80.464,-0.365735,16.6475,100.313,-5.66939,-0.469664,77.0141,18.4875,69.5317,105.78,11.0817,-15.6672,
16.4578,-3.39078,-3.44989,5.46784,96.9218,-6.93761,88.7573,80.464,-0.365735,16.6475,100.313,-5.66939,-0.469664,77.0141,18.4875,69.5317,105.78,11.0817,-15.6672,
13.6649,-2.50369,-1.24747,6.69601,96.5807,-7.24474,88.8583,82.9158,0.392607,16.0723,99.0844,-5.06284,-0.474833,81.6683,15.7296,68.1863,105.78,11.0817,-15.6672,
13.6649,-2.50369,-1.24747,6.69601,96.5807,-7.24474,88.8583,82.9158,0.392607,16.0723,99.0844,-5.06284,-0.474833,81.6683,15.7296,68.1863,105.78,11.0817,-15.6672,
11.5174,-2.50369,-3.39492,6.69601,96.5807,-7.24474,88.8583,85.0633,0.801266,17.4494,99.0844,-5.06284,-0.474833,81.6683,15.7296,68.1863,105.78,11.0817,-15.6672,
11.5174,-2.50369,-3.39492,6.69601,96.5807,-7.24474,88.8583,85.0633,0.801266,17.4494,99.0844,-5.06284,-0.474833,81.6683,15.7296,68.1863,105.78,11.0817,-15.6672,
11.2214,-2.7997,-2.15924,6.69601,96.2847,-7.33822,89.0077,85.0633,0.801266,17.4494,99.0844,-5.06284,-0.474833,82.904,15.4434,68.1901,105.78,11.0817,-15.6672,
11.2214,-2.7997,-2.15924,6.69601,96.2847,-7.33822,89.0077,85.0633,0.801266,17.4494,99.0844,-5.06284,-0.474833,82.904,15.4434,68.1901,105.78,11.0817,-15.6672,
10.0339,-0.00591677,-2.34924,8.81585,96.2847,-7.33822,89.0077,86.2508,1.22182,18.4811,96.2906,-3.63403,-2.79002,83.9016,15.1027,67.7792,105.106,12.0538,-20.32,
10.0339,-0.00591677,-2.34924,8.81585,96.2847,-7.33822,89.0077,86.2508,1.22182,18.4811,96.2906,-3.63403,-2.79002,83.9016,15.1027,67.7792,105.106,12.0538,-20.32,
8.38699,-0.380238,-2.88912,3.53026,95.9103,-7.45395,89.1391,87.5234,1.46833,19.141,96.2906,-3.63403,-2.79002,84.6342,14.7356,66.9372,99.8208,9.93804,-22.0224,
8.38699,-0.380238,-2.88912,3.53026,95.9103,-7.45395,89.1391,87.5234,1.46833,19.141,96.2906,-3.63403,-2.79002,84.6342,14.7356,66.9372,99.8208,9.93804,-22.0224,
4.72366,-1.89701,-5.03568,3.53026,94.3936,-8.56999,88.9619,89.6699,1.54638,19.9862,96.2906,-3.63403,-2.79002,84.6342,14.7356,66.9372,99.8208,9.93804,-22.0224,
4.72366,-1.89701,-5.03568,3.53026,94.3936,-8.56999,88.9619,89.6699,1.54638,19.9862,96.2906,-3.63403,-2.79002,84.6342,14.7356,66.9372,99.8208,9.93804,-22.0224,
3.01454,-1.78991,-6.85189,-14.3228,94.5007,-8.85534,88.4975,91.4861,1.54337,19.3144,96.2906,-3.63403,-2.79002,84.6342,14.7356,66.9372,81.9678,-1.24894,-16.4204,
3.01454,-1.78991,-6.85189,-14.3228,94.5007,-8.85534,88.4975,91.4861,1.54337,19.3144,96.2906,-3.63403,-2.79002,84.6342,14.7356,66.9372,81.9678,-1.24894,-16.4204,
2.55709,2.81235,-6.23309,-13.8676,94.5007,-8.85534,88.4975,91.9436,1.6112,19.0758,91.6883,-1.95538,-7.03064,85.7105,14.0407,65.9205,77.8207,-3.54874,-15.3644,
2.55709,2.81235,-6.23309,-13.8676,94.5007,-8.85534,88.4975,91.9436,1.6112,19.0758,91.6883,-1.95538,-7.03064,85.7105,14.0407,65.9205,77.8207,-3.54874,-15.3644,
2.55709,2.81235,-5.94515,-13.8676,94.5007,-8.85534,88.4975,91.9436,1.6112,19.0758,91.6883,-1.95538,-7.03064,85.9984,13.7603,65.2973,77.8207,-3.54874,-15.3644,
2.55709,2.81235,-5.94515,-13.8676,94.5007,-8.85534,88.4975,91.9436,1.6112,19.0758,91.6883,-1.95538,-7.03064,85.9984,13.7603,65.2973,77.8207,-3.54874,-15.3644,
1.97041,3.23139,-6.11179,-23.0986,94.5693,-9.02991,87.8808,92.5989,1.5047,18.5855,91.3379,-2.03105,-11.4614,86.4871,13.538,64.3503,68.2393,-7.83295,-9.4793,
1.97041,3.23139,-6.11179,-23.0986,94.5693,-9.02991,87.8808,92.5989,1.5047,18.5855,91.3379,-2.03105,-11.4614,86.4871,13.538,64.3503,68.2393,-7.83295,-9.4793,
0.848134,3.45085,-7.31981,-23.0623,94.7887,-9.13721,86.9283,93.9406,1.23988,18.0574,91.3379,-2.03105,-11.4614,86.6208,13.3116,64.3906,68.2756,-7.16922,-6.81393,
0.848134,3.45085,-7.31981,-23.0623,94.7887,-9.13721,86.9283,93.9406,1.23988,18.0574,91.3379,-2.03105,-11.4614,86.6208,13.3116,64.3906,68.2756,-7.16922,-6.81393,
