5.80522,4.08039,-0.56458,-5.73861,94.6907,3.70028,-83.7213,88.8855,3.52116,-158.37,90.6104,-5.82561,-167.678,88.3209,13.8126,-110.92,84.8717,1.64142,177.426,
5.80522,4.08039,-0.56458,-5.73861,94.6907,3.70028,-83.7213,88.8855,3.52116,-158.37,90.6104,-5.82561,-167.678,88.3209,13.8126,-110.92,84.8717,1.64142,177.426,
5.78392,3.24564,-0.67625,-7.97777,95.0436,3.57198,-83.2712,89.2597,3.74136,-157.902,91.798,-4.39065,-169.178,88.5835,13.7665,-111.118,83.8202,1.65076,-179.876,
5.78392,3.24564,-0.67625,-7.97777,95.0436,3.57198,-83.2712,89.2597,3.74136,-157.902,91.798,-4.39065,-169.178,88.5835,13.7665,-111.118,83.8202,1.65076,-179.876,
5.36217,2.1538,-0.760885,-9.49171,95.0484,3.37291,-82.8643,89.6863,3.90869,-157.559,92.8947,-4.51089,-171.024,88.9254,13.5998,-111.559,83.4029,1.40248,179.746,
5.36217,2.1538,-0.760885,-9.49171,95.0484,3.37291,-82.8643,89.6863,3.90869,-157.559,92.8947,-4.51089,-171.024,88.9254,13.5998,-111.559,83.4029,1.40248,179.746,
4.07868,1.7732,-2.10217,-10.8832,95.0484,3.37291,-82.8643,90.9698,3.88828,-158.284,93.2752,-4.7979,-171.966,88.8676,13.519,-111.747,82.3921,0.763302,178.408,
4.07868,1.7732,-2.10217,-10.8832,95.0484,3.37291,-82.8643,90.9698,3.88828,-158.284,93.2752,-4.7979,-171.966,88.8676,13.519,-111.747,82.3921,0.763302,178.408,
4.07868,1.7732,-2.10217,-10.8832,95.0484,3.37291,-82.8643,90.9698,3.88828,-158.284,93.2752,-4.7979,-171.966,88.8676,13.519,-111.747,82.3921,0.763302,178.408,
4.07868,1.7732,-2.10217,-10.8832,95.0484,3.37291,-82.8643,90.9698,3.88828,-158.284,93.2752,-4.7979,-171.966,88.8676,13.519,-111.747,82.3921,0.763302,178.408,
3.82809,0.611295,-2.65766,-12.923,95.0484,3.37291,-82.8643,91.2204,3.79183,-158.492,94.4372,-4.93077,-173.55,88.5627,13.3402,-111.354,81.5142,0.325951,179.014,
3.82809,0.611295,-2.65766,-12.923,95.0484,3.37291,-82.8643,91.2204,3.79183,-158.492,94.4372,-4.93077,-173.55,88.5627,13.3402,-111.354,81.5142,0.325951,179.014,
3.98071,0.655999,-2.87316,-13.1762,95.3464,3.42544,-82.1771,91.3657,3.63841,-158.592,94.6904,-4.9538,-173.108,88.4925,13.2431,-111.195,81.5142,0.325951,179.014,
3.98071,0.655999,-2.87316,-13.1762,95.3464,3.42544,-82.1771,91.3657,3.63841,-158.592,94.6904,-4.9538,-173.108,88.4925,13.2431,-111.195,81.5142,0.325951,179.014,
3.86564,1.02033,-3.16506,-13.9749,95.7107,3.64342,-82.7804,91.8451,3.78319,-157.899,94.6904,-4.9538,-173.108,88.68,13.2897,-110.549,80.7155,0.165957,179.921,
3.86564,1.02033,-3.16506,-13.9749,95.7107,3.64342,-82.7804,91.8451,3.78319,-157.899,94.6904,-4.9538,-173.108,88.68,13.2897,-110.549,80.7155,0.165957,179.921,
3.5964,-0.109076,-3.39463,-15.1198,95.7262,3.61271,-82.6692,92.1299,3.87713,-157.6,95.8353,-4.59092,-171.649,88.7352,13.3749,-109.367,80.7155,0.165957,179.921,
3.5964,-0.109076,-3.39463,-15.1198,95.7262,3.61271,-82.6692,92.1299,3.87713,-157.6,95.8353,-4.59092,-171.649,88.7352,13.3749,-109.367,80.7155,0.165957,179.921,
3.82299,-0.0148229,-3.62229,-15.8792,96.1413,3.28699,-81.6216,92.3183,3.81033,-157.917,96.1561,-4.51606,-171.739,88.696,13.3019,-108.607,80.277,-0.124863,-179.895,
3.82299,-0.0148229,-3.62229,-15.8792,96.1413,3.28699,-81.6216,92.3183,3.81033,-157.917,96.1561,-4.51606,-171.739,88.696,13.3019,-108.607,80.277,-0.124863,-179.895,
4.0079,-0.0558932,-3.62518,-16.1669,96.388,3.23272,-81.0586,92.3801,3.72039,-158.219,96.4439,-4.45758,-171.839,88.7549,13.2989,-108.62,80.277,-0.124863,-179.895,
4.0079,-0.0558932,-3.62518,-16.1669,96.388,3.23272,-81.0586,92.3801,3.72039,-158.219,96.4439,-4.45758,-171.839,88.7549,13.2989,-108.62,80.277,-0.124863,-179.895,
3.95305,-0.40799,-3.93023,-17.3927,96.6382,3.19765,-80.7585,92.6852,3.68183,-158.093,97.0462,-4.22724,-172.561,88.7549,13.2989,-108.62,79.6535,-0.245189,-179.885,
3.95305,-0.40799,-3.93023,-17.3927,96.6382,3.19765,-80.7585,92.6852,3.68183,-158.093,97.0462,-4.22724,-172.561,88.7549,13.2989,-108.62,79.6535,-0.245189,-179.885,
4.18343,-0.838247,-3.60217,-18.5739,96.9653,2.93728,-80.6803,92.7819,3.6807,-158.144,97.8036,-4.16046,-173.977,89.1797,13.2212,-107.442,79.2296,-0.544018,179.854,
4.18343,-0.838247,-3.60217,-18.5739,96.9653,2.93728,-80.6803,92.7819,3.6807,-158.144,97.8036,-4.16046,-173.977,89.1797,13.2212,-107.442,79.2296,-0.544018,179.854,
4.28504,-0.83391,-3.71605,-19.2497,97.4171,2.83518,-80.6665,93.1321,3.59922,-158.489,98.251,-4.23903,-174.316,89.416,13.1734,-107.394,79.0013,-0.696916,179.872,
4.28504,-0.83391,-3.71605,-19.2497,97.4171,2.83518,-80.6665,93.1321,3.59922,-158.489,98.251,-4.23903,-174.316,89.416,13.1734,-107.394,79.0013,-0.696916,179.872,
4.39826,-0.77143,-3.84086,-19.5702,97.8,2.83978,-80.794,93.4018,3.58155,-158.47,98.5715,-4.29584,-174.287,89.5609,13.1298,-107.536,79.0013,-0.696916,179.872,
4.39826,-0.77143,-3.84086,-19.5702,97.8,2.83978,-80.794,93.4018,3.58155,-158.47,98.5715,-4.29584,-174.287,89.5609,13.1298,-107.536,79.0013,-0.696916,179.872,
3.88931,-0.49356,-4.54364,-20.016,98.0779,2.67577,-80.9659,94.1886,3.41089,-158.337,98.5715,-4.29584,-174.287,89.645,13.0596,-107.924,78.5555,-0.8079,179.956,
3.88931,-0.49356,-4.54364,-20.016,98.0779,2.67577,-80.9659,94.1886,3.41089,-158.337,98.5715,-4.29584,-174.287,89.645,13.0596,-107.924,78.5555,-0.8079,179.956,
3.80101,-0.439108,-5.11524,-20.9751,98.6562,2.48566,-81.2195,94.8551,3.37861,-158.032,99.0953,-3.9658,-174.693,89.7399,12.9665,-109.376,78.1201,-0.998636,179.774,
3.80101,-0.439108,-5.11524,-20.9751,98.6562,2.48566,-81.2195,94.8551,3.37861,-158.032,99.0953,-3.9658,-174.693,89.7399,12.9665,-109.376,78.1201,-0.998636,179.774,
3.59762,-0.294486,-5.37117,-20.9751,98.8008,2.49704,-81.3263,95.2032,3.38754,-158.092,99.0953,-3.9658,-174.693,89.832,12.8269,-110.219,78.1201,-0.998636,179.774,
3.59762,-0.294486,-5.37117,-20.9751,98.8008,2.49704,-81.3263,95.2032,3.38754,-158.092,99.0953,-3.9658,-174.693,89.832,12.8269,-110.219,78.1201,-0.998636,179.774,
3.72152,-0.558702,-5.52855,-22.0576,99.24,2.47666,-81.9524,95.5185,3.41444,-158.257,99.7987,-3.92332,-175.827,89.9899,12.6619,-111.493,77.7411,-1.09168,179.133,
3.72152,-0.558702,-5.52855,-22.0576,99.24,2.47666,-81.9524,95.5185,3.41444,-158.257,99.7987,-3.92332,-175.827,89.9899,12.6619,-111.493,77.7411,-1.09168,179.133,
3.66978,-0.368814,-5.73286,-22.3365,99.4299,2.42227,-82.3084,95.7601,3.50138,-158.69,99.7987,-3.92332,-175.827,90.0273,12.6518,-111.865,77.4622,-1.29813,178.792,
3.66978,-0.368814,-5.73286,-22.3365,99.4299,2.42227,-82.3084,95.7601,3.50138,-158.69,99.7987,-3.92332,-175.827,90.0273,12.6518,-111.865,77.4622,-1.29813,178.792,
3.9608,-1.20517,-5.62659,-23.618,99.7747,2.40094,-82.7759,95.8139,3.44717,-159.146,100.98,-4.23594,-177.511,90.1873,12.5111,-112.25,77.3619,-1.34167,178.778,
3.9608,-1.20517,-5.62659,-23.618,99.7747,2.40094,-82.7759,95.8139,3.44717,-159.146,100.98,-4.23594,-177.511,90.1873,12.5111,-112.25,77.3619,-1.34167,178.778,
4.22676,-1.11908,-5.55579,-23.8785,100.048,2.41877,-83.0635,95.8212,3.3752,-159.209,101.167,-4.37422,-177.437,90.2654,12.4384,-112.273,77.2885,-1.32764,178.787,
4.22676,-1.11908,-5.55579,-23.8785,100.048,2.41877,-83.0635,95.8212,3.3752,-159.209,101.167,-4.37422,-177.437,90.2654,12.4384,-112.273,77.2885,-1.32764,178.787,
4.39419,-0.931024,-5.47869,-23.9785,100.236,2.39856,-83.3435,95.8418,3.28709,-159.247,101.167,-4.37422,-177.437,90.3631,12.3912,-112.227,77.1886,-1.26936,178.94,
4.39419,-0.931024,-5.47869,-23.9785,100.236,2.39856,-83.3435,95.8418,3.28709,-159.247,101.167,-4.37422,-177.437,90.3631,12.3912,-112.227,77.1886,-1.26936,178.94,
4.47139,-0.836382,-5.49614,-23.9785,100.331,2.3508,-83.6087,95.8593,3.26139,-159.217,101.167,-4.37422,-177.437,90.3631,12.3912,-112.227,77.1886,-1.26936,178.94,
4.47139,-0.836382,-5.49614,-23.9785,100.331,2.3508,-83.6087,95.8593,3.26139,-159.217,101.167,-4.37422,-177.437,90.3631,12.3912,-112.227,77.1886,-1.26936,178.94,
4.57815,-1.37988,-5.20573,-24.673,100.415,2.31391,-83.8013,95.8367,3.28375,-159.206,101.795,-4.24269,-177.052,90.631,12.2423,-111.771,77.1217,-1.25585,179.297,
4.57815,-1.37988,-5.20573,-24.673,100.415,2.31391,-83.8013,95.8367,3.28375,-159.206,101.795,-4.24269,-177.052,90.631,12.2423,-111.771,77.1217,-1.25585,179.297,
4.90792,-1.60863,-5.03989,-25.0075,100.415,2.31391,-83.8013,95.5069,3.26804,-159.339,102.023,-4.39916,-176.163,90.467,12.3436,-111.141,77.0159,-1.38761,179.848,
4.90792,-1.60863,-5.03989,-25.0075,100.415,2.31391,-83.8013,95.5069,3.26804,-159.339,102.023,-4.39916,-176.163,90.467,12.3436,-111.141,77.0159,-1.38761,179.848,
5.17657,-1.40685,-5.03282,-25.0075,100.617,2.2299,-84.1463,95.4401,3.22639,-159.31,102.023,-4.39916,-176.163,90.4072,12.3137,-111.038,77.0159,-1.38761,179.848,
5.17657,-1.40685,-5.03282,-25.0075,100.617,2.2299,-84.1463,95.4401,3.22639,-159.31,102.023,-4.39916,-176.163,90.4072,12.3137,-111.038,77.0159,-1.38761,179.848,
5.47851,-0.55994,-4.86136,-24.5553,100.961,2.0096,-84.1263,95.482,3.20755,-159.113,101.52,-4.68221,-173.211,90.6206,12.3445,-109.56,76.9651,-1.27852,-179.095,
5.47851,-0.55994,-4.86136,-24.5553,100.961,2.0096,-84.1263,95.482,3.20755,-159.113,101.52,-4.68221,-173.211,90.6206,12.3445,-109.56,76.9651,-1.27852,-179.095,
4.84871,1.72455,-5.1201,-22.1878,101.031,1.81909,-83.8268,96.1822,3.47052,-158.143,99.3063,-5.41606,-170.618,91.0621,12.4803,-108.137,77.1186,-1.12797,-179.302,
4.84871,1.72455,-5.1201,-22.1878,101.031,1.81909,-83.8268,96.1822,3.47052,-158.143,99.3063,-5.41606,-170.618,91.0621,12.4803,-108.137,77.1186,-1.12797,-179.302,
4.58486,3.92688,-4.91521,-19.6333,101.031,1.81909,-83.8268,96.446,3.61141,-157.92,97.104,-5.99523,-168.646,91.5308,12.8152,-107.128,77.4706,-0.877909,-179.537,
4.58486,3.92688,-4.91521,-19.6333,101.031,1.81909,-83.8268,96.446,3.61141,-157.92,97.104,-5.99523,-168.646,91.5308,12.8152,-107.128,77.4706,-0.877909,-179.537,
4.46395,4.06684,-5.17608,-19.6333,101.171,1.46743,-82.7604,96.7069,3.76522,-158.043,97.104,-5.99523,-168.646,91.5308,12.8152,-107.128,77.4706,-0.877909,-179.537,
4.46395,4.06684,-5.17608,-19.6333,101.171,1.46743,-82.7604,96.7069,3.76522,-158.043,97.104,-5.99523,-168.646,91.5308,12.8152,-107.128,77.4706,-0.877909,-179.537,
2.85849,26.4756,-5.56156,-0.382925,102.21,0.085946,-78.8129,99.3513,4.90393,-158.882,75.7342,-6.1985,-161.071,93.7897,12.9479,-105.81,75.3513,-1.63491,176.469,
2.85849,26.4756,-5.56156,-0.382925,102.21,0.085946,-78.8129,99.3513,4.90393,-158.882,75.7342,-6.1985,-161.071,93.7897,12.9479,-105.81,75.3513,-1.63491,176.469,
1.64497,26.5434,-6.8429,-0.382925,102.278,0.0419271,-79.0493,100.633,4.70156,-157.839,75.7342,-6.1985,-161.071,93.7897,12.9479,-105.81,75.3513,-1.63491,176.469,
1.64497,26.5434,-6.8429,-0.382925,102.278,0.0419271,-79.0493,100.633,4.70156,-157.839,75.7342,-6.1985,-161.071,93.7897,12.9479,-105.81,75.3513,-1.63491,176.469,
1.0046,26.3029,-6.83042,-5.85909,102.037,-0.066912,-80.6033,101.033,4.68139,-157.621,75.7342,-6.1985,-161.071,94.2021,12.6263,-105.708,69.8751,-3.8282,178.753,
1.0046,26.3029,-6.83042,-5.85909,102.037,-0.066912,-80.6033,101.033,4.68139,-157.621,75.7342,-6.1985,-161.071,94.2021,12.6263,-105.708,69.8751,-3.8282,178.753,
0.858095,29.17,-5.12566,-6.04197,101.891,0.029001,-80.7643,101.033,4.68139,-157.621,72.7207,-4.5493,-158.146,95.9069,11.4228,-105.184,66.6787,-4.79597,-179.771,
0.858095,29.17,-5.12566,-6.04197,101.891,0.029001,-80.7643,101.033,4.68139,-157.621,72.7207,-4.5493,-158.146,95.9069,11.4228,-105.184,66.6787,-4.79597,-179.771,
0.138795,30.186,-5.94607,-12.5141,102.612,0.860945,-80.9147,102.473,4.58079,-156.572,72.4261,-3.93172,-157.888,96.5272,10.9295,-105.058,59.912,-6.72714,-176.915,
0.138795,30.186,-5.94607,-12.5141,102.612,0.860945,-80.9147,102.473,4.58079,-156.572,72.4261,-3.93172,-157.888,96.5272,10.9295,-105.058,59.912,-6.72714,-176.915,
-3.37419,30.5649,-9.32208,-16.0693,103.13,1.41064,-81.3712,106.504,3.90014,-152.97,72.5654,-3.29965,-157.746,97.1823,10.4161,-104.934,56.4961,-7.65378,-175.558,
-3.37419,30.5649,-9.32208,-16.0693,103.13,1.41064,-81.3712,106.504,3.90014,-152.97,72.5654,-3.29965,-157.746,97.1823,10.4161,-104.934,56.4961,-7.65378,-175.558,
-4.89927,30.7377,-11.02,-16.0693,103.303,1.52451,-81.4974,108.202,3.66731,-151.967,72.5654,-3.29965,-157.746,97.1823,10.4161,-104.934,56.4961,-7.65378,-175.558,
-4.89927,30.7377,-11.02,-16.0693,103.303,1.52451,-81.4974,108.202,3.66731,-151.967,72.5654,-3.29965,-157.746,97.1823,10.4161,-104.934,56.4961,-7.65378,-175.558,
-4.89927,29.1175,-9.52506,-27.2138,103.303,1.52451,-81.4974,108.202,3.66731,-151.967,74.1855,-3.72848,-158.763,98.6773,9.24048,-105.172,46.9717,-9.74965,-171.67,
-4.89927,29.1175,-9.52506,-27.2138,103.303,1.52451,-81.4974,108.202,3.66731,-151.967,74.1855,-3.72848,-158.763,98.6773,9.24048,-105.172,46.9717,-9.74965,-171.67,
-7.34101,29.7301,-9.32291,-32.999,103.594,1.59423,-81.184,110.935,3.63798,-151.258,73.8643,-3.83821,-158.924,101.613,7.00499,-107.48,40.8653,-10.727,-169.084,
-7.34101,29.7301,-9.32291,-32.999,103.594,1.59423,-81.184,110.935,3.63798,-151.258,73.8643,-3.83821,-158.924,101.613,7.00499,-107.48,40.8653,-10.727,-169.084,
-6.26974,30.8856,-7.09715,-31.9786,103.73,1.4483,-81.2563,109.999,3.42528,-151.967,72.8439,-3.84402,-158.629,102.902,6.14883,-108.615,40.8653,-10.727,-169.084,
-6.26974,30.8856,-7.09715,-31.9786,103.73,1.4483,-81.2563,109.999,3.42528,-151.967,72.8439,-3.84402,-158.629,102.902,6.14883,-108.615,40.8653,-10.727,-169.084,
-5.08499,32.3669,-0.994887,-24.1581,103.976,1.27259,-81.5049,109.061,3.25708,-152.1,71.6091,-4.28608,-158.096,108.066,3.45994,-111.116,47.451,-12.4295,-171.504,
-5.08499,32.3669,-0.994887,-24.1581,103.976,1.27259,-81.5049,109.061,3.25708,-152.1,71.6091,-4.28608,-158.096,108.066,3.45994,-111.116,47.451,-12.4295,-171.504,
-4.81446,30.4899,0.365337,-24.9566,104.247,1.03646,-81.5651,109.061,3.25708,-152.1,73.7566,-6.06456,-160.531,109.426,2.61098,-111.508,48.8001,-12.8742,-172.212,
-4.81446,30.4899,0.365337,-24.9566,104.247,1.03646,-81.5651,109.061,3.25708,-152.1,73.7566,-6.06456,-160.531,109.426,2.61098,-111.508,48.8001,-12.8742,-172.212,
2.04435,25.6005,8.08594,-27.8893,104.356,0.593291,-81.196,102.311,2.20302,-152.173,78.7551,-7.3163,-163.86,110.397,1.79004,-111.648,50.8658,-12.7852,-172.948,
2.04435,25.6005,8.08594,-27.8893,104.356,0.593291,-81.196,102.311,2.20302,-152.173,78.7551,-7.3163,-163.86,110.397,1.79004,-111.648,50.8658,-12.7852,-172.948,
2.00413,25.5603,8.7347,-27.8893,104.315,0.516825,-81.0846,102.311,2.20302,-152.173,78.7551,-7.3163,-163.86,111.046,0.903265,-111.214,50.8658,-12.7852,-172.948,
2.00413,25.5603,8.7347,-27.8893,104.315,0.516825,-81.0846,102.311,2.20302,-152.173,78.7551,-7.3163,-163.86,111.046,0.903265,-111.214,50.8658,-12.7852,-172.948,
6.75469,25.4935,16.4796,-18.5218,104.041,0.459936,-80.7777,97.2862,1.03165,-154.18,78.5473,-6.81599,-159.361,113.766,-3.38328,-107.826,60.0255,-12.9307,-176.158,
6.75469,25.4935,16.4796,-18.5218,104.041,0.459936,-80.7777,97.2862,1.03165,-154.18,78.5473,-6.81599,-159.361,113.766,-3.38328,-107.826,60.0255,-12.9307,-176.158,
6.31406,21.2551,21.918,-20.5834,103.6,0.388402,-80.4738,97.2862,1.03165,-154.18,82.3451,-8.27208,-164.244,119.204,-8.4163,-105.596,61.7617,-12.6481,-176.468,
6.31406,21.2551,21.918,-20.5834,103.6,0.388402,-80.4738,97.2862,1.03165,-154.18,82.3451,-8.27208,-164.244,119.204,-8.4163,-105.596,61.7617,-12.6481,-176.468,
10.4562,15.8464,29.0386,-23.6963,102.829,0.28107,-80.4737,92.3732,2.0626,-150.508,86.983,-10.0602,-168.209,121.412,-10.0078,-105.97,63.2867,-12.4275,-177.159,
10.4562,15.8464,29.0386,-23.6963,102.829,0.28107,-80.4737,92.3732,2.0626,-150.508,86.983,-10.0602,-168.209,121.412,-10.0078,-105.97,63.2867,-12.4275,-177.159,
12.1902,16.4173,31.2193,-23.6963,103.4,0.558,-82.3876,91.2101,2.92162,-151.042,86.983,-10.0602,-168.209,122.429,-10.2192,-107.145,63.2867,-12.4275,-177.159,
12.1902,16.4173,31.2193,-23.6963,103.4,0.558,-82.3876,91.2101,2.92162,-151.042,86.983,-10.0602,-168.209,122.429,-10.2192,-107.145,63.2867,-12.4275,-177.159,
13.8767,11.2966,31.8019,-23.8116,102.975,0.0602491,-84.0658,89.0986,3.63147,-152.653,91.6787,-10.3202,-169.492,120.901,-8.34343,-108.591,67.8672,-13.0579,178.869,
13.8767,11.2966,31.8019,-23.8116,102.975,0.0602491,-84.0658,89.0986,3.63147,-152.653,91.6787,-10.3202,-169.492,120.901,-8.34343,-108.591,67.8672,-13.0579,178.869,
13.4013,8.96626,29.5635,-25.0384,102.5,-0.53544,-83.4307,89.0986,3.63147,-152.653,93.5337,-10.2673,-170.42,118.662,-6.83989,-108.736,68.4953,-13.1036,178.395,
13.4013,8.96626,29.5635,-25.0384,102.5,-0.53544,-83.4307,89.0986,3.63147,-152.653,93.5337,-10.2673,-170.42,118.662,-6.83989,-108.736,68.4953,-13.1036,178.395,
16.9442,4.64227,31.5281,-27.8788,101.765,-0.808769,-82.7556,84.8209,4.96571,-155.675,97.1229,-10.556,-173.433,116.349,-5.07894,-109.32,69.244,-13.3412,177.408,
16.9442,4.64227,31.5281,-27.8788,101.765,-0.808769,-82.7556,84.8209,4.96571,-155.675,97.1229,-10.556,-173.433,116.349,-5.07894,-109.32,69.244,-13.3412,177.408,
21.5567,3.78347,33.8567,-26.3886,100.906,-0.940676,-83.0354,79.3497,7.00056,-157.709,97.1229,-10.556,-173.433,113.206,-2.85582,-110.223,70.7343,-13.6691,175.302,
21.5567,3.78347,33.8567,-26.3886,100.906,-0.940676,-83.0354,79.3497,7.00056,-157.709,97.1229,-10.556,-173.433,113.206,-2.85582,-110.223,70.7343,-13.6691,175.302,
22.1683,-0.646849,21.8669,-28.232,100.422,-1.74107,-83.9844,78.2536,7.26902,-159.049,101.069,-11.3847,-178.009,100.121,4.16605,-112.551,72.8368,-13.3578,173.947,
22.1683,-0.646849,21.8669,-28.232,100.422,-1.74107,-83.9844,78.2536,7.26902,-159.049,101.069,-11.3847,-178.009,100.121,4.16605,-112.551,72.8368,-13.3578,173.947,
24.3448,-4.31074,14.0121,-28.9477,99.991,-2.62398,-84.6497,75.6462,7.04366,-163.025,104.302,-11.7845,178.701,89.6583,8.92867,-111.485,75.354,-12.4776,172.923,
24.3448,-4.31074,14.0121,-28.9477,99.991,-2.62398,-84.6497,75.6462,7.04366,-163.025,104.302,-11.7845,178.701,89.6583,8.92867,-111.485,75.354,-12.4776,172.923,
25.7633,-5.24992,10.1115,-29.9275,100.032,-2.99463,-84.8976,74.2683,5.54623,-166.1,105.282,-11.8816,178.043,84.3798,11.8126,-110.726,75.354,-12.4776,172.923,
25.7633,-5.24992,10.1115,-29.9275,100.032,-2.99463,-84.8976,74.2683,5.54623,-166.1,105.282,-11.8816,178.043,84.3798,11.8126,-110.726,75.354,-12.4776,172.923,
26.6428,-4.74749,10.4885,-27.1609,100.534,-3.6154,-86.242,73.8913,5.214,-166.139,105.282,-11.8816,178.043,84.3798,11.8126,-110.726,78.1207,-11.0137,172.698,
26.6428,-4.74749,10.4885,-27.1609,100.534,-3.6154,-86.242,73.8913,5.214,-166.139,105.282,-11.8816,178.043,84.3798,11.8126,-110.726,78.1207,-11.0137,172.698,
26.5642,-6.88627,-0.202562,-26.4764,100.456,-3.73015,-86.4402,73.8913,5.214,-166.139,107.342,-11.5486,176.608,73.6887,18.1702,-111.776,80.8653,-9.37564,173.293,
26.5642,-6.88627,-0.202562,-26.4764,100.456,-3.73015,-86.4402,73.8913,5.214,-166.139,107.342,-11.5486,176.608,73.6887,18.1702,-111.776,80.8653,-9.37564,173.293,
26.7168,-9.3619,-15.4161,-25.799,100.295,-4.06519,-86.9349,73.5784,6.16737,-165.126,109.657,-10.8812,175.772,58.1623,24.4036,-119.712,83.858,-7.94633,174.188,
26.7168,-9.3619,-15.4161,-25.799,100.295,-4.06519,-86.9349,73.5784,6.16737,-165.126,109.657,-10.8812,175.772,58.1623,24.4036,-119.712,83.858,-7.94633,174.188,
33.5342,-9.65251,-12.3148,-26.1558,100.361,-4.21517,-86.9892,66.8271,7.92659,-167.661,110.014,-11.0023,175.807,54.5123,24.9617,-122.25,83.858,-7.94633,174.188,
33.5342,-9.65251,-12.3148,-26.1558,100.361,-4.21517,-86.9892,66.8271,7.92659,-167.661,110.014,-11.0023,175.807,54.5123,24.9617,-122.25,83.858,-7.94633,174.188,
34.9726,-9.65691,-13.4192,-20.8104,100.357,-4.25148,-86.7927,65.3843,7.22009,-169.865,110.014,-11.0023,175.807,51.9651,24.7647,-124.561,89.2034,-5.15115,175.498,
34.9726,-9.65691,-13.4192,-20.8104,100.357,-4.25148,-86.7927,65.3843,7.22009,-169.865,110.014,-11.0023,175.807,51.9651,24.7647,-124.561,89.2034,-5.15115,175.498,
34.7474,-11.0783,-8.51761,-17.6904,100.132,-4.06172,-86.3126,65.3843,7.22009,-169.865,111.21,-10.7494,174.494,56.8667,23.4701,-124.024,93.5196,-3.12867,175.729,
34.7474,-11.0783,-8.51761,-17.6904,100.132,-4.06172,-86.3126,65.3843,7.22009,-169.865,111.21,-10.7494,174.494,56.8667,23.4701,-124.024,93.5196,-3.12867,175.729,
34.5286,-9.97303,-1.60404,-14.2982,100.12,-3.71011,-86.2026,65.5909,6.44939,-169.588,110.093,-10.6949,174.669,63.9869,22.985,-120.452,95.7944,-2.02768,175.343,
34.5286,-9.97303,-1.60404,-14.2982,100.12,-3.71011,-86.2026,65.5909,6.44939,-169.588,110.093,-10.6949,174.669,63.9869,22.985,-120.452,95.7944,-2.02768,175.343,
29.3521,-7.06476,-6.66171,-11.2711,100.001,-3.58887,-86.3463,70.6486,5.65775,-168.785,107.065,-10.6163,176.255,63.9869,22.985,-120.452,95.7944,-2.02768,175.343,
29.3521,-7.06476,-6.66171,-11.2711,100.001,-3.58887,-86.3463,70.6486,5.65775,-168.785,107.065,-10.6163,176.255,63.9869,22.985,-120.452,95.7944,-2.02768,175.343,
28.446,-1.17567,-1.63929,1.25485,99.8839,-3.49194,-86.5833,71.4379,5.14107,-168.955,101.06,-10.0495,179.546,69.7986,21.4676,-117.441,102.314,3.04316,170.019,
28.446,-1.17567,-1.63929,1.25485,99.8839,-3.49194,-86.5833,71.4379,5.14107,-168.955,101.06,-10.0495,179.546,69.7986,21.4676,-117.441,102.314,3.04316,170.019,
27.7532,1.89438,3.85053,11.3066,98.9303,-3.73345,-85.9497,71.177,4.2785,-171.399,97.0359,-8.94194,174.521,75.0276,20.4217,-115.817,108.343,7.75193,165.776,
27.7532,1.89438,3.85053,11.3066,98.9303,-3.73345,-85.9497,71.177,4.2785,-171.399,97.0359,-8.94194,174.521,75.0276,20.4217,-115.817,108.343,7.75193,165.776,
25.2744,5.30011,3.55194,17.8311,98.6843,-3.76797,-85.7735,73.4099,3.29833,-174.068,93.3842,-10.0862,167.057,76.9619,19.3468,-116.454,111.215,9.98444,163.89,
25.2744,5.30011,3.55194,17.8311,98.6843,-3.76797,-85.7735,73.4099,3.29833,-174.068,93.3842,-10.0862,167.057,76.9619,19.3468,-116.454,111.215,9.98444,163.89,
18.6911,4.96977,-0.506351,17.8311,98.354,-3.71545,-85.8935,79.6629,6.57613,-170.362,93.3842,-10.0862,167.057,79.1565,18.1014,-116.493,111.215,9.98444,163.89,
18.6911,4.96977,-0.506351,17.8311,98.354,-3.71545,-85.8935,79.6629,6.57613,-170.362,93.3842,-10.0862,167.057,79.1565,18.1014,-116.493,111.215,9.98444,163.89,
16.5888,11.2082,1.21658,27.5052,98.1209,-3.73545,-87.0386,81.5321,6.61126,-169.535,86.9127,-11.581,173.677,82.7487,16.8422,-115.55,114.418,11.2377,164.429,
16.5888,11.2082,1.21658,27.5052,98.1209,-3.73545,-87.0386,81.5321,6.61126,-169.535,86.9127,-11.581,173.677,82.7487,16.8422,-115.55,114.418,11.2377,164.429,
17.0348,18.7963,3.4705,30.0044,98.5669,-4.12707,-87.5178,81.5321,6.61126,-169.535,79.7707,-11.8642,-178.888,85.0026,15.9206,-115.136,109.775,9.07698,167.124,
17.0348,18.7963,3.4705,30.0044,98.5669,-4.12707,-87.5178,81.5321,6.61126,-169.535,79.7707,-11.8642,-178.888,85.0026,15.9206,-115.136,109.775,9.07698,167.124,
13.0978,21.6453,0.209242,29.8384,98.7775,-4.29793,-87.3362,85.6797,6.46542,-168.602,77.1323,-12.3003,-177.227,85.8889,15.6018,-114.855,106.971,7.96592,169.05,
13.0978,21.6453,0.209242,29.8384,98.7775,-4.29793,-87.3362,85.6797,6.46542,-168.602,77.1323,-12.3003,-177.227,85.8889,15.6018,-114.855,106.971,7.96592,169.05,
6.98346,23.9685,-5.17992,32.0679,98.8713,-4.27074,-87.0481,91.8878,5.97257,-166.64,74.9027,-13.0831,-176.098,86.7079,15.4336,-114.371,106.971,7.96592,169.05,
6.98346,23.9685,-5.17992,32.0679,98.8713,-4.27074,-87.0481,91.8878,5.97257,-166.64,74.9027,-13.0831,-176.098,86.7079,15.4336,-114.371,106.971,7.96592,169.05,
4.91858,26.9941,-5.21375,17.2208,98.839,-4.15785,-87.057,93.9204,6.1224,-164.965,71.8449,-14.4255,-170.913,88.7067,15.0012,-113.986,89.0657,2.09016,178.699,
4.91858,26.9941,-5.21375,17.2208,98.839,-4.15785,-87.057,93.9204,6.1224,-164.965,71.8449,-14.4255,-170.913,88.7067,15.0012,-113.986,89.0657,2.09016,178.699,
4.44307,28.3606,-4.51576,13.1462,98.3635,-3.81436,-86.8271,93.9204,6.1224,-164.965,70.0029,-12.7492,-165.94,89.4046,14.6713,-114.311,83.1492,0.696855,-178.694,
4.44307,28.3606,-4.51576,13.1462,98.3635,-3.81436,-86.8271,93.9204,6.1224,-164.965,70.0029,-12.7492,-165.94,89.4046,14.6713,-114.311,83.1492,0.696855,-178.694,
-7.17377,28.2379,-13.8584,7.32094,97.7694,-3.50574,-86.085,104.943,5.81815,-156.647,69.5315,-11.5642,-163.718,91.0848,13.6991,-115.05,76.8525,-0.744338,-176.853,
-7.17377,28.2379,-13.8584,7.32094,97.7694,-3.50574,-86.085,104.943,5.81815,-156.647,69.5315,-11.5642,-163.718,91.0848,13.6991,-115.05,76.8525,-0.744338,-176.853,
-10.2284,28.0869,-16.7621,7.32094,97.6184,-3.24344,-85.7649,107.847,5.65704,-155.596,69.5315,-11.5642,-163.718,91.0848,13.6991,-115.05,76.8525,-0.744338,-176.853,
-10.2284,28.0869,-16.7621,7.32094,97.6184,-3.24344,-85.7649,107.847,5.65704,-155.596,69.5315,-11.5642,-163.718,91.0848,13.6991,-115.05,76.8525,-0.744338,-176.853,
-11.5619,26.6282,-15.6051,-7.1262,97.6184,-3.24344,-85.7649,109.18,5.85495,-155.615,70.9902,-9.27788,-161.227,93.5752,12.6962,-115.537,63.864,-4.74,-174.906,
-11.5619,26.6282,-15.6051,-7.1262,97.6184,-3.24344,-85.7649,109.18,5.85495,-155.615,70.9902,-9.27788,-161.227,93.5752,12.6962,-115.537,63.864,-4.74,-174.906,
-10.4206,29.6388,-10.7988,-23.1042,98.7597,-2.7357,-84.8773,109.18,5.85495,-155.615,69.1208,-7.53666,-159.74,98.3815,10.348,-115.609,46.0167,-9.83721,-169.975,
-10.4206,29.6388,-10.7988,-23.1042,98.7597,-2.7357,-84.8773,109.18,5.85495,-155.615,69.1208,-7.53666,-159.74,98.3815,10.348,-115.609,46.0167,-9.83721,-169.975,
-12.2033,33.5013,-10.9343,-23.8754,99.0877,-2.55238,-82.7294,111.291,5.49936,-154.509,65.5864,-7.37069,-159.258,100.357,9.3857,-115.601,41.711,-11.0709,-168.76,
-12.2033,33.5013,-10.9343,-23.8754,99.0877,-2.55238,-82.7294,111.291,5.49936,-154.509,65.5864,-7.37069,-159.258,100.357,9.3857,-115.601,41.711,-11.0709,-168.76,
-11.4006,33.837,-10.4673,-25.2127,99.4234,-2.57907,-81.7919,110.824,5.08296,-153.873,65.5864,-7.37069,-159.258,100.357,9.3857,-115.601,40.3737,-13.0062,-169.023,
-11.4006,33.837,-10.4673,-25.2127,99.4234,-2.57907,-81.7919,110.824,5.08296,-153.873,65.5864,-7.37069,-159.258,100.357,9.3857,-115.601,40.3737,-13.0062,-169.023,
-11.1957,31.9935,-3.34769,-19.7399,99.6283,-2.76571,-80.6313,110.824,5.08296,-153.873,67.6348,-9.68062,-163.243,107.476,6.22121,-116.018,47.8949,-14.6924,-172.68,
-11.1957,31.9935,-3.34769,-19.7399,99.6283,-2.76571,-80.6313,110.824,5.08296,-153.873,67.6348,-9.68062,-163.243,107.476,6.22121,-116.018,47.8949,-14.6924,-172.68,
-11.4693,28.8874,2.1203,-17.5354,99.3547,-3.43346,-79.0049,110.824,5.08296,-153.873,70.4673,-10.0322,-164.895,112.944,3.38849,-114.621,52.9319,-14.026,-175.09,
-11.4693,28.8874,2.1203,-17.5354,99.3547,-3.43346,-79.0049,110.824,5.08296,-153.873,70.4673,-10.0322,-164.895,112.944,3.38849,-114.621,52.9319,-14.026,-175.09,
0.732458,27.2321,16.287,-19.5797,99.7436,-3.68239,-78.6462,99.0112,2.35204,-155.816,72.5115,-9.11966,-164.558,115.298,1.26147,-113.1,52.9319,-14.026,-175.09,
0.732458,27.2321,16.287,-19.5797,99.7436,-3.68239,-78.6462,99.0112,2.35204,-155.816,72.5115,-9.11966,-164.558,115.298,1.26147,-113.1,52.9319,-14.026,-175.09,
4.03842,29.1662,21.3568,-9.65037,100.142,-3.60924,-78.9408,96.1033,0.634673,-150.58,70.9756,-6.33484,-158.453,117.46,-1.86471,-110.297,61.3252,-13.5294,-178.938,
4.03842,29.1662,21.3568,-9.65037,100.142,-3.60924,-78.9408,96.1033,0.634673,-150.58,70.9756,-6.33484,-158.453,117.46,-1.86471,-110.297,61.3252,-13.5294,-178.938,
3.02035,23.8449,27.7938,-9.64925,99.1237,-3.61757,-79.2334,96.1033,0.634673,-150.58,75.2788,-10.7838,-164.649,123.897,-8.59008,-105.553,65.6295,-12.6134,-179.606,
3.02035,23.8449,27.7938,-9.64925,99.1237,-3.61757,-79.2334,96.1033,0.634673,-150.58,75.2788,-10.7838,-164.649,123.897,-8.59008,-105.553,65.6295,-12.6134,-179.606,
6.63749,22.7606,33.5333,-9.49088,99.9216,-4.29222,-78.0891,93.2841,1.14757,-145.514,77.161,-12.5942,-166.586,126.817,-11.2451,-104.596,67.6701,-12.497,179.241,
6.63749,22.7606,33.5333,-9.49088,99.9216,-4.29222,-78.0891,93.2841,1.14757,-145.514,77.161,-12.5942,-166.586,126.817,-11.2451,-104.596,67.6701,-12.497,179.241,
13.5568,21.8239,39.7512,-11.2527,100.747,-3.99434,-78.3278,87.1899,3.04688,-150.768,78.9228,-12.9984,-167.252,126.941,-11.2588,-104.598,67.6701,-12.497,179.241,
13.5568,21.8239,39.7512,-11.2527,100.747,-3.99434,-78.3278,87.1899,3.04688,-150.768,78.9228,-12.9984,-167.252,126.941,-11.2588,-104.598,67.6701,-12.497,179.241,
14.018,16.9551,38.1364,-8.96167,99.1638,-4.3693,-80.2814,85.1458,3.659,-151.7,82.2087,-12.6765,-167.155,123.282,-8.87628,-104.211,73.247,-10.5561,177.762,
14.018,16.9551,38.1364,-8.96167,99.1638,-4.3693,-80.2814,85.1458,3.659,-151.7,82.2087,-12.6765,-167.155,123.282,-8.87628,-104.211,73.247,-10.5561,177.762,
13.5376,12.5683,35.902,-11.8628,98.6834,-4.90607,-80.8876,85.1458,3.659,-151.7,86.1151,-12.117,-167.52,121.048,-7.17522,-104.4,74.2523,-10.1442,177.836,
13.5376,12.5683,35.902,-11.8628,98.6834,-4.90607,-80.8876,85.1458,3.659,-151.7,86.1151,-12.117,-167.52,121.048,-7.17522,-104.4,74.2523,-10.1442,177.836,
13.5513,10.3738,29.5542,-14.071,98.6971,-5.09698,-81.0788,85.1458,3.659,-151.7,88.3233,-12.2778,-168.708,114.7,-2.06533,-106.768,74.2523,-10.1442,177.836,
13.5513,10.3738,29.5542,-14.071,98.6971,-5.09698,-81.0788,85.1458,3.659,-151.7,88.3233,-12.2778,-168.708,114.7,-2.06533,-106.768,74.2523,-10.1442,177.836,
18.7034,7.65368,30.8063,-15.4825,98.2952,-5.41336,-81.2184,79.5918,6.91476,-153.275,90.6415,-12.59,-170.233,110.398,0.634676,-107.995,75.1591,-9.96455,177.611,
18.7034,7.65368,30.8063,-15.4825,98.2952,-5.41336,-81.2184,79.5918,6.91476,-153.275,90.6415,-12.59,-170.233,110.398,0.634676,-107.995,75.1591,-9.96455,177.611,
18.2309,1.85143,21.3362,-16.6733,97.0526,-5.7127,-81.2713,78.8216,7.10366,-155.881,95.2011,-12.7828,-173.047,100.158,5.77644,-109.635,78.5278,-9.10337,177.479,
18.2309,1.85143,21.3362,-16.6733,97.0526,-5.7127,-81.2713,78.8216,7.10366,-155.881,95.2011,-12.7828,-173.047,100.158,5.77644,-109.635,78.5278,-9.10337,177.479,
17.2985,-5.50004,9.86911,-22.18,96.1201,-6.10397,-81.7087,78.8216,7.10366,-155.881,101.62,-12.6722,-178.766,88.6907,10.9398,-110.058,79.4401,-8.83251,177.48,
17.2985,-5.50004,9.86911,-22.18,96.1201,-6.10397,-81.7087,78.8216,7.10366,-155.881,101.62,-12.6722,-178.766,88.6907,10.9398,-110.058,79.4401,-8.83251,177.48,
18.3403,-8.10194,-1.02773,-23.7518,96.0328,-6.50954,-82.794,77.6925,6.639,-161.107,104.135,-12.4074,179.11,76.6648,16.6941,-111.224,80.383,-8.35319,177.481,
18.3403,-8.10194,-1.02773,-23.7518,96.0328,-6.50954,-82.794,77.6925,6.639,-161.107,104.135,-12.4074,179.11,76.6648,16.6941,-111.224,80.383,-8.35319,177.481,
17.9708,-8.24775,-1.25144,-23.7518,95.887,-6.76462,-83.9961,77.9162,6.881,-160.87,104.135,-12.4074,179.11,76.6648,16.6941,-111.224,80.383,-8.35319,177.481,
17.9708,-8.24775,-1.25144,-23.7518,95.887,-6.76462,-83.9961,77.9162,6.881,-160.87,104.135,-12.4074,179.11,76.6648,16.6941,-111.224,80.383,-8.35319,177.481,
18.3453,-8.2658,-6.84806,-21.4806,95.8689,-6.80128,-84.2664,77.5236,6.97692,-161.179,104.135,-12.4074,179.11,70.6756,19.496,-112.984,82.6542,-7.52907,177.063,
18.3453,-8.2658,-6.84806,-21.4806,95.8689,-6.80128,-84.2664,77.5236,6.97692,-161.179,104.135,-12.4074,179.11,70.6756,19.496,-112.984,82.6542,-7.52907,177.063,
18.3143,-14.2336,-21.8442,-23.1284,95.838,-6.82314,-84.8117,77.5236,6.97692,-161.179,110.072,-12.4463,176.786,55.6795,24.2392,-120.204,86.9432,-5.65686,176.501,
18.3143,-14.2336,-21.8442,-23.1284,95.838,-6.82314,-84.8117,77.5236,6.97692,-161.179,110.072,-12.4463,176.786,55.6795,24.2392,-120.204,86.9432,-5.65686,176.501,
28.6105,-14.1615,-11.543,-22.2501,96.5661,-6.71686,-85.779,67.9556,5.78761,-170.239,110.728,-12.1172,176.209,56.4126,24.7039,-120.35,88.4775,-4.73876,176.389,
28.6105,-14.1615,-11.543,-22.2501,96.5661,-6.71686,-85.779,67.9556,5.78761,-170.239,110.728,-12.1172,176.209,56.4126,24.7039,-120.35,88.4775,-4.73876,176.389,
28.4643,-13.7965,-12.0542,-18.5565,96.9311,-6.48766,-86.1706,68.4668,5.74032,-168.792,110.728,-12.1172,176.209,56.4126,24.7039,-120.35,92.171,-2.83627,176.215,
28.4643,-13.7965,-12.0542,-18.5565,96.9311,-6.48766,-86.1706,68.4668,5.74032,-168.792,110.728,-12.1172,176.209,56.4126,24.7039,-120.35,92.171,-2.83627,176.215,
26.7822,-12.9072,-2.90053,-13.2427,97.1492,-5.99308,-86.9043,70.367,6.34419,-166.557,110.056,-11.4884,176.243,67.4665,24.416,-115.946,96.8138,-0.541965,175.066,
26.7822,-12.9072,-2.90053,-13.2427,97.1492,-5.99308,-86.9043,70.367,6.34419,-166.557,110.056,-11.4884,176.243,67.4665,24.416,-115.946,96.8138,-0.541965,175.066,
26.7577,-5.05926,1.33219,-2.96244,97.1247,-5.64427,-87.4303,70.367,6.34419,-166.557,102.184,-10.2145,178.774,71.6992,21.6003,-116.996,99.2216,0.94215,173.732,
26.7577,-5.05926,1.33219,-2.96244,97.1247,-5.64427,-87.4303,70.367,6.34419,-166.557,102.184,-10.2145,178.774,71.6992,21.6003,-116.996,99.2216,0.94215,173.732,
24.4716,-5.05507,1.90779,-0.834954,97.1289,-5.80804,-86.8596,72.6574,3.61736,-173.364,102.184,-10.2145,178.774,74.5652,20.4508,-116.041,101.349,2.76494,171.767,
24.4716,-5.05507,1.90779,-0.834954,97.1289,-5.80804,-86.8596,72.6574,3.61736,-173.364,102.184,-10.2145,178.774,74.5652,20.4508,-116.041,101.349,2.76494,171.767,
23.5175,-2.03967,4.50464,6.97612,97.0252,-6.00849,-86.2347,73.5077,2.31177,-175.432,99.0648,-9.57324,179.375,78.0123,20.2025,-114.415,106.041,7.39024,165.996,
23.5175,-2.03967,4.50464,6.97612,97.0252,-6.00849,-86.2347,73.5077,2.31177,-175.432,99.0648,-9.57324,179.375,78.0123,20.2025,-114.415,106.041,7.39024,165.996,
20.2065,4.77283,8.69009,20.0472,96.4514,-6.15842,-86.3617,76.2448,3.82425,-173.623,91.6785,-9.81611,167.173,84.9349,17.3589,-115.355,111.726,11.7742,162.367,
20.2065,4.77283,8.69009,20.0472,96.4514,-6.15842,-86.3617,76.2448,3.82425,-173.623,91.6785,-9.81611,167.173,84.9349,17.3589,-115.355,111.726,11.7742,162.367,
15.595,8.0656,5.75941,25.0562,96.6896,-5.99012,-87.5391,81.0946,7.05113,-169.573,88.624,-10.3815,169.431,86.854,16.4385,-114.978,113.68,13.0618,161.499,
15.595,8.0656,5.75941,25.0562,96.6896,-5.99012,-87.5391,81.0946,7.05113,-169.573,88.624,-10.3815,169.431,86.854,16.4385,-114.978,113.68,13.0618,161.499,
12.6407,12.5619,3.5741,29.6531,97.4305,-6.12139,-88.6933,84.7897,6.19158,-169.118,84.8686,-10.7224,173.122,88.3638,15.7054,-114.774,114.522,13.1254,161.055,
12.6407,12.5619,3.5741,29.6531,97.4305,-6.12139,-88.6933,84.7897,6.19158,-169.118,84.8686,-10.7224,173.122,88.3638,15.7054,-114.774,114.522,13.1254,161.055,
8.02971,12.6391,0.0700183,23.8423,97.5077,-6.58339,-88.0879,89.478,5.98774,-167.582,84.8686,-10.7224,173.122,89.548,15.1791,-114.856,108.711,10.2515,162.763,
8.02971,12.6391,0.0700183,23.8423,97.5077,-6.58339,-88.0879,89.478,5.98774,-167.582,84.8686,-10.7224,173.122,89.548,15.1791,-114.856,108.711,10.2515,162.763,
8.36799,22.2632,1.88469,26.5217,97.846,-6.1159,-88.9817,89.478,5.98774,-167.582,75.5828,-13.2078,179.827,91.3627,14.5199,-114.983,102.104,7.20134,165.936,
8.36799,22.2632,1.88469,26.5217,97.846,-6.1159,-88.9817,89.478,5.98774,-167.582,75.5828,-13.2078,179.827,91.3627,14.5199,-114.983,102.104,7.20134,165.936,
8.38997,22.2852,2.562,26.5217,97.868,-5.84052,-89.2523,89.478,5.98774,-167.582,75.5828,-13.2078,179.827,92.04,14.1949,-115.042,102.104,7.20134,165.936,
8.38997,22.2852,2.562,26.5217,97.868,-5.84052,-89.2523,89.478,5.98774,-167.582,75.5828,-13.2078,179.827,92.04,14.1949,-115.042,102.104,7.20134,165.936,
-3.169,23.6457,-7.7033,23.8385,97.7815,-5.24808,-89.9535,100.951,5.72695,-163.353,74.1359,-14.5628,-177.019,93.2472,13.5459,-115.874,97.9744,5.27519,168.184,
-3.169,23.6457,-7.7033,23.8385,97.7815,-5.24808,-89.9535,100.951,5.72695,-163.353,74.1359,-14.5628,-177.019,93.2472,13.5459,-115.874,97.9744,5.27519,168.184,
-5.0524,26.8906,-10.4878,15.937,98.6827,-4.91685,-89.5199,103.735,5.48119,-161.161,71.7921,-14.0766,-171.881,93.2472,13.5459,-115.874,87.7291,1.51774,174.001,
-5.0524,26.8906,-10.4878,15.937,98.6827,-4.91685,-89.5199,103.735,5.48119,-161.161,71.7921,-14.0766,-171.881,93.2472,13.5459,-115.874,87.7291,1.51774,174.001,
-4.58861,28.1358,-7.34079,-2.26891,99.1465,-4.68908,-88.9735,103.735,5.48119,-161.161,71.0106,-12.4366,-167.463,96.3943,12.3753,-115.775,68.7417,-3.83565,179.904,
-4.58861,28.1358,-7.34079,-2.26891,99.1465,-4.68908,-88.9735,103.735,5.48119,-161.161,71.0106,-12.4366,-167.463,96.3943,12.3753,-115.775,68.7417,-3.83565,179.904,
-9.40589,28.9607,-12.8379,-9.84422,100.841,-4.14408,-88.0013,110.247,4.78179,-157.295,71.8802,-11.368,-166.153,97.4089,11.8117,-115.604,62.036,-6.01397,-178.52,
-9.40589,28.9607,-12.8379,-9.84422,100.841,-4.14408,-88.0013,110.247,4.78179,-157.295,71.8802,-11.368,-166.153,97.4089,11.8117,-115.604,62.036,-6.01397,-178.52,
-12.4022,28.697,-15.5542,-10.9829,101.716,-4.17947,-87.2999,114.118,4.41061,-156.386,73.0189,-10.4598,-165.354,98.5639,11.1812,-115.408,62.036,-6.01397,-178.52,
-12.4022,28.697,-15.5542,-10.9829,101.716,-4.17947,-87.2999,114.118,4.41061,-156.386,73.0189,-10.4598,-165.354,98.5639,11.1812,-115.408,62.036,-6.01397,-178.52,
-11.7581,29.5619,-14.5104,-23.7391,102.581,-4.46157,-86.3633,114.339,4.42358,-155.991,73.0189,-10.4598,-165.354,99.8286,10.5148,-115.226,49.2798,-10.1541,-174.041,
-11.7581,29.5619,-14.5104,-23.7391,102.581,-4.46157,-86.3633,114.339,4.42358,-155.991,73.0189,-10.4598,-165.354,99.8286,10.5148,-115.226,49.2798,-10.1541,-174.041,
-11.3704,33.0023,-9.72999,-29.3235,102.969,-4.51839,-85.9447,114.339,4.42358,-155.991,69.9662,-7.10084,-161.275,104.609,8.00135,-115.435,40.6427,-13.6211,-171.104,
-11.3704,33.0023,-9.72999,-29.3235,102.969,-4.51839,-85.9447,114.339,4.42358,-155.991,69.9662,-7.10084,-161.275,104.609,8.00135,-115.435,40.6427,-13.6211,-171.104,
-10.891,38.2632,-8.07308,-21.1802,103.941,-4.80156,-84.3952,114.832,4.4335,-155.473,65.6781,-5.6964,-158.634,106.759,6.9791,-115.776,44.498,-14.3995,-172.48,
-10.891,38.2632,-8.07308,-21.1802,103.941,-4.80156,-84.3952,114.832,4.4335,-155.473,65.6781,-5.6964,-158.634,106.759,6.9791,-115.776,44.498,-14.3995,-172.48,
-6.52423,37.0539,-1.19042,-22.2265,103.778,-5.119,-83.5562,110.303,3.1343,-154.985,66.7245,-7.41925,-161.404,109.112,5.89271,-116.106,44.498,-14.3995,-172.48,
-6.52423,37.0539,-1.19042,-22.2265,103.778,-5.119,-83.5562,110.303,3.1343,-154.985,66.7245,-7.41925,-161.404,109.112,5.89271,-116.106,44.498,-14.3995,-172.48,
-3.2018,30.4288,5.26143,-18.8742,103.08,-5.85114,-82.1187,106.282,2.45513,-156.31,72.6511,-12.2897,-168.261,111.543,4.62961,-115.98,53.777,-14.0086,-176.302,
-3.2018,30.4288,5.26143,-18.8742,103.08,-5.85114,-82.1187,106.282,2.45513,-156.31,72.6511,-12.2897,-168.261,111.543,4.62961,-115.98,53.777,-14.0086,-176.302,
-2.94871,32.202,12.2912,-11.2838,103.333,-5.6614,-81.8569,106.282,2.45513,-156.31,71.131,-4.87856,-156.335,118.573,-2.78044,-110.836,59.8473,-11.688,-177.158,
-2.94871,32.202,12.2912,-11.2838,103.333,-5.6614,-81.8569,106.282,2.45513,-156.31,71.131,-4.87856,-156.335,118.573,-2.78044,-110.836,59.8473,-11.688,-177.158,
5.03377,28.9368,28.5083,-9.88366,102.261,-5.20592,-82.3605,97.2269,-0.325315,-148.131,73.3239,-5.74105,-157.495,125.735,-9.21823,-107.118,63.4402,-11.9846,-178.445,
5.03377,28.9368,28.5083,-9.88366,102.261,-5.20592,-82.3605,97.2269,-0.325315,-148.131,73.3239,-5.74105,-157.495,125.735,-9.21823,-107.118,63.4402,-11.9846,-178.445,
4.56281,28.4658,28.5083,-9.88366,101.79,-5.30651,-82.0751,97.2269,-0.325315,-148.131,73.3239,-5.74105,-157.495,125.735,-9.21823,-107.118,63.4402,-11.9846,-178.445,
4.56281,28.4658,28.5083,-9.88366,101.79,-5.30651,-82.0751,97.2269,-0.325315,-148.131,73.3239,-5.74105,-157.495,125.735,-9.21823,-107.118,63.4402,-11.9846,-178.445,
9.33892,25.5299,35.3064,-5.22587,103.134,-5.70485,-80.2759,93.7953,0.744161,-148.237,77.6043,-10.2543,-164.268,129.102,-12.5894,-106.43,72.3785,-9.66705,179.907,
9.33892,25.5299,35.3064,-5.22587,103.134,-5.70485,-80.2759,93.7953,0.744161,-148.237,77.6043,-10.2543,-164.268,129.102,-12.5894,-106.43,72.3785,-9.66705,179.907,
8.44518,18.9856,33.1529,-9.3776,102.24,-4.91678,-80.9376,93.7953,0.744161,-148.237,83.2549,-10.473,-165.858,126.948,-11.5147,-105.154,73.8773,-9.20857,179.81,
8.44518,18.9856,33.1529,-9.3776,102.24,-4.91678,-80.9376,93.7953,0.744161,-148.237,83.2549,-10.473,-165.858,126.948,-11.5147,-105.154,73.8773,-9.20857,179.81,
15.1912,14.2482,37.1649,-10.4462,99.9011,-5.26218,-81.4286,84.7098,3.41693,-152.499,85.6528,-10.7503,-166.943,121.875,-8.47376,-104.542,75.2067,-8.92516,-179.98,
15.1912,14.2482,37.1649,-10.4462,99.9011,-5.26218,-81.4286,84.7098,3.41693,-152.499,85.6528,-10.7503,-166.943,121.875,-8.47376,-104.542,75.2067,-8.92516,-179.98,
17.3036,14.3545,39.1711,-10.4462,100.007,-5.69242,-82.9484,82.7037,4.38235,-152.557,85.6528,-10.7503,-166.943,121.875,-8.47376,-104.542,75.2067,-8.92516,-179.98,
17.3036,14.3545,39.1711,-10.4462,100.007,-5.69242,-82.9484,82.7037,4.38235,-152.557,85.6528,-10.7503,-166.943,121.875,-8.47376,-104.542,75.2067,-8.92516,-179.98,
18.4143,7.90756,28.7684,-12.8669,100.246,-5.9645,-82.6834,81.8316,5.47932,-152.473,92.3383,-12.0315,-170.538,110.6,-0.0827099,-107.634,79.4714,-7.99313,-179.908,
18.4143,7.90756,28.7684,-12.8669,100.246,-5.9645,-82.6834,81.8316,5.47932,-152.473,92.3383,-12.0315,-170.538,110.6,-0.0827099,-107.634,79.4714,-7.99313,-179.908,
18.1241,5.39302,23.6675,-14.1071,99.9556,-6.09868,-82.7357,81.8316,5.47932,-152.473,94.5626,-12.2034,-171.581,105.499,2.71749,-108.811,80.4555,-7.6378,-179.865,
18.1241,5.39302,23.6675,-14.1071,99.9556,-6.09868,-82.7357,81.8316,5.47932,-152.473,94.5626,-12.2034,-171.581,105.499,2.71749,-108.811,80.4555,-7.6378,-179.865,
17.8167,-0.739911,13.2561,-17.9835,98.6915,-6.80925,-83.2158,80.8748,6.37291,-154.412,99.4314,-11.8254,-174.623,94.1309,7.89285,-109.656,81.4479,-7.35654,-179.968,
17.8167,-0.739911,13.2561,-17.9835,98.6915,-6.80925,-83.2158,80.8748,6.37291,-154.412,99.4314,-11.8254,-174.623,94.1309,7.89285,-109.656,81.4479,-7.35654,-179.968,
19.5515,-1.25024,9.47682,-16.0431,98.1812,-7.67853,-84.358,78.6297,5.8567,-160.799,99.4314,-11.8254,-174.623,88.1065,10.6894,-110.028,83.3883,-6.96304,179.402,
19.5515,-1.25024,9.47682,-16.0431,98.1812,-7.67853,-84.358,78.6297,5.8567,-160.799,99.4314,-11.8254,-174.623,88.1065,10.6894,-110.028,83.3883,-6.96304,179.402,
20.393,-10.1225,-3.13703,-22.539,99.0815,-7.74686,-85.8733,78.6885,5.62497,-162.008,109.204,-10.729,176.764,75.5514,16.6303,-112.394,86.6649,-5.96998,178.277,
20.393,-10.1225,-3.13703,-22.539,99.0815,-7.74686,-85.8733,78.6885,5.62497,-162.008,109.204,-10.729,176.764,75.5514,16.6303,-112.394,86.6649,-5.96998,178.277,
20.2707,-10.4785,-16.3989,-22.0052,99.4497,-7.68053,-86.7685,79.1789,5.5401,-163.361,109.928,-11.0054,177.252,62.7801,21.2741,-118.133,87.923,-5.524,177.87,
20.2707,-10.4785,-16.3989,-22.0052,99.4497,-7.68053,-86.7685,79.1789,5.5401,-163.361,109.928,-11.0054,177.252,62.7801,21.2741,-118.133,87.923,-5.524,177.87,
28.283,-10.7456,-14.1312,-22.7505,99.9279,-7.4373,-87.8691,71.645,4.23594,-169.221,110.674,-11.1224,177.06,57.5138,22.6678,-120.79,87.923,-5.524,177.87,
28.283,-10.7456,-14.1312,-22.7505,99.9279,-7.4373,-87.8691,71.645,4.23594,-169.221,110.674,-11.1224,177.06,57.5138,22.6678,-120.79,87.923,-5.524,177.87,
31.9924,-10.3372,-10.8302,-20.1377,100.336,-7.00318,-88.8012,68.344,3.39317,-172.38,110.674,-11.1224,177.06,57.5138,22.6678,-120.79,90.5358,-4.44738,177.016,
31.9924,-10.3372,-10.8302,-20.1377,100.336,-7.00318,-88.8012,68.344,3.39317,-172.38,110.674,-11.1224,177.06,57.5138,22.6678,-120.79,90.5358,-4.44738,177.016,
32.1357,-11.8083,-8.99333,-18.4022,100.48,-6.82041,-89.0861,68.344,3.39317,-172.38,112.288,-10.6041,175.773,59.3507,24.3021,-119.771,93.8857,-2.79708,176.813,
32.1357,-11.8083,-8.99333,-18.4022,100.48,-6.82041,-89.0861,68.344,3.39317,-172.38,112.288,-10.6041,175.773,59.3507,24.3021,-119.771,93.8857,-2.79708,176.813,
29.9654,-11.1491,-4.74832,-14.0243,100.971,-5.9265,-90.1429,71.0053,4.13371,-168.068,112.12,-9.65494,174.776,66.257,23.6621,-117.008,98.0955,-0.669331,175.97,
29.9654,-11.1491,-4.74832,-14.0243,100.971,-5.9265,-90.1429,71.0053,4.13371,-168.068,112.12,-9.65494,174.776,66.257,23.6621,-117.008,98.0955,-0.669331,175.97,
26.7795,-9.07574,-5.95115,-11.9297,100.949,-5.6831,-90.3105,74.1699,4.32048,-167.361,110.025,-9.04363,174.628,68.2188,22.9828,-117.378,98.0955,-0.669331,175.97,
26.7795,-9.07574,-5.95115,-11.9297,100.949,-5.6831,-90.3105,74.1699,4.32048,-167.361,110.025,-9.04363,174.628,68.2188,22.9828,-117.378,98.0955,-0.669331,175.97,
27.9148,-2.01349,-1.88942,1.64133,100.447,-6.15467,-88.93,72.5326,2.49421,-172.409,102.461,-7.70242,176.813,70.6432,21.4241,-117.585,104.102,4.45894,169.25,
27.9148,-2.01349,-1.88942,1.64133,100.447,-6.15467,-88.93,72.5326,2.49421,-172.409,102.461,-7.70242,176.813,70.6432,21.4241,-117.585,104.102,4.45894,169.25,
26.924,1.16182,7.95538,11.9598,99.4567,-6.65786,-87.9041,72.5326,2.49421,-172.409,98.2948,-6.50483,170.633,80.488,18.4819,-115.719,110.255,9.17031,164.274,
26.924,1.16182,7.95538,11.9598,99.4567,-6.65786,-87.9041,72.5326,2.49421,-172.409,98.2948,-6.50483,170.633,80.488,18.4819,-115.719,110.255,9.17031,164.274,
22.9472,2.23878,6.84032,15.8764,98.9848,-6.46132,-89.7212,76.0376,1.74593,-175.348,96.7461,-6.88026,165.549,82.8779,17.288,-116.417,112.622,11.5087,161.765,
22.9472,2.23878,6.84032,15.8764,98.9848,-6.46132,-89.7212,76.0376,1.74593,-175.348,96.7461,-6.88026,165.549,82.8779,17.288,-116.417,112.622,11.5087,161.765,
18.4728,5.01076,3.97732,18.1654,99.4678,-6.35108,-91.7894,80.995,5.8345,-170.963,94.457,-7.46754,163.566,84.9724,16.1466,-116.842,112.622,11.5087,161.765,
18.4728,5.01076,3.97732,18.1654,99.4678,-6.35108,-91.7894,80.995,5.8345,-170.963,94.457,-7.46754,163.566,84.9724,16.1466,-116.842,112.622,11.5087,161.765,
14.6093,12.2082,3.1228,23.4503,99.8227,-6.86611,-92.8925,85.2133,4.71475,-171.626,87.6145,-8.3668,168.763,88.3361,14.4459,-116.576,111.065,12.3344,156.459,
14.6093,12.2082,3.1228,23.4503,99.8227,-6.86611,-92.8925,85.2133,4.71475,-171.626,87.6145,-8.3668,168.763,88.3361,14.4459,-116.576,111.065,12.3344,156.459,
14.2155,18.0271,5.04485,26.8065,99.4288,-7.13391,-92.1314,85.2133,4.71475,-171.626,81.4018,-9.54924,172.185,90.2582,13.5105,-116.908,108.208,10.9994,156.518,
14.2155,18.0271,5.04485,26.8065,99.4288,-7.13391,-92.1314,85.2133,4.71475,-171.626,81.4018,-9.54924,172.185,90.2582,13.5105,-116.908,108.208,10.9994,156.518,
5.40145,22.0617,-2.80713,28.4704,99.221,-6.67588,-92.5397,93.8196,3.89889,-169.517,77.1593,-11.7253,173.56,91.0125,13.3132,-116.963,105.63,9.251,157.842,
5.40145,22.0617,-2.80713,28.4704,99.221,-6.67588,-92.5397,93.8196,3.89889,-169.517,77.1593,-11.7253,173.56,91.0125,13.3132,-116.963,105.63,9.251,157.842,
3.18638,21.9363,-4.20381,28.4704,99.0956,-6.41472,-93.5293,95.9092,3.96027,-168.358,77.1593,-11.7253,173.56,91.7054,13.2022,-116.968,105.63,9.251,157.842,
3.18638,21.9363,-4.20381,28.4704,99.0956,-6.41472,-93.5293,95.9092,3.96027,-168.358,77.1593,-11.7253,173.56,91.7054,13.2022,-116.968,105.63,9.251,157.842,
0.863678,23.4642,-5.79329,13.181,98.9972,-6.16134,-93.6003,98.1336,4.05862,-167.317,75.533,-13.5833,176.475,92.3403,13.016,-117.229,88.7141,0.291496,169.675,
0.863678,23.4642,-5.79329,13.181,98.9972,-6.16134,-93.6003,98.1336,4.05862,-167.317,75.533,-13.5833,176.475,92.3403,13.016,-117.229,88.7141,0.291496,169.675,
0.551491,26.1642,-3.59554,10.1414,98.6851,-5.88008,-92.2945,98.1336,4.05862,-167.317,72.5209,-13.54,-178.009,94.538,12.1467,-118.503,82.6623,-1.49621,172.313,
0.551491,26.1642,-3.59554,10.1414,98.6851,-5.88008,-92.2945,98.1336,4.05862,-167.317,72.5209,-13.54,-178.009,94.538,12.1467,-118.503,82.6623,-1.49621,172.313,
-4.03633,27.2467,-7.53486,4.58705,98.8687,-5.57867,-90.8053,102.905,3.89017,-164.051,71.6219,-12.7584,-175.266,95.3701,11.8396,-118.535,76.209,-3.26298,174.274,
-4.03633,27.2467,-7.53486,4.58705,98.8687,-5.57867,-90.8053,102.905,3.89017,-164.051,71.6219,-12.7584,-175.266,95.3701,11.8396,-118.535,76.209,-3.26298,174.274,
-12.8586,28.2836,-16.011,-8.41352,99.3781,-5.36416,-89.3238,112.237,2.93887,-158.822,71.0945,-11.7589,-172.927,96.2258,11.4613,-118.468,62.681,-7.53248,176.809,
-12.8586,28.2836,-16.011,-8.41352,99.3781,-5.36416,-89.3238,112.237,2.93887,-158.822,71.0945,-11.7589,-172.927,96.2258,11.4613,-118.468,62.681,-7.53248,176.809,
-13.4828,27.305,-14.0911,-23.3939,99.9964,-5.24884,-88.2615,113.479,2.85043,-158.853,72.6914,-9.56165,-170.426,99.388,9.51431,-118.006,49.2975,-11.6781,-179.209,
-13.4828,27.305,-14.0911,-23.3939,99.9964,-5.24884,-88.2615,113.479,2.85043,-158.853,72.6914,-9.56165,-170.426,99.388,9.51431,-118.006,49.2975,-11.6781,-179.209,
-13.0294,29.9502,-11.3733,-27.1318,100.45,-5.18691,-87.3436,113.479,2.85043,-158.853,70.4996,-5.72958,-165.664,102.106,8.04473,-117.922,43.3678,-12.1956,-176.246,
-13.0294,29.9502,-11.3733,-27.1318,100.45,-5.18691,-87.3436,113.479,2.85043,-158.853,70.4996,-5.72958,-165.664,102.106,8.04473,-117.922,43.3678,-12.1956,-176.246,
-13.8222,34.0005,-10.5109,-27.8689,100.706,-5.58787,-85.8793,114.529,3.27276,-158.21,66.7058,-4.5264,-163.906,104.018,7.07363,-118.101,38.8369,-12.6856,-174.249,
-13.8222,34.0005,-10.5109,-27.8689,100.706,-5.58787,-85.8793,114.529,3.27276,-158.21,66.7058,-4.5264,-163.906,104.018,7.07363,-118.101,38.8369,-12.6856,-174.249,
-13.7566,33.8932,-10.3381,-26.4426,100.599,-6.33804,-84.4519,114.356,3.32432,-157.976,66.7058,-4.5264,-163.906,104.018,7.07363,-118.101,40.2633,-14.3246,-174.751,
-13.7566,33.8932,-10.3381,-26.4426,100.599,-6.33804,-84.4519,114.356,3.32432,-157.976,66.7058,-4.5264,-163.906,104.018,7.07363,-118.101,40.2633,-14.3246,-174.751,
-12.7667,34.1501,-4.81627,-18.9549,100.599,-6.33804,-84.4519,113.366,3.05376,-157.793,66.4489,-4.55756,-163.701,108.549,4.94756,-119.108,47.494,-15.2974,-177.832,
-12.7667,34.1501,-4.81627,-18.9549,100.599,-6.33804,-84.4519,113.366,3.05376,-157.793,66.4489,-4.55756,-163.701,108.549,4.94756,-119.108,47.494,-15.2974,-177.832,
-12.0946,27.7069,2.81693,-23.8503,101.271,-6.65787,-84.5005,113.366,3.05376,-157.793,73.5642,-10.9105,-173.514,116.183,0.0258079,-117.147,49.7139,-15.0736,-178.862,
-12.0946,27.7069,2.81693,-23.8503,101.271,-6.65787,-84.5005,113.366,3.05376,-157.793,73.5642,-10.9105,-173.514,116.183,0.0258079,-117.147,49.7139,-15.0736,-178.862,
0.00662664,27.4699,17.1812,-20.2762,101.278,-6.12799,-85.856,101.272,-0.0315738,-159.097,73.8083,-7.60782,-169.369,118.453,-3.24163,-114.712,53.5321,-13.8974,179.487,
0.00662664,27.4699,17.1812,-20.2762,101.278,-6.12799,-85.856,101.272,-0.0315738,-159.097,73.8083,-7.60782,-169.369,118.453,-3.24163,-114.712,53.5321,-13.8974,179.487,
-0.212901,25.8317,18.5999,-14.2345,99.6401,-6.34677,-85.3802,99.853,-1.1828,-154.89,73.8083,-7.60782,-169.369,118.453,-3.24163,-114.712,59.5738,-12.7585,177.562,
-0.212901,25.8317,18.5999,-14.2345,99.6401,-6.34677,-85.3802,99.853,-1.1828,-154.89,73.8083,-7.60782,-169.369,118.453,-3.24163,-114.712,59.5738,-12.7585,177.562,
2.92776,24.2958,30.5022,-8.85618,100.789,-6.97284,-83.3972,97.861,-1.61516,-150.59,76.493,-8.64338,-169.3,128.363,-14.0728,-108.16,67.6369,-12.0302,175.269,
2.92776,24.2958,30.5022,-8.85618,100.789,-6.97284,-83.3972,97.861,-1.61516,-150.59,76.493,-8.64338,-169.3,128.363,-14.0728,-108.16,67.6369,-12.0302,175.269,
6.00006,22.7135,33.9175,-8.49914,101.16,-6.69309,-83.3348,95.1602,-0.151085,-149.85,78.4467,-10.5223,-171.142,129.078,-14.3137,-107.864,69.9476,-11.6543,174.101,
6.00006,22.7135,33.9175,-8.49914,101.16,-6.69309,-83.3348,95.1602,-0.151085,-149.85,78.4467,-10.5223,-171.142,129.078,-14.3137,-107.864,69.9476,-11.6543,174.101,
9.93135,19.3724,37.6037,-10.9781,100.298,-6.26275,-84.0321,90.3667,0.858138,-153.831,80.9257,-10.9332,-171.93,127.97,-13.2378,-107.302,69.9476,-11.6543,174.101,
9.93135,19.3724,37.6037,-10.9781,100.298,-6.26275,-84.0321,90.3667,0.858138,-153.831,80.9257,-10.9332,-171.93,127.97,-13.2378,-107.302,69.9476,-11.6543,174.101,
12.6733,13.9481,39.5123,-12.0267,99.177,-6.37852,-85.4626,86.5037,2.54031,-154.456,85.2289,-10.6025,-172.925,126.016,-11.7582,-107.305,73.2023,-10.2432,173.268,
12.6733,13.9481,39.5123,-12.0267,99.177,-6.37852,-85.4626,86.5037,2.54031,-154.456,85.2289,-10.6025,-172.925,126.016,-11.7582,-107.305,73.2023,-10.2432,173.268,
12.8466,9.63881,34.3001,-13.4559,99.3504,-6.61039,-86.4817,86.5037,2.54031,-154.456,89.7116,-10.4958,-174.384,120.804,-6.92131,-107.531,76.2557,-8.95561,173.71,
12.8466,9.63881,34.3001,-13.4559,99.3504,-6.61039,-86.4817,86.5037,2.54031,-154.456,89.7116,-10.4958,-174.384,120.804,-6.92131,-107.531,76.2557,-8.95561,173.71,
13.9681,6.74176,28.6049,-14.8103,98.7878,-7.20366,-86.1562,84.8196,5.01103,-154.24,92.046,-10.6051,-175.645,113.425,-0.399153,-110.152,77.2357,-8.75918,173.366,
13.9681,6.74176,28.6049,-14.8103,98.7878,-7.20366,-86.1562,84.8196,5.01103,-154.24,92.046,-10.6051,-175.645,113.425,-0.399153,-110.152,77.2357,-8.75918,173.366,
13.5876,2.95134,24.8061,-17.2467,97.4338,-7.92417,-86.085,83.8462,6.81264,-155.636,94.4825,-10.6859,-176.842,108.652,2.75531,-111.702,77.2357,-8.75918,173.366,
13.5876,2.95134,24.8061,-17.2467,97.4338,-7.92417,-86.085,83.8462,6.81264,-155.636,94.4825,-10.6859,-176.842,108.652,2.75531,-111.702,77.2357,-8.75918,173.366,
15.2789,-1.588,20.9699,-18.2537,97.6263,-8.81389,-87.4228,82.3474,7.2754,-159.514,99.2143,-10.4541,-178.863,103.317,5.62068,-113.007,80.9606,-7.49328,173.27,
15.2789,-1.588,20.9699,-18.2537,97.6263,-8.81389,-87.4228,82.3474,7.2754,-159.514,99.2143,-10.4541,-178.863,103.317,5.62068,-113.007,80.9606,-7.49328,173.27,
15.919,-6.6546,3.16586,-23.1277,98.2664,-8.97055,-88.5156,82.3474,7.2754,-159.514,104.921,-9.77042,175.742,85.5133,13.8656,-114.698,81.7933,-7.20347,172.955,
15.919,-6.6546,3.16586,-23.1277,98.2664,-8.97055,-88.5156,82.3474,7.2754,-159.514,104.921,-9.77042,175.742,85.5133,13.8656,-114.698,81.7933,-7.20347,172.955,
17.6584,-9.32295,4.59475,-26.1066,98.5769,-8.97667,-89.0447,80.9185,6.84245,-163.923,107.9,-9.21139,172.886,85.5133,13.8656,-114.698,81.7933,-7.20347,172.955,
17.6584,-9.32295,4.59475,-26.1066,98.5769,-8.97667,-89.0447,80.9185,6.84245,-163.923,107.9,-9.21139,172.886,85.5133,13.8656,-114.698,81.7933,-7.20347,172.955,
19.8848,-10.6354,-6.48194,-27.3949,99.4376,-8.82856,-90.5745,79.5528,7.08435,-165.975,110.073,-8.94859,171.805,73.0709,19.8722,-116.913,82.678,-6.93113,172.642,
19.8848,-10.6354,-6.48194,-27.3949,99.4376,-8.82856,-90.5745,79.5528,7.08435,-165.975,110.073,-8.94859,171.805,73.0709,19.8722,-116.913,82.678,-6.93113,172.642,
23.0689,-10.934,-16.1255,-23.7279,100.359,-8.30998,-91.9786,77.2897,7.42814,-166.333,111.293,-9.35416,172.827,61.1642,24.185,-121.679,87.5647,-4.97312,171.614,
23.0689,-10.934,-16.1255,-23.7279,100.359,-8.30998,-91.9786,77.2897,7.42814,-166.333,111.293,-9.35416,172.827,61.1642,24.185,-121.679,87.5647,-4.97312,171.614,
27.09,-11.2678,-20.0632,-23.3982,101.238,-7.86101,-92.9839,74.1483,7.73531,-168.1,112.506,-9.05196,171.11,54.0851,26.2721,-125.003,89.1079,-4.24404,171.305,
27.09,-11.2678,-20.0632,-23.3982,101.238,-7.86101,-92.9839,74.1483,7.73531,-168.1,112.506,-9.05196,171.11,54.0851,26.2721,-125.003,89.1079,-4.24404,171.305,
28.3132,-9.98192,-18.1128,-21.3117,102.461,-6.90338,-94.2415,74.1483,7.73531,-168.1,112.443,-8.88524,170.884,56.0355,26.3526,-124.427,91.1317,-3.28344,171.213,
28.3132,-9.98192,-18.1128,-21.3117,102.461,-6.90338,-94.2415,74.1483,7.73531,-168.1,112.443,-8.88524,170.884,56.0355,26.3526,-124.427,91.1317,-3.28344,171.213,
31.7484,-10.3499,-9.63805,-21.3117,102.093,-6.52281,-94.7058,70.3451,5.80957,-172.282,112.443,-8.88524,170.884,60.707,26.2383,-122.272,91.1317,-3.28344,171.213,
31.7484,-10.3499,-9.63805,-21.3117,102.093,-6.52281,-94.7058,70.3451,5.80957,-172.282,112.443,-8.88524,170.884,60.707,26.2383,-122.272,91.1317,-3.28344,171.213,
28.5769,-10.5238,-9.10363,-21.3117,101.92,-6.45944,-94.663,73.3427,4.82513,-171.982,112.443,-8.88524,170.884,64.239,25.9383,-120.84,91.1317,-3.28344,171.213,
28.5769,-10.5238,-9.10363,-21.3117,101.92,-6.45944,-94.663,73.3427,4.82513,-171.982,112.443,-8.88524,170.884,64.239,25.9383,-120.84,91.1317,-3.28344,171.213,
27.0028,1.19934,1.98841,0.0769102,101.344,-6.759,-93.724,74.3413,4.25538,-172.608,100.145,-6.9185,171.726,76.3297,21.4152,-117.502,100.222,1.96423,168.279,
27.0028,1.19934,1.98841,0.0769102,101.344,-6.759,-93.724,74.3413,4.25538,-172.608,100.145,-6.9185,171.726,76.3297,21.4152,-117.502,100.222,1.96423,168.279,
25.695,1.61034,5.42043,6.32871,100.081,-7.7409,-93.2002,74.3862,2.7717,-178.128,98.4708,-6.38651,168.415,79.8066,20.6152,-116.791,104.8,6.36698,162.722,
25.695,1.61034,5.42043,6.32871,100.081,-7.7409,-93.2002,74.3862,2.7717,-178.128,98.4708,-6.38651,168.415,79.8066,20.6152,-116.791,104.8,6.36698,162.722,
22.1952,2.24426,1.28667,12.3189,100.715,-7.94281,-94.5415,78.5199,4.90742,-174.407,98.4708,-6.38651,168.415,79.8066,20.6152,-116.791,110.79,11.3101,158.258,
22.1952,2.24426,1.28667,12.3189,100.715,-7.94281,-94.5415,78.5199,4.90742,-174.407,98.4708,-6.38651,168.415,79.8066,20.6152,-116.791,110.79,11.3101,158.258,
18.613,8.50567,4.05299,21.1361,101.412,-8.40051,-95.0484,82.7995,6.16641,-172.203,92.9068,-7.47032,161.531,86.8525,17.3885,-117.435,114.043,14.1866,155.506,
18.613,8.50567,4.05299,21.1361,101.412,-8.40051,-95.0484,82.7995,6.16641,-172.203,92.9068,-7.47032,161.531,86.8525,17.3885,-117.435,114.043,14.1866,155.506,
17.1375,13.2858,7.26145,25.4575,99.937,-8.63385,-94.521,82.7995,6.16641,-172.203,86.6513,-8.37862,166.942,90.061,16.1302,-116.698,112.109,13.6783,154.144,
17.1375,13.2858,7.26145,25.4575,99.937,-8.63385,-94.521,82.7995,6.16641,-172.203,86.6513,-8.37862,166.942,90.061,16.1302,-116.698,112.109,13.6783,154.144,
17.1585,15.9377,8.39077,28.0885,99.958,-8.12096,-94.8758,82.7995,6.16641,-172.203,84.0203,-9.03108,168.548,91.1903,15.6828,-116.601,112.109,13.6783,154.144,
17.1585,15.9377,8.39077,28.0885,99.958,-8.12096,-94.8758,82.7995,6.16641,-172.203,84.0203,-9.03108,168.548,91.1903,15.6828,-116.601,112.109,13.6783,154.144,
12.8331,15.924,4.07913,28.0885,99.9443,-7.80067,-95.3876,87.1112,5.8965,-170.762,84.0203,-9.03108,168.548,91.1903,15.6828,-116.601,112.109,13.6783,154.144,
12.8331,15.924,4.07913,28.0885,99.9443,-7.80067,-95.3876,87.1112,5.8965,-170.762,84.0203,-9.03108,168.548,91.1903,15.6828,-116.601,112.109,13.6783,154.144,
3.22187,20.8755,-2.36172,24.1905,99.047,-7.94319,-94.7547,95.8251,5.38513,-169.401,78.1715,-13.2391,173.053,93.4634,14.6377,-117.762,102.362,7.38791,160.28,
3.22187,20.8755,-2.36172,24.1905,99.047,-7.94319,-94.7547,95.8251,5.38513,-169.401,78.1715,-13.2391,173.053,93.4634,14.6377,-117.762,102.362,7.38791,160.28,
2.45714,21.916,-1.0319,17.4768,98.2823,-7.6441,-92.8266,95.8251,5.38513,-169.401,76.3663,-13.5773,175.859,94.7932,13.9981,-118.755,93.8431,3.18006,166.652,
2.45714,21.916,-1.0319,17.4768,98.2823,-7.6441,-92.8266,95.8251,5.38513,-169.401,76.3663,-13.5773,175.859,94.7932,13.9981,-118.755,93.8431,3.18006,166.652,
-1.8169,23.839,-4.59073,19.4209,98.2612,-7.34289,-92.1393,100.078,5.61378,-167.699,74.4222,-13.2533,179.291,95.4874,13.6701,-118.936,93.8431,3.18006,166.652,
-1.8169,23.839,-4.59073,19.4209,98.2612,-7.34289,-92.1393,100.078,5.61378,-167.699,74.4222,-13.2533,179.291,95.4874,13.6701,-118.936,93.8431,3.18006,166.652,
-8.54611,24.1727,-10.9862,8.40269,98.5949,-6.89433,-91.1017,107.141,4.94105,-162.018,74.4222,-13.2533,179.291,96.1548,13.3687,-118.916,82.8249,-0.198939,171.764,
-8.54611,24.1727,-10.9862,8.40269,98.5949,-6.89433,-91.1017,107.141,4.94105,-162.018,74.4222,-13.2533,179.291,96.1548,13.3687,-118.916,82.8249,-0.198939,171.764,
-11.37,28.0589,-11.7084,-0.22989,98.8233,-6.50855,-89.182,110.193,4.3722,-159.963,70.7644,-9.28559,-170.237,98.4849,12.1007,-118.456,70.5345,-3.62171,174.625,
-11.37,28.0589,-11.7084,-0.22989,98.8233,-6.50855,-89.182,110.193,4.3722,-159.963,70.7644,-9.28559,-170.237,98.4849,12.1007,-118.456,70.5345,-3.62171,174.625,
-11.3448,28.084,-11.7084,-6.67984,98.8485,-6.43192,-88.5034,110.193,4.3722,-159.963,70.7644,-9.28559,-170.237,98.4849,12.1007,-118.456,64.0846,-5.47538,176,
-11.3448,28.084,-11.7084,-6.67984,98.8485,-6.43192,-88.5034,110.193,4.3722,-159.963,70.7644,-9.28559,-170.237,98.4849,12.1007,-118.456,64.0846,-5.47538,176,
-15.4275,26.8477,-14.1112,-14.9329,99.3845,-6.34929,-87.4514,114.812,4.29107,-159.103,72.5369,-8.35195,-169.687,100.701,10.8695,-118.331,57.604,-7.62311,177.461,
-15.4275,26.8477,-14.1112,-14.9329,99.3845,-6.34929,-87.4514,114.812,4.29107,-159.103,72.5369,-8.35195,-169.687,100.701,10.8695,-118.331,57.604,-7.62311,177.461,
-14.9503,28.3001,-12.947,-25.9203,99.9793,-6.51972,-86.3587,114.93,4.19343,-158.496,71.6792,-6.39818,-167.912,101.983,10.2613,-118.261,45.7589,-11.4454,-177.499,
-14.9503,28.3001,-12.947,-25.9203,99.9793,-6.51972,-86.3587,114.93,4.19343,-158.496,71.6792,-6.39818,-167.912,101.983,10.2613,-118.261,45.7589,-11.4454,-177.499,
-15.0113,34.7266,-8.32988,-27.1572,100.213,-6.72686,-85.7636,115.224,4.06992,-157.902,65.4865,-4.29911,-163.655,106.895,7.72581,-118.648,38.3294,-13.4958,-174.252,
-15.0113,34.7266,-8.32988,-27.1572,100.213,-6.72686,-85.7636,115.224,4.06992,-157.902,65.4865,-4.29911,-163.655,106.895,7.72581,-118.648,38.3294,-13.4958,-174.252,
-15.038,35.3658,-3.84425,-23.1196,100.186,-7.23897,-84.2103,115.224,4.06992,-157.902,64.8207,-4.38706,-165.392,111.38,5.67358,-119.195,41.7011,-14.2972,-175.327,
-15.038,35.3658,-3.84425,-23.1196,100.186,-7.23897,-84.2103,115.224,4.06992,-157.902,64.8207,-4.38706,-165.392,111.38,5.67358,-119.195,41.7011,-14.2972,-175.327,
-6.59182,35.6251,4.34258,-23.1196,100.446,-7.45511,-83.7784,107.038,3.02139,-160.015,64.8207,-4.38706,-165.392,111.38,5.67358,-119.195,41.7011,-14.2972,-175.327,
-6.59182,35.6251,4.34258,-23.1196,100.446,-7.45511,-83.7784,107.038,3.02139,-160.015,64.8207,-4.38706,-165.392,111.38,5.67358,-119.195,41.7011,-14.2972,-175.327,
-6.34856,35.8684,4.34258,-17.0295,100.689,-7.34127,-84.0192,107.038,3.02139,-160.015,64.8207,-4.38706,-165.392,111.38,5.67358,-119.195,47.7912,-15.219,-177.839,
-6.34856,35.8684,4.34258,-17.0295,100.689,-7.34127,-84.0192,107.038,3.02139,-160.015,64.8207,-4.38706,-165.392,111.38,5.67358,-119.195,47.7912,-15.219,-177.839,
-2.31513,30.7314,14.273,-13.2898,100.308,-6.86591,-84.8279,102.623,0.789042,-158.488,69.5764,-3.56733,-165.355,116.896,2.67701,-118.349,56.2866,-12.3389,179.994,
-2.31513,30.7314,14.273,-13.2898,100.308,-6.86591,-84.8279,102.623,0.789042,-158.488,69.5764,-3.56733,-165.355,116.896,2.67701,-118.349,56.2866,-12.3389,179.994,
-3.37896,28.1116,21.5733,-11.5881,99.244,-6.9176,-84.2392,102.623,0.789042,-158.488,71.1324,-3.34946,-161.518,124.196,-7.41889,-110.993,59.5443,-12.0717,179.37,
-3.37896,28.1116,21.5733,-11.5881,99.244,-6.9176,-84.2392,102.623,0.789042,-158.488,71.1324,-3.34946,-161.518,124.196,-7.41889,-110.993,59.5443,-12.0717,179.37,
3.25921,29.4146,30.3329,-11.5881,100.547,-7.10399,-82.6582,97.2878,-0.781191,-148.19,71.1324,-3.34946,-161.518,127.621,-10.4061,-109.664,59.5443,-12.0717,179.37,
3.25921,29.4146,30.3329,-11.5881,100.547,-7.10399,-82.6582,97.2878,-0.781191,-148.19,71.1324,-3.34946,-161.518,127.621,-10.4061,-109.664,59.5443,-12.0717,179.37,
6.44006,28.5805,35.2099,-3.61042,101.633,-6.5407,-82.7917,95.1932,-0.407329,-150.5,73.0527,-8.51117,-166.405,130.403,-13.4996,-108.686,69.4423,-9.68629,176.86,
6.44006,28.5805,35.2099,-3.61042,101.633,-6.5407,-82.7917,95.1932,-0.407329,-150.5,73.0527,-8.51117,-166.405,130.403,-13.4996,-108.686,69.4423,-9.68629,176.86,
7.93588,23.1124,36.3897,-6.13297,100.759,-5.97587,-83.9211,92.8234,-0.147142,-152.719,77.6469,-9.33578,-167.602,129.213,-12.9162,-107.556,71.514,-8.68167,176.493,
7.93588,23.1124,36.3897,-6.13297,100.759,-5.97587,-83.9211,92.8234,-0.147142,-152.719,77.6469,-9.33578,-167.602,129.213,-12.9162,-107.556,71.514,-8.68167,176.493,
5.60159,18.9518,31.5937,-6.2205,98.425,-6.71254,-84.1141,92.8234,-0.147142,-152.719,79.4733,-9.53307,-168.323,124.417,-9.76365,-105.898,73.2528,-7.78298,176.722,
5.60159,18.9518,31.5937,-6.2205,98.425,-6.71254,-84.1141,92.8234,-0.147142,-152.719,79.4733,-9.53307,-168.323,124.417,-9.76365,-105.898,73.2528,-7.78298,176.722,
8.15389,18.3286,34.7692,-6.2205,97.8018,-7.21921,-84.4561,89.648,0.573986,-153.047,79.4733,-9.53307,-168.323,124.417,-9.76365,-105.898,73.2528,-7.78298,176.722,
8.15389,18.3286,34.7692,-6.2205,97.8018,-7.21921,-84.4561,89.648,0.573986,-153.047,79.4733,-9.53307,-168.323,124.417,-9.76365,-105.898,73.2528,-7.78298,176.722,
11.3683,12.4081,28.3451,-6.52915,97.2753,-7.44884,-84.0329,85.9069,4.19353,-152.211,84.8672,-9.73295,-170.153,114.252,-0.599457,-107.769,78.3381,-5.73263,177.63,
11.3683,12.4081,28.3451,-6.52915,97.2753,-7.44884,-84.0329,85.9069,4.19353,-152.211,84.8672,-9.73295,-170.153,114.252,-0.599457,-107.769,78.3381,-5.73263,177.63,
9.92239,8.45039,18.846,-7.70967,95.8293,-8.16968,-82.7778,85.9069,4.19353,-152.211,87.3789,-10.0421,-171.335,104.753,5.70258,-109.377,79.6693,-5.43471,177.282,
9.92239,8.45039,18.846,-7.70967,95.8293,-8.16968,-82.7778,85.9069,4.19353,-152.211,87.3789,-10.0421,-171.335,104.753,5.70258,-109.377,79.6693,-5.43471,177.282,
10.957,6.67489,15.4587,-7.48834,94.9893,-9.16268,-82.0721,84.0323,4.43267,-155.212,88.3144,-10.1991,-171.681,99.4911,8.56928,-109.934,80.8261,-5.11518,177.189,
10.957,6.67489,15.4587,-7.48834,94.9893,-9.16268,-82.0721,84.0323,4.43267,-155.212,88.3144,-10.1991,-171.681,99.4911,8.56928,-109.934,80.8261,-5.11518,177.189,
13.3134,7.33888,17.1511,-5.07859,95.6533,-9.66227,-83.8529,82.3399,4.22321,-158.214,88.3144,-10.1991,-171.681,99.4911,8.56928,-109.934,83.2358,-4.42469,176.969,
13.3134,7.33888,17.1511,-5.07859,95.6533,-9.66227,-83.8529,82.3399,4.22321,-158.214,88.3144,-10.1991,-171.681,99.4911,8.56928,-109.934,83.2358,-4.42469,176.969,
14.4609,4.64197,1.07007,-5.50441,95.8033,-9.77776,-84.7293,81.3424,5.31914,-158.98,91.1613,-10.4518,-174.259,82.4125,16.2747,-111.606,85.6569,-3.62073,176.8,
14.4609,4.64197,1.07007,-5.50441,95.8033,-9.77776,-84.7293,81.3424,5.31914,-158.98,91.1613,-10.4518,-174.259,82.4125,16.2747,-111.606,85.6569,-3.62073,176.8,
14.8207,5.0018,-4.81884,-4.30899,96.1631,-9.82797,-85.4725,81.3424,5.31914,-158.98,91.1613,-10.4518,-174.259,76.5236,18.3075,-113.501,86.8523,-3.23968,176.819,
14.8207,5.0018,-4.81884,-4.30899,96.1631,-9.82797,-85.4725,81.3424,5.31914,-158.98,91.1613,-10.4518,-174.259,76.5236,18.3075,-113.501,86.8523,-3.23968,176.819,
16.0557,3.79289,-15.6826,-4.76004,96.6799,-9.82654,-86.0236,80.6243,5.70583,-160.203,92.887,-10.5874,-176.242,64.9417,20.817,-118.895,88.127,-2.8578,176.801,
16.0557,3.79289,-15.6826,-4.76004,96.6799,-9.82654,-86.0236,80.6243,5.70583,-160.203,92.887,-10.5874,-176.242,64.9417,20.817,-118.895,88.127,-2.8578,176.801,
23.458,4.0368,-8.52413,-2.26966,96.9239,-9.5878,-86.4267,73.4658,3.30107,-165.513,92.887,-10.5874,-176.242,64.9417,20.817,-118.895,90.6174,-1.96525,176.453,
23.458,4.0368,-8.52413,-2.26966,96.9239,-9.5878,-86.4267,73.4658,3.30107,-165.513,92.887,-10.5874,-176.242,64.9417,20.817,-118.895,90.6174,-1.96525,176.453,
25.4444,-0.512682,-20.6346,-2.81342,96.716,-9.185,-87.3315,71.2716,2.12083,-167.655,97.2287,-10.584,177.981,50.637,24.7249,-122.961,94.4153,-0.658579,175.588,
25.4444,-0.512682,-20.6346,-2.81342,96.716,-9.185,-87.3315,71.2716,2.12083,-167.655,97.2287,-10.584,177.981,50.637,24.7249,-122.961,94.4153,-0.658579,175.588,
25.5614,-1.04056,-19.3633,-2.03063,96.833,-8.64583,-88.6438,71.2716,2.12083,-167.655,97.8736,-10.2297,176.953,51.9083,25.2376,-121.384,95.843,-0.304404,175.233,
25.5614,-1.04056,-19.3633,-2.03063,96.833,-8.64583,-88.6438,71.2716,2.12083,-167.655,97.8736,-10.2297,176.953,51.9083,25.2376,-121.384,95.843,-0.304404,175.233,
30.8966,-1.43837,-12.1361,-2.78222,97.1868,-7.81091,-90.4581,66.2902,0.679175,-168.276,98.6252,-9.85794,175.375,54.1541,25.0755,-119.763,95.843,-0.304404,175.233,
30.8966,-1.43837,-12.1361,-2.78222,97.1868,-7.81091,-90.4581,66.2902,0.679175,-168.276,98.6252,-9.85794,175.375,54.1541,25.0755,-119.763,95.843,-0.304404,175.233,
29.7416,-1.43884,-7.786,-2.78222,97.1863,-7.02414,-92.2666,67.4447,-0.811851,-167.581,98.6252,-9.85794,175.375,59.6587,23.3531,-117.619,95.843,-0.304404,175.233,
29.7416,-1.43884,-7.786,-2.78222,97.1863,-7.02414,-92.2666,67.4447,-0.811851,-167.581,98.6252,-9.85794,175.375,59.6587,23.3531,-117.619,95.843,-0.304404,175.233,
28.9873,-3.15418,-6.17368,0.714083,96.9642,-6.73543,-93.035,67.9769,-1.43834,-167.505,100.118,-8.92593,170.788,61.8032,22.8643,-116.654,100.832,1.40827,172.248,
28.9873,-3.15418,-6.17368,0.714083,96.9642,-6.73543,-93.035,67.9769,-1.43834,-167.505,100.118,-8.92593,170.788,61.8032,22.8643,-116.654,100.832,1.40827,172.248,
26.3135,-2.75834,-4.7648,2.8351,96.2259,-6.50727,-93.9432,69.9124,-1.91941,-168.083,98.9843,-8.2776,168.685,65.1476,23.3736,-114.362,101.819,2.84671,169.22,
26.3135,-2.75834,-4.7648,2.8351,96.2259,-6.50727,-93.9432,69.9124,-1.91941,-168.083,98.9843,-8.2776,168.685,65.1476,23.3736,-114.362,101.819,2.84671,169.22,
21.7794,-1.98645,-6.70484,3.90144,95.9315,-6.4658,-95.2346,74.1521,-1.08345,-168.659,97.9179,-7.9869,167.596,67.4472,23.0184,-113.358,101.819,2.84671,169.22,
21.7794,-1.98645,-6.70484,3.90144,95.9315,-6.4658,-95.2346,74.1521,-1.08345,-168.659,97.9179,-7.9869,167.596,67.4472,23.0184,-113.358,101.819,2.84671,169.22,
20.388,0.483025,-4.54651,8.09598,96.0539,-6.52109,-96.1181,75.6659,-1.57296,-169.726,95.5709,-7.53365,165.55,71.1194,20.2909,-112.796,103.667,5.90687,164.276,
20.388,0.483025,-4.54651,8.09598,96.0539,-6.52109,-96.1181,75.6659,-1.57296,-169.726,95.5709,-7.53365,165.55,71.1194,20.2909,-112.796,103.667,5.90687,164.276,
19.4351,2.67252,-1.7532,13.4753,96.3447,-6.52651,-96.2113,76.9096,-1.01342,-169.071,93.6722,-7.32803,165.123,75.1564,20.769,-110.617,107.148,9.89438,157.744,
19.4351,2.67252,-1.7532,13.4753,96.3447,-6.52651,-96.2113,76.9096,-1.01342,-169.071,93.6722,-7.32803,165.123,75.1564,20.769,-110.617,107.148,9.89438,157.744,
19.9971,4.31617,0.00698066,15.7894,96.9066,-6.77283,-96.1027,76.9096,-1.01342,-169.071,92.5904,-7.38802,165.908,76.9165,20.4983,-110.572,108.38,10.4954,156.497,
19.9971,4.31617,0.00698066,15.7894,96.9066,-6.77283,-96.1027,76.9096,-1.01342,-169.071,92.5904,-7.38802,165.908,76.9165,20.4983,-110.572,108.38,10.4954,156.497,
17.7481,5.4523,-2.38959,16.7779,97.0542,-6.85679,-96.1387,79.3061,0.729486,-167.29,91.6019,-7.43208,167.083,76.9165,20.4983,-110.572,108.38,10.4954,156.497,
17.7481,5.4523,-2.38959,16.7779,97.0542,-6.85679,-96.1387,79.3061,0.729486,-167.29,91.6019,-7.43208,167.083,76.9165,20.4983,-110.572,108.38,10.4954,156.497,
14.7188,7.49452,-1.17645,17.7848,97.2752,-7.09419,-95.7357,82.5565,1.58255,-166.89,89.7807,-6.98246,169.986,81.38,18.541,-109.747,107.566,11.309,154.525,
14.7188,7.49452,-1.17645,17.7848,97.2752,-7.09419,-95.7357,82.5565,1.58255,-166.89,89.7807,-6.98246,169.986,81.38,18.541,-109.747,107.566,11.309,154.525,
14.0718,9.54429,-1.3738,13.2511,97.5132,-7.00373,-94.7577,83.4414,1.64756,-166.44,87.9689,-7.82352,171.625,82.0676,18.2709,-109.811,101.22,8.83045,154.121,
14.0718,9.54429,-1.3738,13.2511,97.5132,-7.00373,-94.7577,83.4414,1.64756,-166.44,87.9689,-7.82352,171.625,82.0676,18.2709,-109.811,101.22,8.83045,154.121,
14.5609,10.2986,-0.748905,11.2381,98.0023,-6.71409,-94.414,83.4414,1.64756,-166.44,87.7037,-8.20086,172.427,82.6925,18.1074,-109.948,98.9418,7.3757,155.668,
14.5609,10.2986,-0.748905,11.2381,98.0023,-6.71409,-94.414,83.4414,1.64756,-166.44,87.7037,-8.20086,172.427,82.6925,18.1074,-109.948,98.9418,7.3757,155.668,
12.5825,10.308,-2.20303,11.2381,98.0117,-6.36092,-94.242,85.4291,1.8508,-165.583,87.7037,-8.20086,172.427,83.2261,18.0105,-110.019,98.9418,7.3757,155.668,
12.5825,10.308,-2.20303,11.2381,98.0117,-6.36092,-94.242,85.4291,1.8508,-165.583,87.7037,-8.20086,172.427,83.2261,18.0105,-110.019,98.9418,7.3757,155.668,
10.2644,10.6048,-3.99861,5.23582,98.2518,-5.88959,-93.9117,87.9874,2.6762,-164.809,87.647,-8.06955,174.813,83.9888,17.3785,-110.897,92.8828,4.01912,159.586,
10.2644,10.6048,-3.99861,5.23582,98.2518,-5.88959,-93.9117,87.9874,2.6762,-164.809,87.647,-8.06955,174.813,83.9888,17.3785,-110.897,92.8828,4.01912,159.586,
9.88091,10.4403,-4.47073,-6.66671,98.5008,-5.70134,-93.5084,88.6199,2.52203,-165.356,88.0605,-7.60822,176.706,84.1491,17.265,-111.199,81.3937,-0.903332,162.436,
9.88091,10.4403,-4.47073,-6.66671,98.5008,-5.70134,-93.5084,88.6199,2.52203,-165.356,88.0605,-7.60822,176.706,84.1491,17.265,-111.199,81.3937,-0.903332,162.436,
10.0153,10.5657,-4.11129,-10.3151,98.6352,-5.58004,-93.0311,88.6199,2.52203,-165.356,88.0695,-7.3514,178.517,84.5086,17.1358,-111.829,77.7544,-2.5635,162.875,
10.0153,10.5657,-4.11129,-10.3151,98.6352,-5.58004,-93.0311,88.6199,2.52203,-165.356,88.0695,-7.3514,178.517,84.5086,17.1358,-111.829,77.7544,-2.5635,162.875,
8.4763,11.0061,-6.09071,-16.7342,99.0756,-5.24904,-92.4051,90.5993,2.76931,-166.259,88.0695,-7.3514,178.517,84.5086,17.1358,-111.829,71.3352,-5.00754,166.27,
8.4763,11.0061,-6.09071,-16.7342,99.0756,-5.24904,-92.4051,90.5993,2.76931,-166.259,88.0695,-7.3514,178.517,84.5086,17.1358,-111.829,71.3352,-5.00754,166.27,
8.67645,14.7177,-5.95351,-18.4149,99.6161,-4.62384,-92.7118,90.9397,2.56239,-166.585,84.8985,-5.55403,-175.809,84.9862,16.1567,-113.176,66.4836,-6.11215,170.339,
8.67645,14.7177,-5.95351,-18.4149,99.6161,-4.62384,-92.7118,90.9397,2.56239,-166.585,84.8985,-5.55403,-175.809,84.9862,16.1567,-113.176,66.4836,-6.11215,170.339,
8.50917,14.9724,-6.06661,-19.1853,99.8399,-4.56544,-92.4627,91.3307,2.35524,-166.58,84.8675,-5.31161,-175.498,85.2641,15.876,-113.531,65.6822,-6.10116,171.49,
8.50917,14.9724,-6.06661,-19.1853,99.8399,-4.56544,-92.4627,91.3307,2.35524,-166.58,84.8675,-5.31161,-175.498,85.2641,15.876,-113.531,65.6822,-6.10116,171.49,
7.13249,14.5447,-6.68466,-19.704,99.6354,-4.52855,-92.0101,92.5029,2.194,-165.317,85.0907,-5.08836,-175.556,85.8183,15.3604,-114.073,65.3867,-5.94806,172.288,
7.13249,14.5447,-6.68466,-19.704,99.6354,-4.52855,-92.0101,92.5029,2.194,-165.317,85.0907,-5.08836,-175.556,85.8183,15.3604,-114.073,65.3867,-5.94806,172.288,
6.19521,14.7112,-7.54058,-19.704,99.8019,-4.32506,-92.0927,93.6067,2.18395,-163.689,85.0907,-5.08836,-175.556,86.0661,15.1434,-114.244,65.3867,-5.94806,172.288,
6.19521,14.7112,-7.54058,-19.704,99.8019,-4.32506,-92.0927,93.6067,2.18395,-163.689,85.0907,-5.08836,-175.556,86.0661,15.1434,-114.244,65.3867,-5.94806,172.288,
5.85594,14.4749,-7.76695,-19.096,99.8697,-4.35436,-92.0857,94.0137,2.1497,-163.401,85.3947,-4.66169,-176.322,86.2468,14.9175,-114.381,66.2987,-4.84809,173.748,
5.85594,14.4749,-7.76695,-19.096,99.8697,-4.35436,-92.0857,94.0137,2.1497,-163.401,85.3947,-4.66169,-176.322,86.2468,14.9175,-114.381,66.2987,-4.84809,173.748,
5.68594,10.5494,-7.65823,-21.5873,100.063,-4.61305,-91.9528,94.3769,2.0627,-163.353,89.5134,-4.04818,-177.84,86.7187,14.156,-114.49,67.9261,-4.09782,175.11,
5.68594,10.5494,-7.65823,-21.5873,100.063,-4.61305,-91.9528,94.3769,2.0627,-163.353,89.5134,-4.04818,-177.84,86.7187,14.156,-114.49,67.9261,-4.09782,175.11,
4.74632,9.66817,-8.48681,-21.9858,100.035,-4.81045,-91.5058,95.2891,1.90136,-162.881,90.3673,-3.85016,-178.168,86.8023,13.9069,-114.458,68.3815,-4.66276,175.145,
4.74632,9.66817,-8.48681,-21.9858,100.035,-4.81045,-91.5058,95.2891,1.90136,-162.881,90.3673,-3.85016,-178.168,86.8023,13.9069,-114.458,68.3815,-4.66276,175.145,
3.1164,9.24256,-9.67963,-21.5526,99.6098,-5.08959,-90.9082,96.4934,1.6807,-161.762,90.3673,-3.85016,-178.168,86.8138,13.698,-114.436,68.8146,-4.64593,175.851,
3.1164,9.24256,-9.67963,-21.5526,99.6098,-5.08959,-90.9082,96.4934,1.6807,-161.762,90.3673,-3.85016,-178.168,86.8138,13.698,-114.436,68.8146,-4.64593,175.851,
2.62547,6.91077,-9.95012,-23.4127,99.4669,-5.56568,-90.2495,96.8414,1.41165,-161.68,92.5562,-4.02167,-176.543,86.8913,12.7379,-114.675,69.1435,-4.94339,175.838,
2.62547,6.91077,-9.95012,-23.4127,99.4669,-5.56568,-90.2495,96.8414,1.41165,-161.68,92.5562,-4.02167,-176.543,86.8913,12.7379,-114.675,69.1435,-4.94339,175.838,
2.63773,6.44308,-9.88609,-23.769,99.4792,-5.93753,-89.7332,96.8414,1.41165,-161.68,93.0361,-3.92259,-176.562,86.9554,12.4507,-114.649,69.2671,-5.06308,176.066,
2.63773,6.44308,-9.88609,-23.769,99.4792,-5.93753,-89.7332,96.8414,1.41165,-161.68,93.0361,-3.92259,-176.562,86.9554,12.4507,-114.649,69.2671,-5.06308,176.066,
