11.9211,-3.77642,5.22945,-14.8577,100.513,2.16654,89.1692,88.5915,0.0368496,19.0252,104.289,-9.55183,9.08809,93.8209,7.82662,64.812,89.4313,-11.0322,8.43487,
11.9211,-3.77642,5.22945,-14.8577,100.513,2.16654,89.1692,88.5915,0.0368496,19.0252,104.289,-9.55183,9.08809,93.8209,7.82662,64.812,89.4313,-11.0322,8.43487,
9.28253,-3.62446,2.71427,-14.8577,100.665,2.07762,88.941,91.382,0.443003,18.9525,104.289,-9.55183,9.08809,94.0963,8.16238,64.8139,89.4313,-11.0322,8.43487,
9.28253,-3.62446,2.71427,-14.8577,100.665,2.07762,88.941,91.382,0.443003,18.9525,104.289,-9.55183,9.08809,94.0963,8.16238,64.8139,89.4313,-11.0322,8.43487,
8.05946,-3.65728,1.89415,-13.9652,100.632,2.01912,89.0258,92.5722,0.910572,19.7192,104.289,-9.55183,9.08809,94.4664,8.43421,64.9919,90.3238,-9.7393,8.04221,
8.05946,-3.65728,1.89415,-13.9652,100.632,2.01912,89.0258,92.5722,0.910572,19.7192,104.289,-9.55183,9.08809,94.4664,8.43421,64.9919,90.3238,-9.7393,8.04221,
6.53211,-1.50019,0.655349,-10.3447,100.822,1.83632,89.2679,94.2903,1.42166,20.2884,102.323,-9.02232,10.0633,94.9457,9.20653,65.1274,91.9779,-7.7067,7.25218,
6.53211,-1.50019,0.655349,-10.3447,100.822,1.83632,89.2679,94.2903,1.42166,20.2884,102.323,-9.02232,10.0633,94.9457,9.20653,65.1274,91.9779,-7.7067,7.25218,
6.72221,1.12578,1.13948,-7.15229,101.013,1.92204,88.6294,94.2903,1.42166,20.2884,99.8867,-8.68771,10.4396,95.4298,9.7069,64.9001,92.7345,-6.96703,6.94358,
6.72221,1.12578,1.13948,-7.15229,101.013,1.92204,88.6294,94.2903,1.42166,20.2884,99.8867,-8.68771,10.4396,95.4298,9.7069,64.9001,92.7345,-6.96703,6.94358,
6.78366,1.18723,1.13948,-7.15229,101.074,1.91083,88.3997,94.2903,1.42166,20.2884,99.8867,-8.68771,10.4396,95.4298,9.7069,64.9001,92.7345,-6.96703,6.94358,
6.78366,1.18723,1.13948,-7.15229,101.074,1.91083,88.3997,94.2903,1.42166,20.2884,99.8867,-8.68771,10.4396,95.4298,9.7069,64.9001,92.7345,-6.96703,6.94358,
3.96463,3.68573,-1.41353,-3.41343,101.452,1.83385,88.0242,97.4871,2.80752,21.3717,97.766,-9.27076,10.5853,96.0736,10.0431,64.7116,94.3526,-5.60252,6.49919,
3.96463,3.68573,-1.41353,-3.41343,101.452,1.83385,88.0242,97.4871,2.80752,21.3717,97.766,-9.27076,10.5853,96.0736,10.0431,64.7116,94.3526,-5.60252,6.49919,
3.51301,7.42366,-1.55613,1.6846,101.716,1.69604,88.0253,98.2026,2.95955,21.9693,94.2919,-9.79076,11.523,96.6464,10.1703,64.509,95.9765,-3.91787,4.77238,
3.51301,7.42366,-1.55613,1.6846,101.716,1.69604,88.0253,98.2026,2.95955,21.9693,94.2919,-9.79076,11.523,96.6464,10.1703,64.509,95.9765,-3.91787,4.77238,
3.86331,10.0313,-1.30579,5.97913,102.066,1.79843,88.3484,98.2026,2.95955,21.9693,92.0346,-9.89853,12.4712,96.8968,10.1888,64.4592,98.0137,-2.29466,1.73385,
3.86331,10.0313,-1.30579,5.97913,102.066,1.79843,88.3484,98.2026,2.95955,21.9693,92.0346,-9.89853,12.4712,96.8968,10.1888,64.4592,98.0137,-2.29466,1.73385,
3.31435,12.4613,-1.52845,8.11207,102.363,2.49454,88.0746,99.0486,3.3892,22.4333,89.9017,-9.86627,13.8283,97.5202,10.1888,64.2806,98.0137,-2.29466,1.73385,
3.31435,12.4613,-1.52845,8.11207,102.363,2.49454,88.0746,99.0486,3.3892,22.4333,89.9017,-9.86627,13.8283,97.5202,10.1888,64.2806,98.0137,-2.29466,1.73385,
1.46836,16.9993,-2.9009,12.9831,102.546,2.73015,87.7031,101.078,3.59239,22.8213,85.547,-10.1639,15.081,98.1771,9.90146,64.3378,98.5301,-1.84423,0.910455,
1.46836,16.9993,-2.9009,12.9831,102.546,2.73015,87.7031,101.078,3.59239,22.8213,85.547,-10.1639,15.081,98.1771,9.90146,64.3378,98.5301,-1.84423,0.910455,
1.34761,21.7583,-3.31621,13.3519,103.112,3.07958,87.2581,101.764,3.53736,23.1335,81.3536,-10.4257,15.7791,98.4481,9.72282,64.5265,94.7054,-3.20756,0.991364,
1.34761,21.7583,-3.31621,13.3519,103.112,3.07958,87.2581,101.764,3.53736,23.1335,81.3536,-10.4257,15.7791,98.4481,9.72282,64.5265,94.7054,-3.20756,0.991364,
1.58107,24.0162,-2.87155,13.1643,103.345,3.37184,87.0979,101.764,3.53736,23.1335,79.3291,-10.4516,16.2624,98.8927,9.33063,64.9567,92.4934,-3.96555,1.02907,
1.58107,24.0162,-2.87155,13.1643,103.345,3.37184,87.0979,101.764,3.53736,23.1335,79.3291,-10.4516,16.2624,98.8927,9.33063,64.9567,92.4934,-3.96555,1.02907,
-2.97758,25.3502,-7.21972,14.7088,103.135,4.01359,86.8962,106.112,3.43378,25.1185,77.7846,-10.2872,16.5903,98.8927,9.33063,64.9567,92.4934,-3.96555,1.02907,
-2.97758,25.3502,-7.21972,14.7088,103.135,4.01359,86.8962,106.112,3.43378,25.1185,77.7846,-10.2872,16.5903,98.8927,9.33063,64.9567,92.4934,-3.96555,1.02907,
-4.61418,29.1188,-8.32452,13.7572,103.069,4.27446,86.775,107.684,3.5722,25.8358,73.9507,-10.3042,17.1648,99.3591,8.85713,65.6651,87.7079,-5.94126,0.842109,
-4.61418,29.1188,-8.32452,13.7572,103.069,4.27446,86.775,107.684,3.5722,25.8358,73.9507,-10.3042,17.1648,99.3591,8.85713,65.6651,87.7079,-5.94126,0.842109,
-5.81075,30.6546,-9.51135,6.10899,103.273,4.68556,86.305,109.083,3.57099,26.2058,72.6181,-10.0816,17.7054,99.572,8.65184,65.794,78.7271,-9.6925,1.63098,
-5.81075,30.6546,-9.51135,6.10899,103.273,4.68556,86.305,109.083,3.57099,26.2058,72.6181,-10.0816,17.7054,99.572,8.65184,65.794,78.7271,-9.6925,1.63098,
-6.10464,30.6491,-8.88206,2.83171,102.979,4.8582,86.0567,109.083,3.57099,26.2058,72.3297,-9.86325,17.8372,100.201,8.14868,65.9754,75.1614,-10.9569,2.48813,
-6.10464,30.6491,-8.88206,2.83171,102.979,4.8582,86.0567,109.083,3.57099,26.2058,72.3297,-9.86325,17.8372,100.201,8.14868,65.9754,75.1614,-10.9569,2.48813,
-9.11412,30.6154,-10.9859,2.83171,102.945,4.97687,85.8314,112.059,3.39312,26.5634,72.3297,-9.86325,17.8372,101.073,7.52155,66.0551,75.1614,-10.9569,2.48813,
-9.11412,30.6154,-10.9859,2.83171,102.945,4.97687,85.8314,112.059,3.39312,26.5634,72.3297,-9.86325,17.8372,101.073,7.52155,66.0551,75.1614,-10.9569,2.48813,
-9.10292,30.6267,-10.4469,-4.95678,102.956,5.02171,85.6583,112.059,3.39312,26.5634,72.3297,-9.86325,17.8372,101.612,7.13888,66.1688,67.3729,-13.3258,5.05048,
-9.10292,30.6267,-10.4469,-4.95678,102.956,5.02171,85.6583,112.059,3.39312,26.5634,72.3297,-9.86325,17.8372,101.612,7.13888,66.1688,67.3729,-13.3258,5.05048,
-10.419,30.3486,-10.3795,-17.0051,102.885,4.84849,85.5748,113.304,2.81553,27.3528,72.5363,-7.79461,18.9675,102.924,6.19743,66.1404,55.5312,-16.2441,9.27256,
-10.419,30.3486,-10.3795,-17.0051,102.885,4.84849,85.5748,113.304,2.81553,27.3528,72.5363,-7.79461,18.9675,102.924,6.19743,66.1404,55.5312,-16.2441,9.27256,
-11.423,29.9845,-10.6685,-20.5143,102.888,4.69636,85.5767,114.311,2.51475,27.5224,72.9032,-7.15965,19.2743,103.642,5.73153,66.0347,52.3889,-17.2011,10.2159,
-11.423,29.9845,-10.6685,-20.5143,102.888,4.69636,85.5767,114.311,2.51475,27.5224,72.9032,-7.15965,19.2743,103.642,5.73153,66.0347,52.3889,-17.2011,10.2159,
-10.4299,29.9594,-7.73108,-20.5143,102.863,4.25508,85.5045,113.292,2.96902,26.7502,72.9032,-7.15965,19.2743,105.561,4.65412,65.5994,52.3889,-17.2011,10.2159,
-10.4299,29.9594,-7.73108,-20.5143,102.863,4.25508,85.5045,113.292,2.96902,26.7502,72.9032,-7.15965,19.2743,105.561,4.65412,65.5994,52.3889,-17.2011,10.2159,
-9.13728,34.0499,-5.34394,-13.3545,103.092,3.98812,85.2889,112.229,3.23886,26.1955,69.0418,-6.1679,19.0892,106.885,4.04324,65.2168,55.6873,-21.1636,5.69055,
-9.13728,34.0499,-5.34394,-13.3545,103.092,3.98812,85.2889,112.229,3.23886,26.1955,69.0418,-6.1679,19.0892,106.885,4.04324,65.2168,55.6873,-21.1636,5.69055,
-8.01499,32.8212,-0.835432,-13.3448,103.111,3.7364,85.0326,111.126,3.19539,26.0024,70.2899,-6.74623,18.193,110.291,2.31984,64.647,56.9451,-21.1669,5.06093,
-8.01499,32.8212,-0.835432,-13.3448,103.111,3.7364,85.0326,111.126,3.19539,26.0024,70.2899,-6.74623,18.193,110.291,2.31984,64.647,56.9451,-21.1669,5.06093,
-8.01499,30.4857,1.14173,-14.4507,103.111,3.7364,85.0326,111.126,3.19539,26.0024,72.6254,-7.22825,17.846,112.268,1.12815,64.7893,58.1747,-21.0011,4.61557,
-8.01499,30.4857,1.14173,-14.4507,103.111,3.7364,85.0326,111.126,3.19539,26.0024,72.6254,-7.22825,17.846,112.268,1.12815,64.7893,58.1747,-21.0011,4.61557,
-4.07065,29.6367,9.65455,-14.4507,102.262,3.32796,85.0354,106.333,2.85954,25.03,72.6254,-7.22825,17.846,115.987,-2.67987,67.065,58.1747,-21.0011,4.61557,
-4.07065,29.6367,9.65455,-14.4507,102.262,3.32796,85.0354,106.333,2.85954,25.03,72.6254,-7.22825,17.846,115.987,-2.67987,67.065,58.1747,-21.0011,4.61557,
6.38517,22.2868,23.1071,-12.3656,101.709,3.17331,84.7845,95.3241,0.424169,25.6344,79.4225,-10.5594,15.9228,118.431,-5.70998,69.215,67.0569,-18.6291,2.66534,
6.38517,22.2868,23.1071,-12.3656,101.709,3.17331,84.7845,95.3241,0.424169,25.6344,79.4225,-10.5594,15.9228,118.431,-5.70998,69.215,67.0569,-18.6291,2.66534,
6.14057,18.4621,29.5618,-12.5902,101.465,2.98248,84.2247,95.3241,0.424169,25.6344,83.0026,-11.403,16.0524,124.886,-10.7831,70.8605,70.4125,-16.7521,2.69063,
6.14057,18.4621,29.5618,-12.5902,101.465,2.98248,84.2247,95.3241,0.424169,25.6344,83.0026,-11.403,16.0524,124.886,-10.7831,70.8605,70.4125,-16.7521,2.69063,
8.51957,18.2743,34.3704,-12.5902,101.277,2.98644,83.6387,92.7573,1.24453,29.6315,83.0026,-11.403,16.0524,127.128,-12.184,70.2109,70.4125,-16.7521,2.69063,
8.51957,18.2743,34.3704,-12.5902,101.277,2.98644,83.6387,92.7573,1.24453,29.6315,83.0026,-11.403,16.0524,127.128,-12.184,70.2109,70.4125,-16.7521,2.69063,
12.0355,15.3034,38.9495,-12.7724,101.047,2.59435,83.2246,89.0113,2.96435,26.9807,85.7434,-11.1431,16.1635,127.961,-11.4272,68.6026,72.9711,-15.5648,2.50392,
12.0355,15.3034,38.9495,-12.7724,101.047,2.59435,83.2246,89.0113,2.96435,26.9807,85.7434,-11.1431,16.1635,127.961,-11.4272,68.6026,72.9711,-15.5648,2.50392,
16.191,10.1393,40.6162,-14.7804,99.7349,1.5668,84.7013,83.5439,4.24267,23.5341,89.5957,-11.7315,14.0979,124.16,-8.46514,68.6673,74.8152,-14.9613,2.5328,
16.191,10.1393,40.6162,-14.7804,99.7349,1.5668,84.7013,83.5439,4.24267,23.5341,89.5957,-11.7315,14.0979,124.16,-8.46514,68.6673,74.8152,-14.9613,2.5328,
16.191,8.26906,38.2081,-15.8725,99.7349,1.5668,84.7013,83.5439,4.24267,23.5341,91.4659,-11.9308,13.1298,121.752,-6.69314,68.6081,75.5934,-14.6857,2.33823,
16.191,8.26906,38.2081,-15.8725,99.7349,1.5668,84.7013,83.5439,4.24267,23.5341,91.4659,-11.9308,13.1298,121.752,-6.69314,68.6081,75.5934,-14.6857,2.33823,
20.6652,5.99798,39.9225,-16.9388,99.3408,1.06753,85.5422,78.6756,5.66909,23.2287,93.3428,-12.2063,11.9025,118.598,-4.47066,68.2785,76.404,-14.5595,1.92343,
20.6652,5.99798,39.9225,-16.9388,99.3408,1.06753,85.5422,78.6756,5.66909,23.2287,93.3428,-12.2063,11.9025,118.598,-4.47066,68.2785,76.404,-14.5595,1.92343,
23.7307,1.82772,34.9405,-19.2571,98.9955,0.158076,85.7462,75.2649,7.13445,22.3657,97.1678,-12.443,8.86046,110.205,0.380203,67.6852,77.9107,-13.9459,2.46079,
23.7307,1.82772,34.9405,-19.2571,98.9955,0.158076,85.7462,75.2649,7.13445,22.3657,97.1678,-12.443,8.86046,110.205,0.380203,67.6852,77.9107,-13.9459,2.46079,
23.7454,-4.3217,24.3214,-22.6713,98.7981,-0.69106,86.3495,75.0527,6.96158,21.5283,103.12,-11.9813,5.21952,99.3741,4.92761,68.9756,80.4485,-12.3002,3.78822,
23.7454,-4.3217,24.3214,-22.6713,98.7981,-0.69106,86.3495,75.0527,6.96158,21.5283,103.12,-11.9813,5.21952,99.3741,4.92761,68.9756,80.4485,-12.3002,3.78822,
23.2618,-7.32225,12.326,-24.2379,98.3146,-1.6338,87.1333,75.0527,6.96158,21.5283,105.637,-11.7523,3.27838,87.3787,10.3532,72.7949,81.3989,-11.8021,3.75814,
23.2618,-7.32225,12.326,-24.2379,98.3146,-1.6338,87.1333,75.0527,6.96158,21.5283,105.637,-11.7523,3.27838,87.3787,10.3532,72.7949,81.3989,-11.8021,3.75814,
22.8629,-7.38296,6.32385,-24.2379,98.2539,-2.07541,87.9565,75.391,6.1406,19.7858,105.637,-11.7523,3.27838,81.7148,13.9079,74.3133,81.3989,-11.8021,3.75814,
22.8629,-7.38296,6.32385,-24.2379,98.2539,-2.07541,87.9565,75.391,6.1406,19.7858,105.637,-11.7523,3.27838,81.7148,13.9079,74.3133,81.3989,-11.8021,3.75814,
22.7172,-7.36792,0.7857,-24.2379,98.2689,-2.21815,88.1195,75.5517,6.17328,19.2065,105.637,-11.7523,3.27838,76.3374,17.6853,73.9611,81.3989,-11.8021,3.75814,
22.7172,-7.36792,0.7857,-24.2379,98.2689,-2.21815,88.1195,75.5517,6.17328,19.2065,105.637,-11.7523,3.27838,76.3374,17.6853,73.9611,81.3989,-11.8021,3.75814,
25.8279,-11.6438,-7.2036,-22.8806,98.5348,-2.67034,88.2513,72.707,4.98024,15.4375,110.179,-11.3797,4.42909,65.5034,22.6261,66.5573,87.298,-9.32011,2.05676,
25.8279,-11.6438,-7.2036,-22.8806,98.5348,-2.67034,88.2513,72.707,4.98024,15.4375,110.179,-11.3797,4.42909,65.5034,22.6261,66.5573,87.298,-9.32011,2.05676,
26.1368,-14.4185,-15.0939,-24.508,98.8438,-2.50888,87.9376,72.707,4.98024,15.4375,113.262,-11.5475,3.79011,57.613,22.8052,57.9426,88.7543,-8.58118,1.77935,
26.1368,-14.4185,-15.0939,-24.508,98.8438,-2.50888,87.9376,72.707,4.98024,15.4375,113.262,-11.5475,3.79011,57.613,22.8052,57.9426,88.7543,-8.58118,1.77935,
32.356,-14.4748,-8.81842,-24.508,98.7875,-2.02122,88.025,66.4315,1.1388,6.71279,113.262,-11.5475,3.79011,57.613,22.8052,57.9426,88.7543,-8.58118,1.77935,
32.356,-14.4748,-8.81842,-24.508,98.7875,-2.02122,88.025,66.4315,1.1388,6.71279,113.262,-11.5475,3.79011,57.613,22.8052,57.9426,88.7543,-8.58118,1.77935,
31.3208,-14.5111,-3.69135,-16.2846,98.9503,-2.00692,88.1223,67.6295,1.78097,9.00915,113.461,-11.5967,2.98908,63.9382,21.321,57.9172,97.1768,-4.28644,0.789169,
31.3208,-14.5111,-3.69135,-16.2846,98.9503,-2.00692,88.1223,67.6295,1.78097,9.00915,113.461,-11.5967,2.98908,63.9382,21.321,57.9172,97.1768,-4.28644,0.789169,
29.9209,-12.1359,-2.76449,-11.2355,98.8284,-2.27162,88.2092,68.9074,2.46633,11.311,110.964,-11.3363,2.56464,66.1429,21.2979,58.8333,99.7287,-2.85149,-0.157571,
29.9209,-12.1359,-2.76449,-11.2355,98.8284,-2.27162,88.2092,68.9074,2.46633,11.311,110.964,-11.3363,2.56464,66.1429,21.2979,58.8333,99.7287,-2.85149,-0.157571,
29.121,-6.19806,1.7835,-1.9861,98.0284,-2.79742,88.9196,68.9074,2.46633,11.311,104.226,-10.6577,5.48651,70.6909,18.7363,59.5596,102.24,-1.12745,-1.48149,
29.121,-6.19806,1.7835,-1.9861,98.0284,-2.79742,88.9196,68.9074,2.46633,11.311,104.226,-10.6577,5.48651,70.6909,18.7363,59.5596,102.24,-1.12745,-1.48149,
24.7569,-6.19806,2.98338,-1.9861,98.0284,-2.79742,88.9196,73.2715,4.03717,13.2821,104.226,-10.6577,5.48651,76.2549,17.8357,62.4479,102.24,-1.12745,-1.48149,
24.7569,-6.19806,2.98338,-1.9861,98.0284,-2.79742,88.9196,73.2715,4.03717,13.2821,104.226,-10.6577,5.48651,76.2549,17.8357,62.4479,102.24,-1.12745,-1.48149,
22.4813,0.460656,3.66365,16.3443,97.6673,-2.65935,87.4816,75.186,2.13421,7.87557,97.2066,-9.22629,1.30307,78.8496,17.4446,62.7789,113.551,8.24274,-9.63436,
22.4813,0.460656,3.66365,16.3443,97.6673,-2.65935,87.4816,75.186,2.13421,7.87557,97.2066,-9.22629,1.30307,78.8496,17.4446,62.7789,113.551,8.24274,-9.63436,
20.7285,8.00927,5.38505,25.8184,98.0505,-2.94753,86.1796,77.3221,3.83897,10.7716,90.0413,-11.1965,-1.57282,82.7071,15.691,62.1814,115.86,9.57107,-10.324,
20.7285,8.00927,5.38505,25.8184,98.0505,-2.94753,86.1796,77.3221,3.83897,10.7716,90.0413,-11.1965,-1.57282,82.7071,15.691,62.1814,115.86,9.57107,-10.324,
21.0162,8.29697,7.0187,27.2809,98.3382,-3.62423,85.6158,77.3221,3.83897,10.7716,90.0413,-11.1965,-1.57282,84.3408,15.1154,62.5564,117.322,9.94075,-10.3921,
21.0162,8.29697,7.0187,27.2809,98.3382,-3.62423,85.6158,77.3221,3.83897,10.7716,90.0413,-11.1965,-1.57282,84.3408,15.1154,62.5564,117.322,9.94075,-10.3921,
13.2313,17.1266,1.24748,32.8054,98.6885,-3.4017,84.7152,85.4572,4.67016,11.4389,81.562,-12.2139,2.84066,86.7047,14.3007,63.0422,114.367,8.72193,-10.344,
13.2313,17.1266,1.24748,32.8054,98.6885,-3.4017,84.7152,85.4572,4.67016,11.4389,81.562,-12.2139,2.84066,86.7047,14.3007,63.0422,114.367,8.72193,-10.344,
11.1216,22.6601,1.1393,32.8688,98.5711,-3.17283,83.9636,87.4495,4.54513,11.5835,75.911,-13.543,5.16873,88.5888,13.9335,63.335,108.78,6.33774,-9.55427,
11.1216,22.6601,1.1393,32.8688,98.5711,-3.17283,83.9636,87.4495,4.54513,11.5835,75.911,-13.543,5.16873,88.5888,13.9335,63.335,108.78,6.33774,-9.55427,
8.89224,24.7446,-0.972914,35.0705,98.4539,-3.04974,83.4172,89.5617,4.42045,11.7505,73.7093,-14.4738,6.19419,88.5888,13.9335,63.335,108.78,6.33774,-9.55427,
8.89224,24.7446,-0.972914,35.0705,98.4539,-3.04974,83.4172,89.5617,4.42045,11.7505,73.7093,-14.4738,6.19419,88.5888,13.9335,63.335,108.78,6.33774,-9.55427,
5.01956,25.6954,-3.21307,28.548,98.4018,-2.92,83.386,93.3822,4.87869,14.1901,72.7063,-15.4065,7.2832,90.1691,13.6934,63.7488,101.254,2.22865,-5.55025,
5.01956,25.6954,-3.21307,28.548,98.4018,-2.92,83.386,93.3822,4.87869,14.1901,72.7063,-15.4065,7.2832,90.1691,13.6934,63.7488,101.254,2.22865,-5.55025,
0.193381,25.4686,-6.20849,18.3035,98.1749,-2.82096,83.5889,97.9815,5.03642,17.7882,72.7063,-15.4065,7.2832,91.773,13.0501,63.3679,91.0098,-2.07082,-0.518236,
0.193381,25.4686,-6.20849,18.3035,98.1749,-2.82096,83.5889,97.9815,5.03642,17.7882,72.7063,-15.4065,7.2832,91.773,13.0501,63.3679,91.0098,-2.07082,-0.518236,
-2.09295,29.726,-6.97617,9.19707,98.6857,-2.24648,84.3136,100.779,5.02112,19.9355,68.9597,-14.2907,15.4281,93.8025,12.2722,62.9228,78.1568,-5.94652,2.69442,
-2.09295,29.726,-6.97617,9.19707,98.6857,-2.24648,84.3136,100.779,5.02112,19.9355,68.9597,-14.2907,15.4281,93.8025,12.2722,62.9228,78.1568,-5.94652,2.69442,
-4.98921,29.1931,-7.44379,-4.80958,99.0207,-2.04896,84.9407,104.01,4.9564,21.8164,69.8276,-12.8892,16.339,96.5661,11.094,62.0717,65.018,-10.9217,4.17463,
-4.98921,29.1931,-7.44379,-4.80958,99.0207,-2.04896,84.9407,104.01,4.9564,21.8164,69.8276,-12.8892,16.339,96.5661,11.094,62.0717,65.018,-10.9217,4.17463,
-9.30972,28.5599,-11.993,-5.6714,99.2493,-2.06626,85.432,108.559,4.92748,23.19,70.6894,-11.791,17.0281,96.5661,11.094,62.0717,65.018,-10.9217,4.17463,
-9.30972,28.5599,-11.993,-5.6714,99.2493,-2.06626,85.432,108.559,4.92748,23.19,70.6894,-11.791,17.0281,96.5661,11.094,62.0717,65.018,-10.9217,4.17463,
-10.3367,28.9104,-11.9044,-5.6714,99.5998,-2.0502,85.8766,109.937,5.02766,22.8584,70.6894,-11.791,17.0281,98.0321,10.3631,61.7607,65.018,-10.9217,4.17463,
-10.3367,28.9104,-11.9044,-5.6714,99.5998,-2.0502,85.8766,109.937,5.02766,22.8584,70.6894,-11.791,17.0281,98.0321,10.3631,61.7607,65.018,-10.9217,4.17463,
-10.4338,30.6615,-7.23137,-21.901,99.8108,-1.99638,86.4106,110.245,5.04654,22.8458,69.1493,-9.26978,19.1513,103.013,8.08027,60.9377,47.2484,-14.9639,10.7498,
-10.4338,30.6615,-7.23137,-21.901,99.8108,-1.99638,86.4106,110.245,5.04654,22.8458,69.1493,-9.26978,19.1513,103.013,8.08027,60.9377,47.2484,-14.9639,10.7498,
-10.9987,37.1892,-5.28042,-15.703,99.4581,-2.25488,87.201,110.457,5.03113,22.6069,62.2689,-6.40697,23.0162,105.176,7.18568,60.5341,46.5659,-15.2734,12.6909,
-10.9987,37.1892,-5.28042,-15.703,99.4581,-2.25488,87.201,110.457,5.03113,22.6069,62.2689,-6.40697,23.0162,105.176,7.18568,60.5341,46.5659,-15.2734,12.6909,
-11.0394,36.9195,-0.0946692,-15.5937,99.0791,-2.76625,87.5282,110.118,4.76257,23.171,62.1596,-5.22487,22.17,110.024,5.237,59.8356,46.5659,-15.2734,12.6909,
-11.0394,36.9195,-0.0946692,-15.5937,99.0791,-2.76625,87.5282,110.118,4.76257,23.171,62.1596,-5.22487,22.17,110.024,5.237,59.8356,46.5659,-15.2734,12.6909,
-6.58406,32.838,9.74001,-19.7486,99.1525,-2.90181,87.4865,105.737,4.06586,22.478,66.3145,-5.3531,22.4273,115.477,2.23469,61.2733,46.5659,-15.2734,12.6909,
-6.58406,32.838,9.74001,-19.7486,99.1525,-2.90181,87.4865,105.737,4.06586,22.478,66.3145,-5.3531,22.4273,115.477,2.23469,61.2733,46.5659,-15.2734,12.6909,
-0.844763,26.8482,20.8919,-11.5675,98.5014,-2.84461,87.2436,99.3462,2.2761,21.227,71.6532,-6.12034,20.1315,120.238,-4.08673,66.2765,60.0857,-14.6076,5.96911,
-0.844763,26.8482,20.8919,-11.5675,98.5014,-2.84461,87.2436,99.3462,2.2761,21.227,71.6532,-6.12034,20.1315,120.238,-4.08673,66.2765,60.0857,-14.6076,5.96911,
-0.933989,26.474,24.238,-9.00541,98.4122,-3.13494,87.9894,99.3462,2.2761,21.227,71.9382,-4.83899,22.046,123.584,-7.82234,68.7413,62.9328,-14.6768,4.37936,
-0.933989,26.474,24.238,-9.00541,98.4122,-3.13494,87.9894,99.3462,2.2761,21.227,71.9382,-4.83899,22.046,123.584,-7.82234,68.7413,62.9328,-14.6768,4.37936,
2.08358,26.7649,26.9646,-9.00541,98.7031,-3.04305,88.1013,96.6196,0.424756,28.2591,71.9382,-4.83899,22.046,123.584,-7.82234,68.7413,62.9328,-14.6768,4.37936,
2.08358,26.7649,26.9646,-9.00541,98.7031,-3.04305,88.1013,96.6196,0.424756,28.2591,71.9382,-4.83899,22.046,123.584,-7.82234,68.7413,62.9328,-14.6768,4.37936,
7.16936,22.6441,37.8893,-6.66711,99.1821,-2.15103,87.4628,92.0128,2.13755,30.0896,76.538,-8.35755,15.5023,129.902,-13.5435,70.2086,69.8709,-14.1294,2.4273,
7.16936,22.6441,37.8893,-6.66711,99.1821,-2.15103,87.4628,92.0128,2.13755,30.0896,76.538,-8.35755,15.5023,129.902,-13.5435,70.2086,69.8709,-14.1294,2.4273,
9.00156,15.8099,38.0197,-9.2862,98.1032,-1.67223,86.4085,89.1016,2.6599,27.165,82.2933,-8.94869,16.0796,127.121,-11.8908,70.0027,73.0071,-13.0547,0.516795,
9.00156,15.8099,38.0197,-9.2862,98.1032,-1.67223,86.4085,89.1016,2.6599,27.165,82.2933,-8.94869,16.0796,127.121,-11.8908,70.0027,73.0071,-13.0547,0.516795,
7.51717,12.1827,35.6459,-10.1292,96.6188,-2.07497,85.8912,89.1016,2.6599,27.165,84.436,-9.0098,15.4831,124.748,-10.5888,69.5535,74.3068,-12.7723,-0.185673,
7.51717,12.1827,35.6459,-10.1292,96.6188,-2.07497,85.8912,89.1016,2.6599,27.165,84.436,-9.0098,15.4831,124.748,-10.5888,69.5535,74.3068,-12.7723,-0.185673,
16.4994,12.2011,38.4699,-10.1292,96.6372,-2.24704,85.5842,80.1377,4.98216,23.2434,84.436,-9.0098,15.4831,118.608,-6.37784,68.5154,74.3068,-12.7723,-0.185673,
16.4994,12.2011,38.4699,-10.1292,96.6372,-2.24704,85.5842,80.1377,4.98216,23.2434,84.436,-9.0098,15.4831,118.608,-6.37784,68.5154,74.3068,-12.7723,-0.185673,
17.3611,5.45282,30.2005,-13.1922,96.7376,-2.3743,86.4426,79.3764,5.92879,23.6964,91.2848,-10.0293,5.50686,109.577,-1.13309,66.8715,78.0926,-11.964,-1.02413,
17.3611,5.45282,30.2005,-13.1922,96.7376,-2.3743,86.4426,79.3764,5.92879,23.6964,91.2848,-10.0293,5.50686,109.577,-1.13309,66.8715,78.0926,-11.964,-1.02413,
17.2802,2.60363,30.6158,-14.6148,96.2414,-2.63521,87.1329,78.9612,6.51561,23.4957,93.6378,-10.3309,4.17246,109.577,-1.13309,66.8715,79.023,-11.4767,-0.80533,
17.2802,2.60363,30.6158,-14.6148,96.2414,-2.63521,87.1329,78.9612,6.51561,23.4957,93.6378,-10.3309,4.17246,109.577,-1.13309,66.8715,79.023,-11.4767,-0.80533,
16.2257,-2.49247,19.3414,-17.6576,95.1869,-3.13565,87.6192,78.9612,6.51561,23.4957,97.6794,-10.2516,2.10837,98.3026,4.01055,66.0398,80.0218,-11.0616,-0.579845,
16.2257,-2.49247,19.3414,-17.6576,95.1869,-3.13565,87.6192,78.9612,6.51561,23.4957,97.6794,-10.2516,2.10837,98.3026,4.01055,66.0398,80.0218,-11.0616,-0.579845,
17.8215,-2.33483,8.83773,-17.6576,95.3446,-3.77374,86.6299,77.5231,5.17912,16.7726,97.6794,-10.2516,2.10837,86.3608,9.85164,67.4597,80.0218,-11.0616,-0.579845,
17.8215,-2.33483,8.83773,-17.6576,95.3446,-3.77374,86.6299,77.5231,5.17912,16.7726,97.6794,-10.2516,2.10837,86.3608,9.85164,67.4597,80.0218,-11.0616,-0.579845,
18.5893,-11.0969,3.04579,-22.4841,96.1065,-4.26056,85.0842,77.5172,5.11464,16.3725,107.203,-10.1484,-3.9829,80.563,13.3674,67.8264,84.7194,-9.13835,0.156762,
18.5893,-11.0969,3.04579,-22.4841,96.1065,-4.26056,85.0842,77.5172,5.11464,16.3725,107.203,-10.1484,-3.9829,80.563,13.3674,67.8264,84.7194,-9.13835,0.156762,
18.6669,-11.8776,-2.74807,-22.1737,96.3357,-4.39624,84.5827,77.6688,5.46198,16.5179,108.213,-10.2893,-4.02397,74.9208,16.9844,67.1574,86.0397,-8.47546,0.0505962,
18.6669,-11.8776,-2.74807,-22.1737,96.3357,-4.39624,84.5827,77.6688,5.46198,16.5179,108.213,-10.2893,-4.02397,74.9208,16.9844,67.1574,86.0397,-8.47546,0.0505962,
21.1102,-11.6878,-12.0704,-21.6018,97.3383,-4.05069,83.5912,76.2281,5.7782,15.5976,109.026,-10.3859,-4.27516,64.1577,22.2221,62.2501,87.4242,-7.90058,-0.202441,
21.1102,-11.6878,-12.0704,-21.6018,97.3383,-4.05069,83.5912,76.2281,5.7782,15.5976,109.026,-10.3859,-4.27516,64.1577,22.2221,62.2501,87.4242,-7.90058,-0.202441,
27.0109,-11.4646,-12.804,-21.6018,97.5615,-3.80299,82.9919,70.5506,6.29029,12.4287,109.026,-10.3859,-4.27516,57.7466,24.1683,57.823,87.4242,-7.90058,-0.202441,
27.0109,-11.4646,-12.804,-21.6018,97.5615,-3.80299,82.9919,70.5506,6.29029,12.4287,109.026,-10.3859,-4.27516,57.7466,24.1683,57.823,87.4242,-7.90058,-0.202441,
28.8769,-11.494,-8.91899,-18.4826,97.5321,-3.58706,82.8858,68.6552,6.17285,10.4869,109.026,-10.3859,-4.27516,59.7362,23.7248,58.1075,90.5435,-6.46667,-0.29606,
28.8769,-11.494,-8.91899,-18.4826,97.5321,-3.58706,82.8858,68.6552,6.17285,10.4869,109.026,-10.3859,-4.27516,59.7362,23.7248,58.1075,90.5435,-6.46667,-0.29606,
28.9108,-11.9673,1.12698,-12.1553,97.4066,-3.47895,82.7166,68.4958,6.03172,10.6784,109.374,-9.81957,-8.95983,69.6228,22.9149,61.7942,97.2185,-3.30192,-1.05754,
28.9108,-11.9673,1.12698,-12.1553,97.4066,-3.47895,82.7166,68.4958,6.03172,10.6784,109.374,-9.81957,-8.95983,69.6228,22.9149,61.7942,97.2185,-3.30192,-1.05754,
25.4235,-8.3983,-2.40099,-6.1815,97.4472,-3.60397,82.3881,72.0238,6.02956,12.9312,105.846,-9.49726,-7.83824,69.6228,22.9149,61.7942,99.664,-1.96844,-2.04959,
25.4235,-8.3983,-2.40099,-6.1815,97.4472,-3.60397,82.3881,72.0238,6.02956,12.9312,105.846,-9.49726,-7.83824,69.6228,22.9149,61.7942,99.664,-1.96844,-2.04959,
22.626,-8.72679,-0.840049,-1.74352,97.1187,-3.91009,83.3335,74.4928,2.99402,5.55193,105.846,-9.49726,-7.83824,73.6527,20.3013,60.1686,104.102,1.76913,-5.7589,
22.626,-8.72679,-0.840049,-1.74352,97.1187,-3.91009,83.3335,74.4928,2.99402,5.55193,105.846,-9.49726,-7.83824,73.6527,20.3013,60.1686,104.102,1.76913,-5.7589,
20.8328,1.64848,3.89515,14.5336,96.7362,-4.17746,84.0688,75.9035,1.60564,4.36351,95.0877,-7.08256,-12.4739,79.7986,18.8957,62.554,109.621,6.76707,-10.9841,
20.8328,1.64848,3.89515,14.5336,96.7362,-4.17746,84.0688,75.9035,1.60564,4.36351,95.0877,-7.08256,-12.4739,79.7986,18.8957,62.554,109.621,6.76707,-10.9841,
20.6553,2.69579,8.65752,21.6079,96.5587,-4.50542,83.0726,75.9035,1.60564,4.36351,93.8629,-7.43145,-17.3187,84.561,17.2255,62.5197,115.471,11.2432,-14.3011,
20.6553,2.69579,8.65752,21.6079,96.5587,-4.50542,83.0726,75.9035,1.60564,4.36351,93.8629,-7.43145,-17.3187,84.561,17.2255,62.5197,115.471,11.2432,-14.3011,
20.8383,4.72935,8.65752,23.4584,96.7417,-4.56987,82.5585,75.9035,1.60564,4.36351,92.0124,-8.11788,-19.3271,84.561,17.2255,62.5197,115.471,11.2432,-14.3011,
20.8383,4.72935,8.65752,23.4584,96.7417,-4.56987,82.5585,75.9035,1.60564,4.36351,92.0124,-8.11788,-19.3271,84.561,17.2255,62.5197,115.471,11.2432,-14.3011,
11.7082,5.89868,3.19811,22.827,97.9111,-5.02492,82.0614,86.2029,4.93225,10.6894,92.0124,-8.11788,-19.3271,89.401,14.2852,62.3823,114.839,11.0104,-15.6238,
11.7082,5.89868,3.19811,22.827,97.9111,-5.02492,82.0614,86.2029,4.93225,10.6894,92.0124,-8.11788,-19.3271,89.401,14.2852,62.3823,114.839,11.0104,-15.6238,
8.65385,19.1731,1.83939,33.9347,97.2028,-5.31504,82.6754,88.549,4.9476,11.4614,78.0297,-9.37969,-10.7516,90.3884,13.9063,62.1173,111.964,9.89916,-14.594,
8.65385,19.1731,1.83939,33.9347,97.2028,-5.31504,82.6754,88.549,4.9476,11.4614,78.0297,-9.37969,-10.7516,90.3884,13.9063,62.1173,111.964,9.89916,-14.594,
8.30965,23.6238,3.27991,32.4242,96.8586,-5.4687,82.8852,88.549,4.9476,11.4614,73.2348,-10.6498,-8.4271,91.8289,13.6452,61.4783,105.659,7.22946,-11.9901,
8.30965,23.6238,3.27991,32.4242,96.8586,-5.4687,82.8852,88.549,4.9476,11.4614,73.2348,-10.6498,-8.4271,91.8289,13.6452,61.4783,105.659,7.22946,-11.9901,
4.1752,24.1192,-1.34998,32.4242,97.3541,-4.98283,81.9046,93.1789,4.88465,11.9782,73.2348,-10.6498,-8.4271,91.8289,13.6452,61.4783,105.659,7.22946,-11.9901,
4.1752,24.1192,-1.34998,32.4242,97.3541,-4.98283,81.9046,93.1789,4.88465,11.9782,73.2348,-10.6498,-8.4271,91.8289,13.6452,61.4783,105.659,7.22946,-11.9901,
-3.60663,25.0715,-7.16144,13.5322,96.9682,-4.42238,81.7929,100.575,5.12715,15.7409,71.8967,-12.0881,-7.41975,93.4134,13.0311,60.0904,85.4289,-0.317995,-3.60931,
-3.60663,25.0715,-7.16144,13.5322,96.9682,-4.42238,81.7929,100.575,5.12715,15.7409,71.8967,-12.0881,-7.41975,93.4134,13.0311,60.0904,85.4289,-0.317995,-3.60931,
-3.93477,27.0667,-6.4637,15.8555,96.6401,-4.23144,82.5478,100.575,5.12715,15.7409,69.5734,-11.4012,-2.78154,94.1112,12.788,59.7436,85.4289,-0.317995,-3.60931,
-3.93477,27.0667,-6.4637,15.8555,96.6401,-4.23144,82.5478,100.575,5.12715,15.7409,69.5734,-11.4012,-2.78154,94.1112,12.788,59.7436,85.4289,-0.317995,-3.60931,
-6.83183,27.1617,-8.34708,2.79612,96.4109,-4.19377,83.0967,103.243,4.89579,17.753,69.2493,-10.4182,-0.511301,94.8957,12.5648,59.7712,72.0454,-4.51734,-0.395449,
-6.83183,27.1617,-8.34708,2.79612,96.4109,-4.19377,83.0967,103.243,4.89579,17.753,69.2493,-10.4182,-0.511301,94.8957,12.5648,59.7712,72.0454,-4.51734,-0.395449,
-15.5321,27.3936,-17.2173,1.89594,97.5431,-3.69312,83.6724,113.075,4.26703,22.3424,70.1495,-8.94255,1.07367,95.8578,12.2922,59.9735,72.0454,-4.51734,-0.395449,
-15.5321,27.3936,-17.2173,1.89594,97.5431,-3.69312,83.6724,113.075,4.26703,22.3424,70.1495,-8.94255,1.07367,95.8578,12.2922,59.9735,72.0454,-4.51734,-0.395449,
-14.2714,26.3183,-13.3917,-14.5169,99.1624,-2.90468,84.2752,113.434,4.23879,22.6307,72.8441,-6.68934,3.71351,100.042,10.1862,60.4822,58.3272,-9.68955,2.65843,
-14.2714,26.3183,-13.3917,-14.5169,99.1624,-2.90468,84.2752,113.434,4.23879,22.6307,72.8441,-6.68934,3.71351,100.042,10.1862,60.4822,58.3272,-9.68955,2.65843,
-14.1648,28.4373,-9.98934,-29.953,99.5326,-3.09732,85.3811,113.697,4.20739,23.3017,71.0953,-3.62836,7.21702,103.708,8.38081,60.6849,41.1422,-12.2254,10.5065,
-14.1648,28.4373,-9.98934,-29.953,99.5326,-3.09732,85.3811,113.697,4.20739,23.3017,71.0953,-3.62836,7.21702,103.708,8.38081,60.6849,41.1422,-12.2254,10.5065,
-13.2713,35.8633,-7.75816,-25.9373,100.426,-3.23101,86.4111,113.697,4.20739,23.3017,64.5629,-0.925563,9.98452,105.939,7.34838,60.535,38.6256,-12.5726,11.6059,
-13.2713,35.8633,-7.75816,-25.9373,100.426,-3.23101,86.4111,113.697,4.20739,23.3017,64.5629,-0.925563,9.98452,105.939,7.34838,60.535,38.6256,-12.5726,11.6059,
-11.8923,36.1775,-6.69342,-25.9373,100.74,-3.50043,87.3943,112.633,3.69341,24.7733,64.5629,-0.925563,9.98452,105.939,7.34838,60.535,38.6256,-12.5726,11.6059,
-11.8923,36.1775,-6.69342,-25.9373,100.74,-3.50043,87.3943,112.633,3.69341,24.7733,64.5629,-0.925563,9.98452,105.939,7.34838,60.535,38.6256,-12.5726,11.6059,
-12.0143,36.0555,-1.66517,-19.4594,100.618,-3.6393,87.7689,112.633,3.69341,24.7733,64.5629,-0.925563,9.98452,110.968,5.19395,59.8269,45.1035,-14.3256,8.87348,
-12.0143,36.0555,-1.66517,-19.4594,100.618,-3.6393,87.7689,112.633,3.69341,24.7733,64.5629,-0.925563,9.98452,110.968,5.19395,59.8269,45.1035,-14.3256,8.87348,
-5.28376,29.7958,13.1149,-16.4187,100.112,-4.04473,88.6125,105.396,2.4453,23.0483,70.3163,-3.74658,0.233702,118.511,-0.164502,62.5656,53.8976,-13.1722,4.66105,
-5.28376,29.7958,13.1149,-16.4187,100.112,-4.04473,88.6125,105.396,2.4453,23.0483,70.3163,-3.74658,0.233702,118.511,-0.164502,62.5656,53.8976,-13.1722,4.66105,
-5.02821,28.9547,15.4274,-14.1466,100.368,-4.29176,88.886,105.396,2.4453,23.0483,71.4129,-2.254,3.10347,120.823,-3.84614,65.508,57.2663,-12.7982,3.00677,
-5.02821,28.9547,15.4274,-14.1466,100.368,-4.29176,88.886,105.396,2.4453,23.0483,71.4129,-2.254,3.10347,120.823,-3.84614,65.508,57.2663,-12.7982,3.00677,
1.07267,29.3059,27.9689,-14.1466,100.719,-3.5876,87.1386,99.6461,0.549285,23.4997,71.4129,-2.254,3.10347,127.615,-11.1468,70.1804,57.2663,-12.7982,3.00677,
1.07267,29.3059,27.9689,-14.1466,100.719,-3.5876,87.1386,99.6461,0.549285,23.4997,71.4129,-2.254,3.10347,127.615,-11.1468,70.1804,57.2663,-12.7982,3.00677,
4.67401,25.2442,36.0792,-6.22242,99.5235,-3.70198,86.8969,94.8495,0.21308,32.2332,74.2793,-2.6374,1.66933,130.929,-14.3968,71.0118,68.0569,-11.9959,-0.864799,
4.67401,25.2442,36.0792,-6.22242,99.5235,-3.70198,86.8969,94.8495,0.21308,32.2332,74.2793,-2.6374,1.66933,130.929,-14.3968,71.0118,68.0569,-11.9959,-0.864799,
6.98138,20.5527,36.8568,-9.939,100.405,-4.03317,87.414,93.4234,1.05026,31.1046,79.8521,-6.34976,-2.51671,130.28,-14.0421,71.8102,69.9131,-11.4949,-1.5576,
6.98138,20.5527,36.8568,-9.939,100.405,-4.03317,87.414,93.4234,1.05026,31.1046,79.8521,-6.34976,-2.51671,130.28,-14.0421,71.8102,69.9131,-11.4949,-1.5576,
8.55153,20.354,35.1547,-10.1374,101.975,-3.54285,87.2736,93.4234,1.05026,31.1046,81.6209,-6.0711,-2.02922,128.578,-12.9597,72.4219,71.4836,-10.7267,-1.96016,
8.55153,20.354,35.1547,-10.1374,101.975,-3.54285,87.2736,93.4234,1.05026,31.1046,81.6209,-6.0711,-2.02922,128.578,-12.9597,72.4219,71.4836,-10.7267,-1.96016,
12.8891,19.6294,35.1526,-7.4578,101.25,-2.99578,86.6914,88.3612,2.24024,27.9645,81.6209,-6.0711,-2.02922,123.514,-9.42652,73.3843,74.1631,-9.35682,-1.4861,
12.8891,19.6294,35.1526,-7.4578,101.25,-2.99578,86.6914,88.3612,2.24024,27.9645,81.6209,-6.0711,-2.02922,123.514,-9.42652,73.3843,74.1631,-9.35682,-1.4861,
17.3738,9.23521,34.7825,-13.695,99.2611,-3.15978,87.0405,81.8873,4.98783,27.405,90.0259,-6.20713,9.30709,116.67,-3.38747,72.1252,76.3309,-8.29446,-0.348164,
17.3738,9.23521,34.7825,-13.695,99.2611,-3.15978,87.0405,81.8873,4.98783,27.405,90.0259,-6.20713,9.30709,116.67,-3.38747,72.1252,76.3309,-8.29446,-0.348164,
18.6681,3.66326,26.8671,-17.6653,98.7805,-3.66489,85.2446,80.1124,6.03386,27.7098,95.1173,-6.72299,6.99781,106.98,2.85455,70.8112,77.452,-7.78465,-0.265209,
18.6681,3.66326,26.8671,-17.6653,98.7805,-3.66489,85.2446,80.1124,6.03386,27.7098,95.1173,-6.72299,6.99781,106.98,2.85455,70.8112,77.452,-7.78465,-0.265209,
19.1132,4.10841,26.8671,-16.641,99.2257,-3.69207,85.0434,80.1124,6.03386,27.7098,95.1173,-6.72299,6.99781,106.98,2.85455,70.8112,78.4762,-7.17956,-0.111257,
19.1132,4.10841,26.8671,-16.641,99.2257,-3.69207,85.0434,80.1124,6.03386,27.7098,95.1173,-6.72299,6.99781,106.98,2.85455,70.8112,78.4762,-7.17956,-0.111257,
18.3696,2.47967,22.085,-16.641,97.5969,-4.18374,86.6207,79.2273,6.96724,27.1815,95.1173,-6.72299,6.99781,101.312,5.64025,70.8102,78.4762,-7.17956,-0.111257,
18.3696,2.47967,22.085,-16.641,97.5969,-4.18374,86.6207,79.2273,6.96724,27.1815,95.1173,-6.72299,6.99781,101.312,5.64025,70.8102,78.4762,-7.17956,-0.111257,
16.9568,-3.32312,3.09711,-17.9781,96.8737,-4.61334,86.958,79.9169,5.73473,22.4439,100.197,-6.38946,4.10391,83.014,15.0026,72.7388,82.2187,-5.74519,-0.901617,
16.9568,-3.32312,3.09711,-17.9781,96.8737,-4.61334,86.958,79.9169,5.73473,22.4439,100.197,-6.38946,4.10391,83.014,15.0026,72.7388,82.2187,-5.74519,-0.901617,
16.8211,-9.46259,-3.04961,-23.9819,96.738,-4.82076,86.9603,79.9169,5.73473,22.4439,106.201,-5.44849,-1.06859,76.8673,18.7407,72.5723,82.2187,-5.74519,-0.901617,
16.8211,-9.46259,-3.04961,-23.9819,96.738,-4.82076,86.9603,79.9169,5.73473,22.4439,106.201,-5.44849,-1.06859,76.8673,18.7407,72.5723,82.2187,-5.74519,-0.901617,
16.6713,-13.6531,-9.56037,-26.4125,96.9579,-5.3003,86.1898,80.2865,6.16725,21.4371,110.611,-5.29884,-2.2729,70.7262,22.2029,70.9181,84.1984,-4.73482,-1.58967,
16.6713,-13.6531,-9.56037,-26.4125,96.9579,-5.3003,86.1898,80.2865,6.16725,21.4371,110.611,-5.29884,-2.2729,70.7262,22.2029,70.9181,84.1984,-4.73482,-1.58967,
26.7072,-13.8276,-14.003,-22.583,97.1981,-5.30652,85.9348,70.4909,5.25315,14.2183,111.026,-5.74941,-1.38492,56.4879,25.4165,60.877,88.4427,-2.50158,-2.29389,
26.7072,-13.8276,-14.003,-22.583,97.1981,-5.30652,85.9348,70.4909,5.25315,14.2183,111.026,-5.74941,-1.38492,56.4879,25.4165,60.877,88.4427,-2.50158,-2.29389,
28.5685,-14.1902,-7.21336,-18.8148,97.4483,-5.27233,85.6474,68.8799,4.07085,11.4148,111.639,-5.5805,-2.26945,61.6665,23.9444,61.4428,92.8238,-0.0678268,-2.20328,
28.5685,-14.1902,-7.21336,-18.8148,97.4483,-5.27233,85.6474,68.8799,4.07085,11.4148,111.639,-5.5805,-2.26945,61.6665,23.9444,61.4428,92.8238,-0.0678268,-2.20328,
29.1236,-12.3655,-4.02244,-15.1308,98.0034,-5.05281,85.7054,68.8799,4.07085,11.4148,110.369,-5.35789,-3.36746,64.8574,23.8122,62.8323,95.2382,1.31117,-2.4698,
29.1236,-12.3655,-4.02244,-15.1308,98.0034,-5.05281,85.7054,68.8799,4.07085,11.4148,110.369,-5.35789,-3.36746,64.8574,23.8122,62.8323,95.2382,1.31117,-2.4698,
26.8283,-11.9555,-6.72773,-15.1308,98.4134,-4.77509,85.4406,71.5852,3.27643,14.0877,110.369,-5.35789,-3.36746,64.8574,23.8122,62.8323,95.2382,1.31117,-2.4698,
26.8283,-11.9555,-6.72773,-15.1308,98.4134,-4.77509,85.4406,71.5852,3.27643,14.0877,110.369,-5.35789,-3.36746,64.8574,23.8122,62.8323,95.2382,1.31117,-2.4698,
22.909,-11.5157,-5.87668,-15.1308,98.8533,-4.40514,85.1396,75.9442,3.60306,15.4271,110.369,-5.35789,-3.36746,70.0675,22.3102,64.5511,95.2382,1.31117,-2.4698,
22.909,-11.5157,-5.87668,-15.1308,98.8533,-4.40514,85.1396,75.9442,3.60306,15.4271,110.369,-5.35789,-3.36746,70.0675,22.3102,64.5511,95.2382,1.31117,-2.4698,
23.5258,2.31501,4.81219,3.22754,99.2193,-4.06954,84.9836,75.6935,2.3952,10.486,96.9043,-3.44868,-1.87153,80.5057,19.8655,69.1006,100.132,4.68796,-4.94039,
23.5258,2.31501,4.81219,3.22754,99.2193,-4.06954,84.9836,75.6935,2.3952,10.486,96.9043,-3.44868,-1.87153,80.5057,19.8655,69.1006,100.132,4.68796,-4.94039,
23.2757,4.95903,7.23425,16.6195,98.9693,-4.40198,86.0723,75.6935,2.3952,10.486,94.0102,-3.94687,-10.8625,82.9278,18.8581,68.888,110.63,14.5324,-14.8779,
23.2757,4.95903,7.23425,16.6195,98.9693,-4.40198,86.0723,75.6935,2.3952,10.486,94.0102,-3.94687,-10.8625,82.9278,18.8581,68.888,110.63,14.5324,-14.8779,
14.6659,3.33054,0.252923,16.6195,97.3408,-5.07961,86.7148,82.6749,6.22414,16.0572,94.0102,-3.94687,-10.8625,82.9278,18.8581,68.888,110.63,14.5324,-14.8779,
14.6659,3.33054,0.252923,16.6195,97.3408,-5.07961,86.7148,82.6749,6.22414,16.0572,94.0102,-3.94687,-10.8625,82.9278,18.8581,68.888,110.63,14.5324,-14.8779,
10.3494,8.11148,2.11649,21.9457,97.6401,-5.12512,85.1044,87.2907,5.45506,15.5138,89.5287,-5.57467,-9.94787,89.4072,16.3936,69.9937,111.474,13.9721,-14.4423,
10.3494,8.11148,2.11649,21.9457,97.6401,-5.12512,85.1044,87.2907,5.45506,15.5138,89.5287,-5.57467,-9.94787,89.4072,16.3936,69.9937,111.474,13.9721,-14.4423,
8.94936,18.4212,0.773603,29.8601,98.4677,-5.60472,83.9228,89.5183,5.54456,15.7657,80.0464,-8.20614,-2.83913,90.2919,16.0335,70.1173,109.907,12.625,-12.7362,
8.94936,18.4212,0.773603,29.8601,98.4677,-5.60472,83.9228,89.5183,5.54456,15.7657,80.0464,-8.20614,-2.83913,90.2919,16.0335,70.1173,109.907,12.625,-12.7362,
8.39758,20.3744,1.56173,30.0257,97.9159,-5.81396,83.9122,89.5183,5.54456,15.7657,77.5415,-9.34666,-1.26731,91.08,15.7361,70.5132,107.567,10.7782,-10.5134,
8.39758,20.3744,1.56173,30.0257,97.9159,-5.81396,83.9122,89.5183,5.54456,15.7657,77.5415,-9.34666,-1.26731,91.08,15.7361,70.5132,107.567,10.7782,-10.5134,
3.91696,20.2376,-2.05778,30.0257,97.7791,-5.78318,83.7788,93.8621,5.56354,15.3988,77.5415,-9.34666,-1.26731,91.8043,15.5022,71.0934,107.567,10.7782,-10.5134,
3.91696,20.2376,-2.05778,30.0257,97.7791,-5.78318,83.7788,93.8621,5.56354,15.3988,77.5415,-9.34666,-1.26731,91.8043,15.5022,71.0934,107.567,10.7782,-10.5134,
-1.3226,26.6905,-5.55005,18.5667,98.1725,-5.67977,82.6714,99.4951,5.97356,17.9797,71.4819,-12.3805,7.34088,93.945,14.8054,72.1093,90.0486,2.49983,2.00622,
-1.3226,26.6905,-5.55005,18.5667,98.1725,-5.67977,82.6714,99.4951,5.97356,17.9797,71.4819,-12.3805,7.34088,93.945,14.8054,72.1093,90.0486,2.49983,2.00622,
-3.58811,27.5713,-7.02425,13.1202,98.197,-5.79064,82.1753,101.785,5.78878,20.1812,70.6257,-11.9784,10.0577,94.7608,14.501,72.1994,83.7459,0.85966,4.37031,
-3.58811,27.5713,-7.02425,13.1202,98.197,-5.79064,82.1753,101.785,5.78878,20.1812,70.6257,-11.9784,10.0577,94.7608,14.501,72.1994,83.7459,0.85966,4.37031,
-3.57784,27.9126,-6.14324,6.68628,98.2072,-5.80832,82.4212,101.785,5.78878,20.1812,70.2947,-11.1729,12.5627,95.6418,14.0742,72.0796,76.9809,-0.919965,5.71344,
-3.57784,27.9126,-6.14324,6.68628,98.2072,-5.80832,82.4212,101.785,5.78878,20.1812,70.2947,-11.1729,12.5627,95.6418,14.0742,72.0796,76.9809,-0.919965,5.71344,
-15.089,27.6666,-16.4415,6.68628,97.9612,-5.323,83.7188,113.05,4.54159,28.5568,70.2947,-11.1729,12.5627,96.6087,13.5497,71.6851,76.9809,-0.919965,5.71344,
-15.089,27.6666,-16.4415,6.68628,97.9612,-5.323,83.7188,113.05,4.54159,28.5568,70.2947,-11.1729,12.5627,96.6087,13.5497,71.6851,76.9809,-0.919965,5.71344,
-14.7338,30.4174,-13.2375,-17.7223,99.0762,-4.90004,85.063,113.81,4.88184,28.1201,68.6588,-5.51321,20.628,100.573,11.3653,69.8773,50.9365,-12.4926,9.89435,
-14.7338,30.4174,-13.2375,-17.7223,99.0762,-4.90004,85.063,113.81,4.88184,28.1201,68.6588,-5.51321,20.628,100.573,11.3653,69.8773,50.9365,-12.4926,9.89435,
-14.8677,33.0075,-13.6972,-15.458,99.402,-4.87005,85.9596,114.27,4.86584,28.4173,66.3946,-4.3716,21.4143,100.573,11.3653,69.8773,50.9365,-12.4926,9.89435,
-14.8677,33.0075,-13.6972,-15.458,99.402,-4.87005,85.9596,114.27,4.86584,28.4173,66.3946,-4.3716,21.4143,100.573,11.3653,69.8773,50.9365,-12.4926,9.89435,
-15.6957,36.587,-11.2692,-20.9178,99.5936,-4.94304,87.3852,115.289,4.59325,29.6495,63.0066,-4.45682,21.132,104.02,9.61071,68.8177,42.0888,-16.1522,12.9441,
-15.6957,36.587,-11.2692,-20.9178,99.5936,-4.94304,87.3852,115.289,4.59325,29.6495,63.0066,-4.45682,21.132,104.02,9.61071,68.8177,42.0888,-16.1522,12.9441,
-13.6758,37.227,-7.84171,-20.9178,100.234,-4.87286,88.6765,113.909,4.41857,30.0485,63.0066,-4.45682,21.132,106.068,8.6524,68.3066,42.0888,-16.1522,12.9441,
-13.6758,37.227,-7.84171,-20.9178,100.234,-4.87286,88.6765,113.909,4.41857,30.0485,63.0066,-4.45682,21.132,106.068,8.6524,68.3066,42.0888,-16.1522,12.9441,
-6.84862,40.996,3.57198,-7.33898,100.304,-5.24296,90.6583,107.152,3.24377,28.5766,59.3078,-5.19101,20.9628,110.724,6.50079,67.6556,51.9688,-18.0739,9.05681,
-6.84862,40.996,3.57198,-7.33898,100.304,-5.24296,90.6583,107.152,3.24377,28.5766,59.3078,-5.19101,20.9628,110.724,6.50079,67.6556,51.9688,-18.0739,9.05681,
-6.98319,31.6892,10.8401,-14.0313,100.169,-5.74845,91.872,107.152,3.24377,28.5766,68.4801,-9.38184,15.3797,117.993,0.136347,71.1792,54.4487,-16.1865,8.8473,
-6.98319,31.6892,10.8401,-14.0313,100.169,-5.74845,91.872,107.152,3.24377,28.5766,68.4801,-9.38184,15.3797,117.993,0.136347,71.1792,54.4487,-16.1865,8.8473,
-0.365703,31.0127,17.147,-11.513,100.48,-5.78654,92.2301,100.846,0.738177,28.3129,69.4672,-6.95396,16.9964,117.993,0.136347,71.1792,57.9542,-13.7687,8.13114,
-0.365703,31.0127,17.147,-11.513,100.48,-5.78654,92.2301,100.846,0.738177,28.3129,69.4672,-6.95396,16.9964,117.993,0.136347,71.1792,57.9542,-13.7687,8.13114,
2.66532,31.3539,26.163,-11.513,100.821,-5.56873,91.8639,98.1557,-1.44997,37.4109,69.4672,-6.95396,16.9964,124.319,-7.28011,76.4927,57.9542,-13.7687,8.13114,
2.66532,31.3539,26.163,-11.513,100.821,-5.56873,91.8639,98.1557,-1.44997,37.4109,69.4672,-6.95396,16.9964,124.319,-7.28011,76.4927,57.9542,-13.7687,8.13114,
4.0443,27.4036,33.5207,-6.15484,100.406,-5.24749,91.4782,96.3614,-1.28114,40.612,73.0021,-7.8421,18.8217,129.882,-11.8033,77.1518,66.8472,-12.1326,5.78054,
4.0443,27.4036,33.5207,-6.15484,100.406,-5.24749,91.4782,96.3614,-1.28114,40.612,73.0021,-7.8421,18.8217,129.882,-11.8033,77.1518,66.8472,-12.1326,5.78054,
4.13258,22.738,34.4774,-3.73111,99.4856,-5.693,92.8958,95.353,0.227376,39.9132,76.7476,-10.003,16.5753,129.83,-11.7504,76.2824,73.0165,-9.86388,4.51255,
4.13258,22.738,34.4774,-3.73111,99.4856,-5.693,92.8958,95.353,0.227376,39.9132,76.7476,-10.003,16.5753,129.83,-11.7504,76.2824,73.0165,-9.86388,4.51255,
12.3014,23.1632,42.2209,-3.73111,99.9108,-4.80179,93.0735,87.6094,1.7909,31.7299,76.7476,-10.003,16.5753,129.83,-11.7504,76.2824,73.0165,-9.86388,4.51255,
12.3014,23.1632,42.2209,-3.73111,99.9108,-4.80179,93.0735,87.6094,1.7909,31.7299,76.7476,-10.003,16.5753,129.83,-11.7504,76.2824,73.0165,-9.86388,4.51255,
13.5184,15.1377,39.7008,-8.25853,98.9493,-4.40094,92.0179,85.4309,2.48599,30.8994,83.8116,-9.7048,15.6494,125.132,-8.80679,75.9773,75.5531,-8.88973,4.14816,
13.5184,15.1377,39.7008,-8.25853,98.9493,-4.40094,92.0179,85.4309,2.48599,30.8994,83.8116,-9.7048,15.6494,125.132,-8.80679,75.9773,75.5531,-8.88973,4.14816,
15.4565,14.0439,36.0245,-6.17422,97.8555,-5.01299,90.3777,82.399,4.20887,30.4044,83.8116,-9.7048,15.6494,118.424,-4.81519,74.389,77.6374,-8.08583,5.21062,
15.4565,14.0439,36.0245,-6.17422,97.8555,-5.01299,90.3777,82.399,4.20887,30.4044,83.8116,-9.7048,15.6494,118.424,-4.81519,74.389,77.6374,-8.08583,5.21062,
15.398,11.6313,26.5,-7.86069,97.797,-5.20435,90.5197,82.399,4.20887,30.4044,86.1657,-9.86284,14.9844,108.899,-0.11392,72.2853,78.305,-8.08068,4.88066,
15.398,11.6313,26.5,-7.86069,97.797,-5.20435,90.5197,82.399,4.20887,30.4044,86.1657,-9.86284,14.9844,108.899,-0.11392,72.2853,78.305,-8.08068,4.88066,
15.1768,11.4101,26.5,-7.86069,97.5758,-5.27479,90.594,82.399,4.20887,30.4044,86.1657,-9.86284,14.9844,108.899,-0.11392,72.2853,78.305,-8.08068,4.88066,
15.1768,11.4101,26.5,-7.86069,97.5758,-5.27479,90.594,82.399,4.20887,30.4044,86.1657,-9.86284,14.9844,108.899,-0.11392,72.2853,78.305,-8.08068,4.88066,
15.8378,5.11153,4.57765,-11.5063,96.1616,-5.5914,90.6098,80.3238,5.39389,24.9718,91.0501,-10.1567,13.1018,84.9014,10.6467,70.11,79.5439,-7.69358,4.87587,
15.8378,5.11153,4.57765,-11.5063,96.1616,-5.5914,90.6098,80.3238,5.39389,24.9718,91.0501,-10.1567,13.1018,84.9014,10.6467,70.11,79.5439,-7.69358,4.87587,
15.836,-0.205259,-1.11781,-13.6239,95.524,-5.9328,90.4241,79.688,4.25959,20.966,95.7292,-10.1108,11.3738,78.5702,13.9263,69.1302,82.1054,-7.03028,3.7372,
15.836,-0.205259,-1.11781,-13.6239,95.524,-5.9328,90.4241,79.688,4.25959,20.966,95.7292,-10.1108,11.3738,78.5702,13.9263,69.1302,82.1054,-7.03028,3.7372,
15.9485,-10.438,-7.40198,-22.699,95.6366,-6.58895,89.4522,79.688,4.25959,20.966,106.075,-9.78822,2.24328,72.286,17.023,66.9728,83.3755,-6.70061,3.37203,
15.9485,-10.438,-7.40198,-22.699,95.6366,-6.58895,89.4522,79.688,4.25959,20.966,106.075,-9.78822,2.24328,72.286,17.023,66.9728,83.3755,-6.70061,3.37203,
16.3175,-10.069,-13.5125,-22.699,96.0055,-7.03342,88.5006,79.688,4.25959,20.966,106.075,-9.78822,2.24328,66.1755,19.4588,64.11,83.3755,-6.70061,3.37203,
16.3175,-10.069,-13.5125,-22.699,96.0055,-7.03342,88.5006,79.688,4.25959,20.966,106.075,-9.78822,2.24328,66.1755,19.4588,64.11,83.3755,-6.70061,3.37203,
23.9336,-10.7375,-18.8083,-20.0156,97.2159,-7.23095,86.743,73.2823,3.15298,16.1142,107.953,-10.2774,1.21218,54.474,22.9368,58.6195,87.9377,-4.83591,2.10986,
23.9336,-10.7375,-18.8083,-20.0156,97.2159,-7.23095,86.743,73.2823,3.15298,16.1142,107.953,-10.2774,1.21218,54.474,22.9368,58.6195,87.9377,-4.83591,2.10986,
27.7319,-10.5191,-15.2284,-18.0758,97.4343,-7.20341,86.3971,69.7024,3.00974,13.3952,107.953,-10.2774,1.21218,54.474,22.9368,58.6195,89.8776,-3.89869,1.85537,
27.7319,-10.5191,-15.2284,-18.0758,97.4343,-7.20341,86.3971,69.7024,3.00974,13.3952,107.953,-10.2774,1.21218,54.474,22.9368,58.6195,89.8776,-3.89869,1.85537,
28.5319,-11.5692,-8.28895,-15.4995,98.2342,-6.94102,85.4128,69.7024,3.00974,13.3952,109.803,-9.92445,-1.19403,61.4134,23.2984,62.5175,94.3039,-1.73233,1.45866,
28.5319,-11.5692,-8.28895,-15.4995,98.2342,-6.94102,85.4128,69.7024,3.00974,13.3952,109.803,-9.92445,-1.19403,61.4134,23.2984,62.5175,94.3039,-1.73233,1.45866,
22.8785,-6.17532,-12.1038,-11.2025,99.331,-6.26409,83.646,76.4525,3.09049,17.8577,105.506,-9.00476,-1.36591,64.3487,23.504,64.5019,94.3039,-1.73233,1.45866,
22.8785,-6.17532,-12.1038,-11.2025,99.331,-6.26409,83.646,76.4525,3.09049,17.8577,105.506,-9.00476,-1.36591,64.3487,23.504,64.5019,94.3039,-1.73233,1.45866,
23.9472,1.43633,-4.06653,5.07159,99.8255,-5.7776,82.8397,75.8783,2.94525,17.2508,98.3892,-7.73695,1.19676,71.8118,20.7819,66.3842,103.461,4.65536,-3.99571,
23.9472,1.43633,-4.06653,5.07159,99.8255,-5.7776,82.8397,75.8783,2.94525,17.2508,98.3892,-7.73695,1.19676,71.8118,20.7819,66.3842,103.461,4.65536,-3.99571,
24.9368,4.02556,-0.0787817,9.61318,99.9426,-5.72577,82.4765,75.0058,2.17892,13.2625,95.9171,-6.89867,0.574261,74.927,20.0309,67.7293,105.53,7.10509,-7.40164,
24.9368,4.02556,-0.0787817,9.61318,99.9426,-5.72577,82.4765,75.0058,2.17892,13.2625,95.9171,-6.89867,0.574261,74.927,20.0309,67.7293,105.53,7.10509,-7.40164,
24.5364,4.70212,3.07538,13.6218,99.5422,-6.30753,84.2947,75.0058,2.17892,13.2625,94.8401,-6.55207,-3.35254,78.0812,19.6136,68.6527,108.462,9.67075,-9.65656,
24.5364,4.70212,3.07538,13.6218,99.5422,-6.30753,84.2947,75.0058,2.17892,13.2625,94.8401,-6.55207,-3.35254,78.0812,19.6136,68.6527,108.462,9.67075,-9.65656,
20.7475,3.42406,0.564457,13.6218,98.2642,-6.96419,84.5677,77.5167,1.75805,11.2046,94.8401,-6.55207,-3.35254,78.0812,19.6136,68.6527,108.462,9.67075,-9.65656,
20.7475,3.42406,0.564457,13.6218,98.2642,-6.96419,84.5677,77.5167,1.75805,11.2046,94.8401,-6.55207,-3.35254,78.0812,19.6136,68.6527,108.462,9.67075,-9.65656,
16.0466,16.2359,4.96007,29.3827,99.8715,-6.93103,82.2476,83.8249,4.5552,13.8652,83.6356,-8.65106,-5.52359,88.785,14.3375,67.7323,113.018,13.4088,-15.2564,
16.0466,16.2359,4.96007,29.3827,99.8715,-6.93103,82.2476,83.8249,4.5552,13.8652,83.6356,-8.65106,-5.52359,88.785,14.3375,67.7323,113.018,13.4088,-15.2564,
14.065,18.9912,3.10157,29.7698,99.7484,-7.48178,82.6104,85.6834,4.36038,14.4565,80.7572,-9.31216,-3.88734,88.785,14.3375,67.7323,110.527,12.4495,-15.2582,
14.065,18.9912,3.10157,29.7698,99.7484,-7.48178,82.6104,85.6834,4.36038,14.4565,80.7572,-9.31216,-3.88734,88.785,14.3375,67.7323,110.527,12.4495,-15.2582,
5.51362,18.6378,-4.15081,29.7698,99.395,-7.49336,82.9079,93.8814,3.95935,16.2693,80.7572,-9.31216,-3.88734,89.7306,13.9661,67.3464,110.527,12.4495,-15.2582,
5.51362,18.6378,-4.15081,29.7698,99.395,-7.49336,82.9079,93.8814,3.95935,16.2693,80.7572,-9.31216,-3.88734,89.7306,13.9661,67.3464,110.527,12.4495,-15.2582,
3.81983,25.2864,-3.48735,23.6229,99.5375,-7.22753,82.4433,95.7177,4.15484,17.292,74.2511,-13.1841,0.405661,92.2304,13.0105,66.1613,97.8741,4.90966,-8.26948,
3.81983,25.2864,-3.48735,23.6229,99.5375,-7.22753,82.4433,95.7177,4.15484,17.292,74.2511,-13.1841,0.405661,92.2304,13.0105,66.1613,97.8741,4.90966,-8.26948,
1.95118,26.7421,-4.45775,20.2981,99.5234,-7.12238,82.2329,97.5722,4.28652,18.0716,72.7813,-13.6015,2.65454,93.1144,12.5347,65.5337,93.0794,2.66674,-5.16719,
1.95118,26.7421,-4.45775,20.2981,99.5234,-7.12238,82.2329,97.5722,4.28652,18.0716,72.7813,-13.6015,2.65454,93.1144,12.5347,65.5337,93.0794,2.66674,-5.16719,
1.86011,26.651,-3.56658,14.7473,99.4323,-7.05789,82.1029,97.5722,4.28652,18.0716,72.7813,-13.6015,2.65454,94.0056,12.1738,65.2189,87.5286,0.624891,-2.21245,
1.86011,26.651,-3.56658,14.7473,99.4323,-7.05789,82.1029,97.5722,4.28652,18.0716,72.7813,-13.6015,2.65454,94.0056,12.1738,65.2189,87.5286,0.624891,-2.21245,
-2.3788,29.3008,-5.27159,-1.66517,99.3104,-7.03434,82.037,101.689,4.24994,20.6376,70.0096,-11.9017,10.2464,96.4176,11.0847,65.5096,68.3444,-6.0565,1.76196,
-2.3788,29.3008,-5.27159,-1.66517,99.3104,-7.03434,82.037,101.689,4.24994,20.6376,70.0096,-11.9017,10.2464,96.4176,11.0847,65.5096,68.3444,-6.0565,1.76196,
-11.4142,28.1377,-13.26,-9.01841,99.1435,-6.98508,81.9402,110.558,3.01023,27.3235,71.0059,-8.3009,14.0163,97.2977,10.6832,65.6895,61.9874,-9.09375,2.58102,
-11.4142,28.1377,-13.26,-9.01841,99.1435,-6.98508,81.9402,110.558,3.01023,27.3235,71.0059,-8.3009,14.0163,97.2977,10.6832,65.6895,61.9874,-9.09375,2.58102,
-14.5214,27.7777,-13.7237,-15.2859,98.7836,-6.65569,82.5051,113.305,2.89081,27.6034,71.0059,-8.3009,14.0163,99.5813,9.66785,65.973,55.72,-11.7218,4.3857,
-14.5214,27.7777,-13.7237,-15.2859,98.7836,-6.65569,82.5051,113.305,2.89081,27.6034,71.0059,-8.3009,14.0163,99.5813,9.66785,65.973,55.72,-11.7218,4.3857,
-15.9896,28.8613,-14.8445,-19.8912,98.4361,-6.28102,83.2778,114.426,3.59239,26.6377,69.5749,-6.81962,15.7003,99.5813,9.66785,65.973,49.6836,-13.1884,6.9733,
-15.9896,28.8613,-14.8445,-19.8912,98.4361,-6.28102,83.2778,114.426,3.59239,26.6377,69.5749,-6.81962,15.7003,99.5813,9.66785,65.973,49.6836,-13.1884,6.9733,
-15.6627,35.6172,-11.1305,-22.6267,99.2619,-5.84554,83.9496,114.925,3.54838,27.1054,63.6447,-5.97531,17.4787,103.794,7.1608,65.9379,41.018,-14.5346,10.9541,
-15.6627,35.6172,-11.1305,-22.6267,99.2619,-5.84554,83.9496,114.925,3.54838,27.1054,63.6447,-5.97531,17.4787,103.794,7.1608,65.9379,41.018,-14.5346,10.9541,
-15.7646,39.5565,-9.45224,-14.3237,99.598,-5.70563,84.8316,115.363,3.30922,27.8932,60.0415,-3.94981,19.4682,105.91,6.13709,65.6848,45.7178,-14.3764,10.1337,
-15.7646,39.5565,-9.45224,-14.3237,99.598,-5.70563,84.8316,115.363,3.30922,27.8932,60.0415,-3.94981,19.4682,105.91,6.13709,65.6848,45.7178,-14.3764,10.1337,
-15.1991,35.561,-8.72991,-14.8634,99.4411,-5.73536,86.0509,114.64,3.04084,28.2616,63.8801,-3.95359,17.6989,105.91,6.13709,65.6848,49.0167,-14.9988,8.29354,
-15.1991,35.561,-8.72991,-14.8634,99.4411,-5.73536,86.0509,114.64,3.04084,28.2616,63.8801,-3.95359,17.6989,105.91,6.13709,65.6848,49.0167,-14.9988,8.29354,
-10.3351,35.7039,3.64254,-12.6609,99.584,-5.80197,86.7718,109.919,2.25484,27.8137,63.8801,-3.95359,17.6989,113.562,2.03796,66.3039,51.2192,-15.4077,6.58199,
-10.3351,35.7039,3.64254,-12.6609,99.584,-5.80197,86.7718,109.919,2.25484,27.8137,63.8801,-3.95359,17.6989,113.562,2.03796,66.3039,51.2192,-15.4077,6.58199,
-1.48623,30.9585,19.0899,-11.8902,100.513,-5.9171,87.9027,101.999,-0.409536,29.1868,69.5541,-4.58828,14.435,121.089,-7.53068,72.9986,57.6639,-13.5841,3.70084,
-1.48623,30.9585,19.0899,-11.8902,100.513,-5.9171,87.9027,101.999,-0.409536,29.1868,69.5541,-4.58828,14.435,121.089,-7.53068,72.9986,57.6639,-13.5841,3.70084,
-1.20533,31.2394,22.9148,-3.70386,100.794,-6.10298,88.42,101.999,-0.409536,29.1868,69.5541,-4.58828,14.435,124.914,-10.5005,74.4013,65.8503,-12.4142,1.92586,
-1.20533,31.2394,22.9148,-3.70386,100.794,-6.10298,88.42,101.999,-0.409536,29.1868,69.5541,-4.58828,14.435,124.914,-10.5005,74.4013,65.8503,-12.4142,1.92586,
0.36203,31.2246,27.0589,-1.7982,100.779,-6.72472,89.6515,100.417,-1.19976,32.6652,69.5541,-4.58828,14.435,127.476,-12.5523,74.6852,67.7559,-11.3151,1.62931,
0.36203,31.2246,27.0589,-1.7982,100.779,-6.72472,89.6515,100.417,-1.19976,32.6652,69.5541,-4.58828,14.435,127.476,-12.5523,74.6852,67.7559,-11.3151,1.62931,
0.4767,26.5043,28.0661,-6.63316,100.893,-7.13177,90.2907,100.417,-1.19976,32.6652,74.3891,-7.15529,13.8516,128.483,-12.5502,73.6205,67.7559,-11.3151,1.62931,
0.4767,26.5043,28.0661,-6.63316,100.893,-7.13177,90.2907,100.417,-1.19976,32.6652,74.3891,-7.15529,13.8516,128.483,-12.5502,73.6205,67.7559,-11.3151,1.62931,
3.64296,26.5043,31.2323,-2.9895,100.893,-7.13177,90.2907,97.2504,-0.53623,35.2114,74.3891,-7.15529,13.8516,128.483,-12.5502,73.6205,71.3996,-11.0804,-1.09114,
3.64296,26.5043,31.2323,-2.9895,100.893,-7.13177,90.2907,97.2504,-0.53623,35.2114,74.3891,-7.15529,13.8516,128.483,-12.5502,73.6205,71.3996,-11.0804,-1.09114,
11.2414,20.709,32.7346,-6.78428,101.509,-7.37989,90.6332,90.2675,1.3601,29.9093,80.7999,-7.91845,13.3661,123.002,-8.22474,73.2748,74.0156,-10.3044,-1.82733,
11.2414,20.709,32.7346,-6.78428,101.509,-7.37989,90.6332,90.2675,1.3601,29.9093,80.7999,-7.91845,13.3661,123.002,-8.22474,73.2748,74.0156,-10.3044,-1.82733,
10.1069,15.5524,29.9155,-9.90239,100.374,-7.40478,90.5706,90.2675,1.3601,29.9093,84.822,-8.16695,12.2831,120.183,-5.74409,72.5066,74.9197,-9.75386,-1.62582,
10.1069,15.5524,29.9155,-9.90239,100.374,-7.40478,90.5706,90.2675,1.3601,29.9093,84.822,-8.16695,12.2831,120.183,-5.74409,72.5066,74.9197,-9.75386,-1.62582,
12.1918,15.5524,28.467,-8.9791,100.374,-7.40478,90.5706,88.1826,2.13251,29.3066,84.822,-8.16695,12.2831,116.65,-2.91343,71.1467,75.8429,-9.43288,-1.80469,
12.1918,15.5524,28.467,-8.9791,100.374,-7.40478,90.5706,88.1826,2.13251,29.3066,84.822,-8.16695,12.2831,116.65,-2.91343,71.1467,75.8429,-9.43288,-1.80469,
17.3711,12.1769,18.346,-10.3295,101.054,-7.59282,91.1659,83.6824,4.82642,29.0376,88.8766,-8.93591,9.30364,102.028,4.67344,69.1161,78.5471,-8.27667,-1.70566,
17.3711,12.1769,18.346,-10.3295,101.054,-7.59282,91.1659,83.6824,4.82642,29.0376,88.8766,-8.93591,9.30364,102.028,4.67344,69.1161,78.5471,-8.27667,-1.70566,
18.9136,6.17659,13.5465,-15.2703,101.76,-6.37131,89.8203,82.8466,5.62472,27.3467,95.5837,-9.09554,4.07128,96.3932,7.09664,69.2377,80.3133,-7.55755,-1.73088,
18.9136,6.17659,13.5465,-15.2703,101.76,-6.37131,89.8203,82.8466,5.62472,27.3467,95.5837,-9.09554,4.07128,96.3932,7.09664,69.2377,80.3133,-7.55755,-1.73088,
19.9257,6.17659,8.78355,-15.2703,101.76,-6.37131,89.8203,81.8345,5.61296,25.2899,95.5837,-9.09554,4.07128,90.6181,9.69786,69.5197,80.3133,-7.55755,-1.73088,
19.9257,6.17659,8.78355,-15.2703,101.76,-6.37131,89.8203,81.8345,5.61296,25.2899,95.5837,-9.09554,4.07128,90.6181,9.69786,69.5197,80.3133,-7.55755,-1.73088,
18.9,2.75881,2.97356,-16.7228,100.735,-6.24746,88.9363,81.8345,5.61296,25.2899,97.9757,-9.10668,1.4263,84.8081,12.5193,69.6364,81.2529,-7.24924,-1.87601,
18.9,2.75881,2.97356,-16.7228,100.735,-6.24746,88.9363,81.8345,5.61296,25.2899,97.9757,-9.10668,1.4263,84.8081,12.5193,69.6364,81.2529,-7.24924,-1.87601,
20.1515,-6.99148,-12.0602,-20.878,99.6372,-6.91098,87.5827,79.4857,5.71652,19.5149,106.629,-9.28626,-4.51024,67.4255,20.8919,65.4475,85.7506,-5.33668,-2.45113,
20.1515,-6.99148,-12.0602,-20.878,99.6372,-6.91098,87.5827,79.4857,5.71652,19.5149,106.629,-9.28626,-4.51024,67.4255,20.8919,65.4475,85.7506,-5.33668,-2.45113,
19.5733,-8.99743,-21.0537,-19.0647,98.4863,-7.28234,87.3854,78.913,5.84993,19.486,107.484,-9.24878,-4.79734,57.8593,24.755,61.8546,88.4191,-4.2193,-2.90396,
19.5733,-8.99743,-21.0537,-19.0647,98.4863,-7.28234,87.3854,78.913,5.84993,19.486,107.484,-9.24878,-4.79734,57.8593,24.755,61.8546,88.4191,-4.2193,-2.90396,
23.1406,-10.3608,-16.6842,-19.6259,97.6842,-7.55306,87.0075,74.5435,6.06517,17.6369,108.045,-9.11422,-5.15342,57.8593,24.755,61.8546,88.4191,-4.2193,-2.90396,
23.1406,-10.3608,-16.6842,-19.6259,97.6842,-7.55306,87.0075,74.5435,6.06517,17.6369,108.045,-9.11422,-5.15342,57.8593,24.755,61.8546,88.4191,-4.2193,-2.90396,
28.143,-10.7633,-9.87228,-19.6259,97.2816,-7.8545,86.4673,69.1387,4.66065,12.6051,108.045,-9.11422,-5.15342,59.2664,26.202,62.3664,88.4191,-4.2193,-2.90396,
28.143,-10.7633,-9.87228,-19.6259,97.2816,-7.8545,86.4673,69.1387,4.66065,12.6051,108.045,-9.11422,-5.15342,59.2664,26.202,62.3664,88.4191,-4.2193,-2.90396,
28.1148,-10.7915,-6.66778,-19.6259,97.2535,-8.01535,86.0475,69.1387,4.66065,12.6051,108.045,-9.11422,-5.15342,62.4709,26.289,63.9639,88.4191,-4.2193,-2.90396,
28.1148,-10.7915,-6.66778,-19.6259,97.2535,-8.01535,86.0475,69.1387,4.66065,12.6051,108.045,-9.11422,-5.15342,62.4709,26.289,63.9639,88.4191,-4.2193,-2.90396,
28.1417,-10.7646,-3.96458,-16.594,97.2804,-8.17414,85.5511,69.1387,4.66065,12.6051,108.045,-9.11422,-5.15342,65.1741,25.6392,64.2185,91.451,-2.49272,-2.74755,
28.1417,-10.7646,-3.96458,-16.594,97.2804,-8.17414,85.5511,69.1387,4.66065,12.6051,108.045,-9.11422,-5.15342,65.1741,25.6392,64.2185,91.451,-2.49272,-2.74755,
20.5215,-11.5666,-10.187,-11.142,97.4664,-8.45409,83.4101,76.9449,4.56644,13.9677,109.033,-8.61896,-5.77845,66.7579,25.3335,63.7712,97.891,0.882965,-4.14683,
20.5215,-11.5666,-10.187,-11.142,97.4664,-8.45409,83.4101,76.9449,4.56644,13.9677,109.033,-8.61896,-5.77845,66.7579,25.3335,63.7712,97.891,0.882965,-4.14683,
20.4062,-7.33257,-2.57277,-0.661899,97.3511,-8.42989,82.2514,76.9449,4.56644,13.9677,104.684,-7.56904,-4.74362,74.3721,21.7686,64.8694,104.022,6.31932,-10.5743,
20.4062,-7.33257,-2.57277,-0.661899,97.3511,-8.42989,82.2514,76.9449,4.56644,13.9677,104.684,-7.56904,-4.74362,74.3721,21.7686,64.8694,104.022,6.31932,-10.5743,
23.5814,-6.74256,5.6902,3.98343,97.9411,-8.0248,80.2902,74.3596,1.36726,6.73094,104.684,-7.56904,-4.74362,80.0498,20.1667,64.1472,108.667,11.1412,-15.0592,
23.5814,-6.74256,5.6902,3.98343,97.9411,-8.0248,80.2902,74.3596,1.36726,6.73094,104.684,-7.56904,-4.74362,80.0498,20.1667,64.1472,108.667,11.1412,-15.0592,
23.953,1.60324,7.75508,16.3669,98.3127,-7.46707,79.0363,74.3596,1.36726,6.73094,96.7094,-4.54808,-7.3608,82.1147,18.7474,63.4623,113.076,15.5479,-18.4402,
23.953,1.60324,7.75508,16.3669,98.3127,-7.46707,79.0363,74.3596,1.36726,6.73094,96.7094,-4.54808,-7.3608,82.1147,18.7474,63.4623,113.076,15.5479,-18.4402,
23.7265,1.3767,7.75508,16.3669,98.0861,-6.93564,78.0366,74.3596,1.36726,6.73094,96.7094,-4.54808,-7.3608,82.1147,18.7474,63.4623,113.076,15.5479,-18.4402,
23.7265,1.3767,7.75508,16.3669,98.0861,-6.93564,78.0366,74.3596,1.36726,6.73094,96.7094,-4.54808,-7.3608,82.1147,18.7474,63.4623,113.076,15.5479,-18.4402,
23.7427,1.39289,9.80014,16.3669,98.1023,-6.83963,77.7461,74.3596,1.36726,6.73094,96.7094,-4.54808,-7.3608,84.1598,17.8453,63.4534,113.076,15.5479,-18.4402,
23.7427,1.39289,9.80014,16.3669,98.1023,-6.83963,77.7461,74.3596,1.36726,6.73094,96.7094,-4.54808,-7.3608,84.1598,17.8453,63.4534,113.076,15.5479,-18.4402,
22.432,4.97544,13.3112,18.0053,97.9544,-6.75373,77.7134,75.5223,0.357123,3.73992,92.9789,-3.85035,-18.3603,88.8335,16.1795,62.6679,110.984,16.0503,-19.2805,
22.432,4.97544,13.3112,18.0053,97.9544,-6.75373,77.7134,75.5223,0.357123,3.73992,92.9789,-3.85035,-18.3603,88.8335,16.1795,62.6679,110.984,16.0503,-19.2805,
22.2458,10.5256,15.0852,18.5066,97.7682,-6.83237,78.1213,75.5223,0.357123,3.73992,87.2426,-5.40159,-13.4674,90.6076,15.4493,62.0218,105.749,13.8137,-18.8781,
22.2458,10.5256,15.0852,18.5066,97.7682,-6.83237,78.1213,75.5223,0.357123,3.73992,87.2426,-5.40159,-13.4674,90.6076,15.4493,62.0218,105.749,13.8137,-18.8781,
21.0549,18.2844,15.9491,27.4564,96.5773,-7.57255,79.7988,75.5223,0.357123,3.73992,78.2929,-7.74752,-6.74215,91.4714,15.2637,62.2141,105.749,13.8137,-18.8781,
21.0549,18.2844,15.9491,27.4564,96.5773,-7.57255,79.7988,75.5223,0.357123,3.73992,78.2929,-7.74752,-6.74215,91.4714,15.2637,62.2141,105.749,13.8137,-18.8781,
19.0823,19.2308,14.6374,13.7401,96.2637,-7.72084,79.7134,77.1814,2.06797,5.57755,77.0329,-10.1144,-4.45698,91.8188,15.3571,62.6402,90.773,5.19114,-8.81375,
19.0823,19.2308,14.6374,13.7401,96.2637,-7.72084,79.7134,77.1814,2.06797,5.57755,77.0329,-10.1144,-4.45698,91.8188,15.3571,62.6402,90.773,5.19114,-8.81375,
10.2507,24.297,5.93305,13.8472,96.3262,-7.82661,77.085,86.0755,4.85967,13.7478,72.0292,-9.48777,5.33739,92.0086,15.281,62.7401,85.8764,3.04077,-6.04611,
10.2507,24.297,5.93305,13.8472,96.3262,-7.82661,77.085,86.0755,4.85967,13.7478,72.0292,-9.48777,5.33739,92.0086,15.281,62.7401,85.8764,3.04077,-6.04611,
8.41218,25.8737,4.06539,15.2,96.5501,-7.85406,76.3746,88.1379,5.05112,14.8494,70.6764,-8.69212,8.28634,92.2033,15.1035,62.709,85.8764,3.04077,-6.04611,
8.41218,25.8737,4.06539,15.2,96.5501,-7.85406,76.3746,88.1379,5.05112,14.8494,70.6764,-8.69212,8.28634,92.2033,15.1035,62.709,85.8764,3.04077,-6.04611,
9.68063,27.1421,4.21955,10.0377,97.8185,-8.36139,75.6281,88.1379,5.05112,14.8494,70.6764,-8.69212,8.28634,92.3574,14.9995,62.6492,80.7141,0.946093,-3.60758,
9.68063,27.1421,4.21955,10.0377,97.8185,-8.36139,75.6281,88.1379,5.05112,14.8494,70.6764,-8.69212,8.28634,92.3574,14.9995,62.6492,80.7141,0.946093,-3.60758,
9.83546,27.297,5.15552,-11.3885,97.9733,-9.2017,76.003,88.1379,5.05112,14.8494,70.6764,-8.69212,8.28634,93.2934,14.8371,62.6785,59.2879,-7.52686,4.42523,
9.83546,27.297,5.15552,-11.3885,97.9733,-9.2017,76.003,88.1379,5.05112,14.8494,70.6764,-8.69212,8.28634,93.2934,14.8371,62.6785,59.2879,-7.52686,4.42523,
-14.3673,30.2729,-3.71242,-16.2846,94.9054,-8.01569,80.1575,109.273,5.39174,23.5399,64.6325,-5.46408,15.9514,105.56,9.22473,63.9465,48.3479,-11.5113,13.0694,
-14.3673,30.2729,-3.71242,-16.2846,94.9054,-8.01569,80.1575,109.273,5.39174,23.5399,64.6325,-5.46408,15.9514,105.56,9.22473,63.9465,48.3479,-11.5113,13.0694,
-13.771,24.9011,1.40993,-22.2527,95.5017,-7.35421,82.1759,109.273,5.39174,23.5399,70.6006,-5.21163,14.9279,110.683,6.96577,64.7113,48.3479,-11.5113,13.0694,
-13.771,24.9011,1.40993,-22.2527,95.5017,-7.35421,82.1759,109.273,5.39174,23.5399,70.6006,-5.21163,14.9279,110.683,6.96577,64.7113,48.3479,-11.5113,13.0694,
-14.5367,26.3709,5.8145,-17.3819,95.2034,-7.03611,84.4046,109.74,6.12537,23.5005,68.8325,-1.97688,21.1026,115.555,4.27344,66.2861,51.4507,-10.6868,13.0121,
-14.5367,26.3709,5.8145,-17.3819,95.2034,-7.03611,84.4046,109.74,6.12537,23.5005,68.8325,-1.97688,21.1026,115.555,4.27344,66.2861,51.4507,-10.6868,13.0121,
-14.0656,23.72,7.64076,-12.7378,95.6386,-6.98374,84.6803,109.704,6.15387,24.6677,71.9186,-2.81618,20.174,117.345,2.39503,68.0005,59.1807,-10.5989,10.0965,
-14.0656,23.72,7.64076,-12.7378,95.6386,-6.98374,84.6803,109.704,6.15387,24.6677,71.9186,-2.81618,20.174,117.345,2.39503,68.0005,59.1807,-10.5989,10.0965,
-12.9025,24.2478,9.53106,-10.7478,96.1664,-7.01875,85.8765,109.069,5.68447,26.09,71.9186,-2.81618,20.174,118.6,-0.000889771,70.5738,61.1708,-10.0116,10.0921,
-12.9025,24.2478,9.53106,-10.7478,96.1664,-7.01875,85.8765,109.069,5.68447,26.09,71.9186,-2.81618,20.174,118.6,-0.000889771,70.5738,61.1708,-10.0116,10.0921,
-11.0938,24.3596,14.8695,-10.7478,96.2781,-7.33034,86.9146,107.372,5.50503,25.9241,71.9186,-2.81618,20.174,122.241,-5.51949,75.9065,61.1708,-10.0116,10.0921,
-11.0938,24.3596,14.8695,-10.7478,96.2781,-7.33034,86.9146,107.372,5.50503,25.9241,71.9186,-2.81618,20.174,122.241,-5.51949,75.9065,61.1708,-10.0116,10.0921,
-7.1349,24.4551,22.1021,-7.82043,96.3736,-7.5163,87.5394,103.509,4.76397,25.7533,71.9186,-2.81618,20.174,125.611,-8.29119,78.1173,64.0982,-9.51059,10.1721,
-7.1349,24.4551,22.1021,-7.82043,96.3736,-7.5163,87.5394,103.509,4.76397,25.7533,71.9186,-2.81618,20.174,125.611,-8.29119,78.1173,64.0982,-9.51059,10.1721,
-1.90357,19.5046,26.4484,-10.0271,96.7017,-7.78257,88.5655,98.6052,1.5939,30.6984,77.197,-5.47164,19.2056,125.054,-8.13763,79.0695,67.17,-9.72055,8.62284,
-1.90357,19.5046,26.4484,-10.0271,96.7017,-7.78257,88.5655,98.6052,1.5939,30.6984,77.197,-5.47164,19.2056,125.054,-8.13763,79.0695,67.17,-9.72055,8.62284,
-2.19463,18.2943,26.4484,-10.1481,96.4106,-8.11613,89.6553,98.6052,1.5939,30.6984,78.1163,-5.48099,19.817,125.054,-8.13763,79.0695,67.9682,-9.70563,8.13953,
-2.19463,18.2943,26.4484,-10.1481,96.4106,-8.11613,89.6553,98.6052,1.5939,30.6984,78.1163,-5.48099,19.817,125.054,-8.13763,79.0695,67.9682,-9.70563,8.13953,
2.18799,17.9522,28.2201,-8.85751,96.0685,-8.10644,90.2256,93.8805,-1.37042,38.2262,78.1163,-5.48099,19.817,122.101,-7.11265,81.1125,69.2588,-9.73796,7.2623,
2.18799,17.9522,28.2201,-8.85751,96.0685,-8.10644,90.2256,93.8805,-1.37042,38.2262,78.1163,-5.48099,19.817,122.101,-7.11265,81.1125,69.2588,-9.73796,7.2623,
2.10227,16.3456,26.6531,-9.8146,95.4191,-8.26575,91.2999,93.3168,-1.31307,39.2604,79.0734,-5.48819,20.3301,119.97,-6.32781,81.9706,69.2588,-9.73796,7.2623,
2.10227,16.3456,26.6531,-9.8146,95.4191,-8.26575,91.2999,93.3168,-1.31307,39.2604,79.0734,-5.48819,20.3301,119.97,-6.32781,81.9706,69.2588,-9.73796,7.2623,
4.19161,14.4842,24.0408,-9.65649,95.4191,-8.26575,91.2999,91.2275,-1.21192,37.9168,80.9349,-5.39775,20.8949,115.268,-3.36537,82.7824,71.2784,-9.85652,5.50934,
4.19161,14.4842,24.0408,-9.65649,95.4191,-8.26575,91.2999,91.2275,-1.21192,37.9168,80.9349,-5.39775,20.8949,115.268,-3.36537,82.7824,71.2784,-9.85652,5.50934,
5.33055,14.4842,25.1797,-9.65649,95.4191,-8.26575,91.2999,90.0885,-1.30043,37.8933,80.9349,-5.39775,20.8949,115.268,-3.36537,82.7824,71.2784,-9.85652,5.50934,
5.33055,14.4842,25.1797,-9.65649,95.4191,-8.26575,91.2999,90.0885,-1.30043,37.8933,80.9349,-5.39775,20.8949,115.268,-3.36537,82.7824,71.2784,-9.85652,5.50934,
5.45065,10.941,19.9393,-11.8852,94.8784,-8.50072,92.7609,89.4277,-1.17581,38.2191,83.9374,-5.80762,19.8805,109.367,0.828265,82.2104,72.0522,-9.96819,4.95706,
5.45065,10.941,19.9393,-11.8852,94.8784,-8.50072,92.7609,89.4277,-1.17581,38.2191,83.9374,-5.80762,19.8805,109.367,0.828265,82.2104,72.0522,-9.96819,4.95706,
5.33218,10.8189,9.21929,-10.8267,94.7563,-8.52161,94.5271,89.4242,-1.32684,38.3188,83.9374,-5.80762,19.8805,98.6434,6.54181,82.2108,73.1107,-9.74196,4.77392,
5.33218,10.8189,9.21929,-10.8267,94.7563,-8.52161,94.5271,89.4242,-1.32684,38.3188,83.9374,-5.80762,19.8805,98.6434,6.54181,82.2108,73.1107,-9.74196,4.77392,
5.15333,10.2293,5.09069,-11.2582,94.9741,-8.26245,94.7642,89.8208,-1.36045,38.4659,84.7449,-5.93833,19.3252,94.9115,8.0633,83.1141,73.4867,-9.67141,4.78552,
5.15333,10.2293,5.09069,-11.2582,94.9741,-8.26245,94.7642,89.8208,-1.36045,38.4659,84.7449,-5.93833,19.3252,94.9115,8.0633,83.1141,73.4867,-9.67141,4.78552,
5.1021,10.733,1.03575,-11.2582,95.4779,-8.17092,94.2615,90.3758,-1.16723,38.7823,84.7449,-5.93833,19.3252,91.4115,9.55124,83.8268,73.4867,-9.67141,4.78552,
5.1021,10.733,1.03575,-11.2582,95.4779,-8.17092,94.2615,90.3758,-1.16723,38.7823,84.7449,-5.93833,19.3252,91.4115,9.55124,83.8268,73.4867,-9.67141,4.78552,
4.47897,9.31915,-5.36192,-11.7699,95.4732,-8.27755,94.3569,90.9943,-0.801126,39.1999,86.1541,-6.29547,18.2354,85.6323,10.7983,81.7642,74.3842,-9.27077,5.30825,
4.47897,9.31915,-5.36192,-11.7699,95.4732,-8.27755,94.3569,90.9943,-0.801126,39.1999,86.1541,-6.29547,18.2354,85.6323,10.7983,81.7642,74.3842,-9.27077,5.30825,
4.36764,7.87872,-3.4689,-12.2507,95.3619,-8.40323,94.5927,90.9943,-0.801126,39.1999,87.4832,-6.70676,17.2692,87.5254,9.44469,80.8971,75.2325,-8.59181,5.94942,
4.36764,7.87872,-3.4689,-12.2507,95.3619,-8.40323,94.5927,90.9943,-0.801126,39.1999,87.4832,-6.70676,17.2692,87.5254,9.44469,80.8971,75.2325,-8.59181,5.94942,
3.08282,6.45318,-2.00158,-12.3153,94.7502,-8.77999,95.9878,91.6674,-0.501577,39.338,88.2971,-6.90875,16.9641,89.6658,7.98971,80.8795,75.9817,-8.17839,6.49855,
3.08282,6.45318,-2.00158,-12.3153,94.7502,-8.77999,95.9878,91.6674,-0.501577,39.338,88.2971,-6.90875,16.9641,89.6658,7.98971,80.8795,75.9817,-8.17839,6.49855,
3.00859,5.65621,-2.0755,-13.0381,94.676,-8.91168,96.5017,91.6674,-0.501577,39.338,89.0198,-7.32007,16.6016,89.5919,7.63958,81.0464,75.9817,-8.17839,6.49855,
3.00859,5.65621,-2.0755,-13.0381,94.676,-8.91168,96.5017,91.6674,-0.501577,39.338,89.0198,-7.32007,16.6016,89.5919,7.63958,81.0464,75.9817,-8.17839,6.49855,
3.65961,4.11097,-1.82966,-14.1296,94.9223,-9.07408,97.1938,91.2627,-0.251877,37.4189,90.8114,-7.78089,15.1241,89.4331,7.89809,79.8568,76.6818,-7.86696,7.28148,
3.65961,4.11097,-1.82966,-14.1296,94.9223,-9.07408,97.1938,91.2627,-0.251877,37.4189,90.8114,-7.78089,15.1241,89.4331,7.89809,79.8568,76.6818,-7.86696,7.28148,
3.84402,3.65636,-1.60093,-14.7427,95.1068,-9.19688,97.6497,91.2627,-0.251877,37.4189,91.4504,-7.93985,14.3881,89.6618,7.56936,79.657,76.7076,-7.88561,7.35738,
3.84402,3.65636,-1.60093,-14.7427,95.1068,-9.19688,97.6497,91.2627,-0.251877,37.4189,91.4504,-7.93985,14.3881,89.6618,7.56936,79.657,76.7076,-7.88561,7.35738,
3.5524,0.530777,-1.61324,-17.5997,94.8151,-9.51329,97.8843,91.2627,-0.251877,37.4189,94.2844,-8.55105,12.3514,89.6495,7.47619,80.1834,76.6846,-7.90389,7.38959,
3.5524,0.530777,-1.61324,-17.5997,94.8151,-9.51329,97.8843,91.2627,-0.251877,37.4189,94.2844,-8.55105,12.3514,89.6495,7.47619,80.1834,76.6846,-7.90389,7.38959,
3.76825,0.258835,-1.70145,-18.0875,95.031,-10.0984,98.1497,91.2627,-0.251877,37.4189,94.7721,-8.59437,12.1151,89.5613,7.46846,80.5905,76.6846,-7.90389,7.38959,
3.76825,0.258835,-1.70145,-18.0875,95.031,-10.0984,98.1497,91.2627,-0.251877,37.4189,94.7721,-8.59437,12.1151,89.5613,7.46846,80.5905,76.6846,-7.90389,7.38959,
5.50355,-0.419594,-0.167092,-19.0485,95.2319,-10.1988,98.0999,89.7284,-0.565471,35.2824,95.6515,-8.48211,11.6001,89.5613,7.46846,80.5905,76.603,-7.99502,7.341,
5.50355,-0.419594,-0.167092,-19.0485,95.2319,-10.1988,98.0999,89.7284,-0.565471,35.2824,95.6515,-8.48211,11.6001,89.5613,7.46846,80.5905,76.603,-7.99502,7.341,
8.11747,-0.487006,1.85138,-19.8193,95.728,-10.4415,97.8129,87.6106,-1.14357,33.396,96.215,-8.4541,11.1661,89.4619,7.38958,80.554,76.3957,-8.21692,7.13098,
8.11747,-0.487006,1.85138,-19.8193,95.728,-10.4415,97.8129,87.6106,-1.14357,33.396,96.215,-8.4541,11.1661,89.4619,7.38958,80.554,76.3957,-8.21692,7.13098,
10.2407,-0.338511,3.47125,-20.1653,96.1521,-10.7106,97.3086,85.9113,-1.81805,32.53,96.4906,-8.49158,10.8224,89.3826,7.30681,80.2096,76.3253,-8.30625,7.06671,
10.2407,-0.338511,3.47125,-20.1653,96.1521,-10.7106,97.3086,85.9113,-1.81805,32.53,96.4906,-8.49158,10.8224,89.3826,7.30681,80.2096,76.3253,-8.30625,7.06671,
10.4436,0.0722305,2.53162,-20.8506,97.0665,-11.0729,96.1387,86.6229,-3.11218,32.635,96.9943,-8.59605,10.1895,89.1545,7.3347,79.4496,76.1437,-8.42047,6.91931,
10.4436,0.0722305,2.53162,-20.8506,97.0665,-11.0729,96.1387,86.6229,-3.11218,32.635,96.9943,-8.59605,10.1895,89.1545,7.3347,79.4496,76.1437,-8.42047,6.91931,
10.6783,-0.0820178,2.32704,-21.4164,97.3012,-11.132,95.7544,86.6229,-3.11218,32.635,97.3832,-8.65413,9.74849,88.9499,7.46856,79.1459,75.9669,-8.5675,6.69726,
10.6783,-0.0820178,2.32704,-21.4164,97.3012,-11.132,95.7544,86.6229,-3.11218,32.635,97.3832,-8.65413,9.74849,88.9499,7.46856,79.1459,75.9669,-8.5675,6.69726,
11.1001,-0.135419,2.26863,-21.9507,97.723,-11.266,94.8849,86.6229,-3.11218,32.635,97.8584,-8.74574,9.21039,88.8915,7.49121,78.9273,75.9078,-8.57728,6.70224,
11.1001,-0.135419,2.26863,-21.9507,97.723,-11.266,94.8849,86.6229,-3.11218,32.635,97.8584,-8.74574,9.21039,88.8915,7.49121,78.9273,75.9078,-8.57728,6.70224,
11.1001,-0.135419,2.26863,-22.0084,97.723,-11.266,94.8849,86.6229,-3.11218,32.635,97.8584,-8.74574,9.21039,88.8915,7.49121,78.9273,75.85,-8.55157,6.76776,
11.1001,-0.135419,2.26863,-22.0084,97.723,-11.266,94.8849,86.6229,-3.11218,32.635,97.8584,-8.74574,9.21039,88.8915,7.49121,78.9273,75.85,-8.55157,6.76776,
7.63864,-0.31859,-1.30962,-22.4423,97.8494,-11.2743,94.3993,90.2108,-3.95419,34.3267,98.168,-8.66756,8.98429,88.9011,7.39994,78.7082,75.7257,-8.51288,6.82104,
7.63864,-0.31859,-1.30962,-22.4423,97.8494,-11.2743,94.3993,90.2108,-3.95419,34.3267,98.168,-8.66756,8.98429,88.9011,7.39994,78.7082,75.7257,-8.51288,6.82104,
8.09132,-0.20346,-1.30962,-22.9627,98.3021,-11.1733,93.5042,90.2108,-3.95419,34.3267,98.5055,-8.53664,8.93148,88.9011,7.39994,78.7082,75.5429,-8.48357,6.75895,
8.09132,-0.20346,-1.30962,-22.9627,98.3021,-11.1733,93.5042,90.2108,-3.95419,34.3267,98.5055,-8.53664,8.93148,88.9011,7.39994,78.7082,75.5429,-8.48357,6.75895,
8.09132,-0.355579,-1.32669,-23.2942,98.3021,-11.1733,93.5042,90.2108,-3.95419,34.3267,98.6576,-8.44458,8.76961,88.8841,7.54643,78.684,75.3635,-8.45208,6.60985,
8.09132,-0.355579,-1.32669,-23.2942,98.3021,-11.1733,93.5042,90.2108,-3.95419,34.3267,98.6576,-8.44458,8.76961,88.8841,7.54643,78.684,75.3635,-8.45208,6.60985,
8.12005,-0.577519,-1.20774,-23.5161,98.3021,-11.1733,93.5042,90.182,-3.84384,33.8358,98.8796,-8.34865,8.43671,88.9743,7.69893,78.4324,75.3635,-8.45208,6.60985,
8.12005,-0.577519,-1.20774,-23.5161,98.3021,-11.1733,93.5042,90.182,-3.84384,33.8358,98.8796,-8.34865,8.43671,88.9743,7.69893,78.4324,75.3635,-8.45208,6.60985,
7.95098,-1.09918,-1.31093,-24.2505,98.3021,-11.1733,93.5042,90.3511,-3.35387,34.1169,99.4013,-8.20177,7.52931,89.0402,7.84827,78.0729,75.1507,-8.42503,6.37876,
7.95098,-1.09918,-1.31093,-24.2505,98.3021,-11.1733,93.5042,90.3511,-3.35387,34.1169,99.4013,-8.20177,7.52931,89.0402,7.84827,78.0729,75.1507,-8.42503,6.37876,
8.02017,-1.09918,-1.06954,-24.5143,98.3021,-11.1733,93.5042,90.2819,-3.26309,34.1805,99.4013,-8.20177,7.52931,89.2124,7.90718,77.7382,74.887,-8.40808,6.05065,
8.02017,-1.09918,-1.06954,-24.5143,98.3021,-11.1733,93.5042,90.2819,-3.26309,34.1805,99.4013,-8.20177,7.52931,89.2124,7.90718,77.7382,74.887,-8.40808,6.05065,
8.00177,-1.684,-1.02926,-25.5908,98.5014,-11.1158,93.1918,90.4996,-3.39047,32.9551,100.185,-8.18366,5.62784,89.4704,7.88643,77.3596,74.5946,-8.34678,5.72068,
8.00177,-1.684,-1.02926,-25.5908,98.5014,-11.1158,93.1918,90.4996,-3.39047,32.9551,100.185,-8.18366,5.62784,89.4704,7.88643,77.3596,74.5946,-8.34678,5.72068,
7.81062,-2.04135,-0.920989,-26.2015,98.5014,-11.1158,93.1918,90.6908,-3.5624,31.9624,100.543,-8.24641,4.90654,89.7698,7.92815,77.1333,74.3412,-8.23498,5.47955,
7.81062,-2.04135,-0.920989,-26.2015,98.5014,-11.1158,93.1918,90.6908,-3.5624,31.9624,100.543,-8.24641,4.90654,89.7698,7.92815,77.1333,74.3412,-8.23498,5.47955,
7.98037,-1.87826,-0.710579,-26.5353,98.8851,-11.0077,92.3439,90.9048,-3.69369,30.5274,100.763,-8.30145,3.7493,90.1942,7.84172,76.8927,74.2281,-8.19662,5.39153,
7.98037,-1.87826,-0.710579,-26.5353,98.8851,-11.0077,92.3439,90.9048,-3.69369,30.5274,100.763,-8.30145,3.7493,90.1942,7.84172,76.8927,74.2281,-8.19662,5.39153,
8.02659,-1.95363,-0.597721,-26.923,98.9732,-10.9842,91.9727,90.9466,-3.54267,30.3319,100.927,-8.40013,3.4749,90.3489,7.84127,76.8326,74.0038,-8.04788,5.37409,
8.02659,-1.95363,-0.597721,-26.923,98.9732,-10.9842,91.9727,90.9466,-3.54267,30.3319,100.927,-8.40013,3.4749,90.3489,7.84127,76.8326,74.0038,-8.04788,5.37409,
7.99611,-2.12555,-0.482642,-27.1579,98.9427,-10.9659,91.8638,90.9466,-3.54267,30.3319,101.068,-8.42788,3.34387,90.4639,7.86787,76.8215,73.9103,-7.95125,5.41443,
7.99611,-2.12555,-0.482642,-27.1579,98.9427,-10.9659,91.8638,90.9466,-3.54267,30.3319,101.068,-8.42788,3.34387,90.4639,7.86787,76.8215,73.9103,-7.95125,5.41443,
7.90104,-2.22092,-0.381218,-27.2279,98.8473,-10.938,91.7821,90.9463,-3.59248,30.2767,101.068,-8.42788,3.34387,90.5651,7.88927,76.8313,73.8403,-7.87919,5.46347,
7.90104,-2.22092,-0.381218,-27.2279,98.8473,-10.938,91.7821,90.9463,-3.59248,30.2767,101.068,-8.42788,3.34387,90.5651,7.88927,76.8313,73.8403,-7.87919,5.46347,
7.76309,-2.52623,-0.381218,-27.462,98.7094,-10.8161,91.5776,90.9463,-3.59248,30.2767,101.236,-8.37905,3.21724,90.5651,7.88927,76.8313,73.7736,-7.80533,5.537,
7.76309,-2.52623,-0.381218,-27.462,98.7094,-10.8161,91.5776,90.9463,-3.59248,30.2767,101.236,-8.37905,3.21724,90.5651,7.88927,76.8313,73.7736,-7.80533,5.537,
7.82379,-1.98312,-0.843615,-27.6408,99.3089,-10.5401,90.4188,91.4851,-3.18831,30.1618,101.292,-8.28653,3.35983,90.6415,7.91179,76.8371,73.6511,-7.62297,5.67748,
7.82379,-1.98312,-0.843615,-27.6408,99.3089,-10.5401,90.4188,91.4851,-3.18831,30.1618,101.292,-8.28653,3.35983,90.6415,7.91179,76.8371,73.6511,-7.62297,5.67748,
7.71553,-2.10392,-0.909945,-27.7901,99.3089,-10.5401,90.4188,91.5933,-2.65407,28.8268,101.413,-8.24346,3.31439,90.6834,7.96182,76.8319,73.6227,-7.58608,5.73365,
7.71553,-2.10392,-0.909945,-27.7901,99.3089,-10.5401,90.4188,91.5933,-2.65407,28.8268,101.413,-8.24346,3.31439,90.6834,7.96182,76.8319,73.6227,-7.58608,5.73365,
7.51058,-2.09377,-1.26959,-27.9886,99.4739,-10.545,90.1731,91.9633,-2.46411,27.6041,101.568,-8.21568,3.24542,90.6937,8.08504,76.8412,73.5791,-7.5041,5.88452,
7.51058,-2.09377,-1.26959,-27.9886,99.4739,-10.545,90.1731,91.9633,-2.46411,27.6041,101.568,-8.21568,3.24542,90.6937,8.08504,76.8412,73.5791,-7.5041,5.88452,
7.08591,-2.24731,-1.80431,-28.3425,99.6396,-10.5563,89.9114,92.5537,-2.25515,26.6625,101.887,-8.25237,3.36513,90.7494,8.13611,76.8635,73.5444,-7.43836,6.02042,
7.08591,-2.24731,-1.80431,-28.3425,99.6396,-10.5563,89.9114,92.5537,-2.25515,26.6625,101.887,-8.25237,3.36513,90.7494,8.13611,76.8635,73.5444,-7.43836,6.02042,
7.3161,-1.85861,-2.26503,-28.7215,100.371,-10.6022,89.4412,93.055,-1.99403,26.7201,102.23,-8.24341,3.55305,90.7899,8.19893,76.8984,73.5082,-7.40759,6.08122,
7.3161,-1.85861,-2.26503,-28.7215,100.371,-10.6022,89.4412,93.055,-1.99403,26.7201,102.23,-8.24341,3.55305,90.7899,8.19893,76.8984,73.5082,-7.40759,6.08122,
7.29994,-2.05561,-2.25545,-28.97,100.371,-10.6022,89.4412,93.0711,-1.88145,26.8329,102.427,-8.19127,3.60634,90.8157,8.22478,76.9185,73.4567,-7.38083,6.13848,
7.29994,-2.05561,-2.25545,-28.97,100.371,-10.6022,89.4412,93.0711,-1.88145,26.8329,102.427,-8.19127,3.60634,90.8157,8.22478,76.9185,73.4567,-7.38083,6.13848,
