7.16208,13.245,-26.4433,-34.916,111.169,3.1209,-106.708,104.007,2.13873,167.646,97.9238,3.63452,122.623,77.5634,10.7026,-147.379,63.0078,-7.63123,129.111,
7.16208,13.245,-26.4433,-34.916,111.169,3.1209,-106.708,104.007,2.13873,167.646,97.9238,3.63452,122.623,77.5634,10.7026,-147.379,63.0078,-7.63123,129.111,
7.21307,13.2886,-26.3759,-34.9283,111.22,3.107,-106.666,104.007,2.13873,167.646,97.9311,3.67542,122.549,77.6308,10.6962,-147.39,63.0028,-7.62224,128.982,
7.21307,13.2886,-26.3759,-34.9283,111.22,3.107,-106.666,104.007,2.13873,167.646,97.9311,3.67542,122.549,77.6308,10.6962,-147.39,63.0028,-7.62224,128.982,
7.23878,13.3143,-26.3759,-34.8892,111.245,3.09285,-106.692,104.007,2.13873,167.646,97.9311,3.67542,122.549,77.6308,10.6962,-147.39,63.042,-7.5453,128.938,
7.23878,13.3143,-26.3759,-34.8892,111.245,3.09285,-106.692,104.007,2.13873,167.646,97.9311,3.67542,122.549,77.6308,10.6962,-147.39,63.042,-7.5453,128.938,
7.81482,13.3629,-25.8088,-34.972,111.405,3.0317,-106.828,103.59,2.01231,167.268,98.0417,3.72783,122.344,77.781,10.6577,-147.467,63.0697,-7.48911,128.841,
7.81482,13.3629,-25.8088,-34.972,111.405,3.0317,-106.828,103.59,2.01231,167.268,98.0417,3.72783,122.344,77.781,10.6577,-147.467,63.0697,-7.48911,128.841,
8.02643,13.4058,-25.6579,-35.0982,111.579,2.86997,-106.923,103.552,1.99206,167.326,98.1728,3.69743,122.205,77.8942,10.6287,-147.439,63.0745,-7.49354,128.777,
8.02643,13.4058,-25.6579,-35.0982,111.579,2.86997,-106.923,103.552,1.99206,167.326,98.1728,3.69743,122.205,77.8942,10.6287,-147.439,63.0745,-7.49354,128.777,
8.0998,13.3742,-25.5853,-35.1954,111.652,2.75887,-106.998,103.552,1.99206,167.326,98.2778,3.57847,122.188,77.9668,10.5997,-147.411,63.0824,-7.46642,128.867,
8.0998,13.3742,-25.5853,-35.1954,111.652,2.75887,-106.998,103.552,1.99206,167.326,98.2778,3.57847,122.188,77.9668,10.5997,-147.411,63.0824,-7.46642,128.867,
8.23839,13.3343,-25.3089,-35.2434,111.679,2.62094,-107.034,103.441,1.89311,167.738,98.3447,3.47737,122.355,78.1317,10.5065,-147.342,63.1013,-7.44011,128.952,
8.23839,13.3343,-25.3089,-35.2434,111.679,2.62094,-107.034,103.441,1.89311,167.738,98.3447,3.47737,122.355,78.1317,10.5065,-147.342,63.1013,-7.44011,128.952,
8.22619,13.2888,-25.1794,-35.2547,111.681,2.52409,-107.084,103.454,1.83491,167.878,98.3919,3.46588,122.427,78.2751,10.3997,-147.253,63.1372,-7.39985,129.045,
8.22619,13.2888,-25.1794,-35.2547,111.681,2.52409,-107.084,103.454,1.83491,167.878,98.3919,3.46588,122.427,78.2751,10.3997,-147.253,63.1372,-7.39985,129.045,
8.2505,13.2071,-25.1544,-35.343,111.731,2.38424,-106.989,103.481,1.79244,168.001,98.5243,3.47,122.485,78.3265,10.3535,-147.205,63.1813,-7.35033,129.137,
8.2505,13.2071,-25.1544,-35.343,111.731,2.38424,-106.989,103.481,1.79244,168.001,98.5243,3.47,122.485,78.3265,10.3535,-147.205,63.1813,-7.35033,129.137,
8.226,13.1334,-25.1377,-35.2577,111.731,2.38424,-106.989,103.505,1.73477,168.16,98.5981,3.43315,122.492,78.3677,10.3082,-147.163,63.3404,-7.31197,129.298,
8.226,13.1334,-25.1377,-35.2577,111.731,2.38424,-106.989,103.505,1.73477,168.16,98.5981,3.43315,122.492,78.3677,10.3082,-147.163,63.3404,-7.31197,129.298,
8.09502,12.9331,-25.0736,-35.2249,111.603,2.20764,-107.074,103.508,1.60133,168.318,98.67,3.36954,122.536,78.4346,10.2048,-147.081,63.4451,-7.24546,129.498,
8.09502,12.9331,-25.0736,-35.2249,111.603,2.20764,-107.074,103.508,1.60133,168.318,98.67,3.36954,122.536,78.4346,10.2048,-147.081,63.4451,-7.24546,129.498,
8.05776,12.8341,-25.0563,-35.2945,111.574,2.10158,-107.065,103.516,1.52204,168.441,98.7396,3.25047,122.7,78.4597,10.1108,-146.984,63.4451,-7.24546,129.498,
8.05776,12.8341,-25.0563,-35.2945,111.574,2.10158,-107.065,103.516,1.52204,168.441,98.7396,3.25047,122.7,78.4597,10.1108,-146.984,63.4451,-7.24546,129.498,
8.07995,12.7605,-25.0406,-35.2501,111.6,1.98513,-106.982,103.52,1.44766,168.566,98.8391,3.11334,122.785,78.479,10.061,-146.94,63.589,-7.27496,129.619,
8.07995,12.7605,-25.0406,-35.2501,111.6,1.98513,-106.982,103.52,1.44766,168.566,98.8391,3.11334,122.785,78.479,10.061,-146.94,63.589,-7.27496,129.619,
8.15519,12.7872,-25.0435,-35.1669,111.712,1.90702,-106.994,103.556,1.30834,168.889,98.9243,3.07146,122.873,78.5129,10.0176,-146.893,63.7575,-7.18204,129.88,
8.15519,12.7872,-25.0435,-35.1669,111.712,1.90702,-106.994,103.556,1.30834,168.889,98.9243,3.07146,122.873,78.5129,10.0176,-146.893,63.7575,-7.18204,129.88,
8.10203,12.6715,-25.0936,-35.1372,111.745,1.78831,-106.941,103.643,1.22492,169.15,99.0738,3.08156,123.041,78.5496,9.88097,-146.808,63.9366,-7.09821,130.116,
8.10203,12.6715,-25.0936,-35.1372,111.745,1.78831,-106.941,103.643,1.22492,169.15,99.0738,3.08156,123.041,78.5496,9.88097,-146.808,63.9366,-7.09821,130.116,
8.06735,12.5995,-25.1416,-35.1672,111.757,1.77209,-106.928,103.69,1.13688,169.255,99.1579,3.06688,123.134,78.5485,9.80519,-146.757,63.9907,-7.06207,130.21,
8.06735,12.5995,-25.1416,-35.1672,111.757,1.77209,-106.928,103.69,1.13688,169.255,99.1579,3.06688,123.134,78.5485,9.80519,-146.757,63.9907,-7.06207,130.21,
8.1499,12.6374,-25.1839,-35.1222,111.85,1.70395,-106.87,103.7,1.01698,169.415,99.2123,2.98853,123.415,78.516,9.75768,-146.502,64.0901,-7.03754,130.337,
8.1499,12.6374,-25.1839,-35.1222,111.85,1.70395,-106.87,103.7,1.01698,169.415,99.2123,2.98853,123.415,78.516,9.75768,-146.502,64.0901,-7.03754,130.337,
8.3686,12.7327,-25.0706,-35.0666,111.955,1.58586,-106.827,103.587,0.899571,169.886,99.2224,2.94201,123.529,78.516,9.75768,-146.502,64.1558,-7.05413,130.399,
8.3686,12.7327,-25.0706,-35.0666,111.955,1.58586,-106.827,103.587,0.899571,169.886,99.2224,2.94201,123.529,78.516,9.75768,-146.502,64.1558,-7.05413,130.399,
8.49533,12.6111,-25.0929,-35.2196,112.081,1.50583,-106.898,103.586,0.829775,169.951,99.4702,2.86422,123.432,78.493,9.71501,-146.414,64.2506,-7.00323,130.546,
8.49533,12.6111,-25.0929,-35.2196,112.081,1.50583,-106.898,103.586,0.829775,169.951,99.4702,2.86422,123.432,78.493,9.71501,-146.414,64.2506,-7.00323,130.546,
8.62295,12.701,-25.0981,-35.2773,112.229,1.43645,-106.971,103.606,0.654964,170.168,99.5279,2.80453,123.491,78.5078,9.64088,-146.351,64.2506,-7.00323,130.546,
8.62295,12.701,-25.0981,-35.2773,112.229,1.43645,-106.971,103.606,0.654964,170.168,99.5279,2.80453,123.491,78.5078,9.64088,-146.351,64.2506,-7.00323,130.546,
8.89878,12.9089,-25.1395,-35.2959,112.505,1.26116,-107.154,103.606,0.654964,170.168,99.5958,2.73476,123.557,78.4664,9.63304,-146.18,64.2999,-7.1195,130.622,
8.89878,12.9089,-25.1395,-35.2959,112.505,1.26116,-107.154,103.606,0.654964,170.168,99.5958,2.73476,123.557,78.4664,9.63304,-146.18,64.2999,-7.1195,130.622,
9.12029,12.8973,-25.0021,-35.3817,112.589,1.22261,-107.212,103.468,0.627736,170.308,99.6915,2.67589,123.634,78.4664,9.63304,-146.18,64.3098,-7.15059,130.68,
9.12029,12.8973,-25.0021,-35.3817,112.589,1.22261,-107.212,103.468,0.627736,170.308,99.6915,2.67589,123.634,78.4664,9.63304,-146.18,64.3098,-7.15059,130.68,
9.46633,12.8733,-24.8964,-35.6527,112.849,1.05543,-107.251,103.383,0.602328,170.333,99.9756,2.38944,123.988,78.4863,9.54165,-146.119,64.3229,-7.21291,130.732,
9.46633,12.8733,-24.8964,-35.6527,112.849,1.05543,-107.251,103.383,0.602328,170.333,99.9756,2.38944,123.988,78.4863,9.54165,-146.119,64.3229,-7.21291,130.732,
9.7031,13.0902,-24.908,-35.6185,113.09,0.86883,-107.263,103.387,0.385894,170.559,99.9999,2.25841,124.263,78.4789,9.38804,-146.026,64.3814,-7.364,131.015,
9.7031,13.0902,-24.908,-35.6185,113.09,0.86883,-107.263,103.387,0.385894,170.559,99.9999,2.25841,124.263,78.4789,9.38804,-146.026,64.3814,-7.364,131.015,
10.0382,13.4357,-24.9727,-35.528,113.425,0.568218,-107.174,103.387,0.385894,170.559,99.9894,2.13205,124.706,78.4142,9.24858,-145.852,64.4613,-7.39479,131.122,
10.0382,13.4357,-24.9727,-35.528,113.425,0.568218,-107.174,103.387,0.385894,170.559,99.9894,2.13205,124.706,78.4142,9.24858,-145.852,64.4613,-7.39479,131.122,
10.4704,13.5621,-24.6578,-35.4217,113.551,0.317961,-107.055,103.081,0.160209,170.727,99.9894,2.13205,124.706,78.4233,9.04875,-145.688,64.5677,-7.41168,131.218,
10.4704,13.5621,-24.6578,-35.4217,113.551,0.317961,-107.055,103.081,0.160209,170.727,99.9894,2.13205,124.706,78.4233,9.04875,-145.688,64.5677,-7.41168,131.218,
10.7115,13.5574,-24.4936,-35.283,113.661,0.0684027,-107.131,102.95,0.0640723,170.79,100.104,1.98581,124.928,78.4563,8.91593,-145.627,64.8209,-7.49803,131.348,
10.7115,13.5574,-24.4936,-35.283,113.661,0.0684027,-107.131,102.95,0.0640723,170.79,100.104,1.98581,124.928,78.4563,8.91593,-145.627,64.8209,-7.49803,131.348,
10.9569,13.5242,-24.2614,-35.2095,113.715,-0.0817233,-107.214,102.758,-0.162279,170.92,100.191,1.8223,125.028,78.4967,8.76518,-145.578,64.9813,-7.57537,131.436,
10.9569,13.5242,-24.2614,-35.2095,113.715,-0.0817233,-107.214,102.758,-0.162279,170.92,100.191,1.8223,125.028,78.4967,8.76518,-145.578,64.9813,-7.57537,131.436,
10.9646,13.4061,-24.139,-35.1568,113.723,-0.125445,-107.275,102.758,-0.162279,170.92,100.317,1.62292,125.187,78.6191,8.41152,-145.486,65.1598,-7.65389,131.584,
10.9646,13.4061,-24.139,-35.1568,113.723,-0.125445,-107.275,102.758,-0.162279,170.92,100.317,1.62292,125.187,78.6191,8.41152,-145.486,65.1598,-7.65389,131.584,
11.1559,13.19,-23.7024,-34.8748,113.625,-0.484089,-107.302,102.47,-0.608888,171.144,100.436,1.40424,125.406,78.7672,8.01593,-145.339,65.5607,-7.74033,132.042,
11.1559,13.19,-23.7024,-34.8748,113.625,-0.484089,-107.302,102.47,-0.608888,171.144,100.436,1.40424,125.406,78.7672,8.01593,-145.339,65.5607,-7.74033,132.042,
11.2716,12.7666,-23.28,-34.6169,113.418,-0.774338,-107.308,102.147,-0.969005,171.247,100.652,1.05677,125.892,78.8668,7.78386,-145.281,66.0349,-7.80705,132.575,
11.2716,12.7666,-23.28,-34.6169,113.418,-0.774338,-107.308,102.147,-0.969005,171.247,100.652,1.05677,125.892,78.8668,7.78386,-145.281,66.0349,-7.80705,132.575,
11.2796,12.4148,-22.8779,-34.8082,113.258,-1.16368,-107.349,101.978,-1.1903,171.325,100.843,0.818436,126.551,79.1004,7.3237,-145.145,66.0349,-7.80705,132.575,
11.2796,12.4148,-22.8779,-34.8082,113.258,-1.16368,-107.349,101.978,-1.1903,171.325,100.843,0.818436,126.551,79.1004,7.3237,-145.145,66.0349,-7.80705,132.575,
11.2585,12.0562,-22.5234,-33.8391,113.013,-1.4924,-107.35,101.755,-1.56452,171.559,100.957,0.665178,127.361,79.2313,7.07847,-145.072,67.1178,-7.85704,133.728,
11.2585,12.0562,-22.5234,-33.8391,113.013,-1.4924,-107.35,101.755,-1.56452,171.559,100.957,0.665178,127.361,79.2313,7.07847,-145.072,67.1178,-7.85704,133.728,
11.0224,11.5696,-22.0807,-33.6387,112.619,-2.01567,-107.184,101.597,-1.72925,171.664,101.05,0.55426,127.594,79.5162,6.56632,-144.931,67.411,-7.9368,133.928,
11.0224,11.5696,-22.0807,-33.6387,112.619,-2.01567,-107.184,101.597,-1.72925,171.664,101.05,0.55426,127.594,79.5162,6.56632,-144.931,67.411,-7.9368,133.928,
11.0642,11.2914,-21.8658,-33.7437,112.446,-2.23831,-107.179,101.382,-1.87759,171.743,101.155,0.382603,127.743,79.5162,6.56632,-144.931,67.411,-7.9368,133.928,
11.0642,11.2914,-21.8658,-33.7437,112.446,-2.23831,-107.179,101.382,-1.87759,171.743,101.155,0.382603,127.743,79.5162,6.56632,-144.931,67.411,-7.9368,133.928,
11.0856,10.7401,-20.989,-33.7584,112.212,-2.52569,-107.214,101.126,-2.0281,171.765,101.472,-0.0803673,128.183,80.137,5.69848,-144.758,67.7132,-8.0019,134.16,
11.0856,10.7401,-20.989,-33.7584,112.212,-2.52569,-107.214,101.126,-2.0281,171.765,101.472,-0.0803673,128.183,80.137,5.69848,-144.758,67.7132,-8.0019,134.16,
11.8486,9.95874,-19.6402,-33.026,111.902,-2.83618,-107.27,100.054,-2.47869,171.418,101.943,-0.501,128.644,80.4134,5.3823,-144.696,68.9174,-8.30565,136.128,
11.8486,9.95874,-19.6402,-33.026,111.902,-2.83618,-107.27,100.054,-2.47869,171.418,101.943,-0.501,128.644,80.4134,5.3823,-144.696,68.9174,-8.30565,136.128,
12.0169,9.4006,-18.7878,-32.8966,111.533,-3.17765,-107.321,99.5159,-2.64291,171.216,102.132,-0.710448,128.898,80.7281,5.05504,-144.628,69.2357,-8.40986,136.392,
12.0169,9.4006,-18.7878,-32.8966,111.533,-3.17765,-107.321,99.5159,-2.64291,171.216,102.132,-0.710448,128.898,80.7281,5.05504,-144.628,69.2357,-8.40986,136.392,
13.0404,8.39951,-15.9372,-33.0316,110.978,-3.59069,-107.569,97.9378,-2.96662,170.726,102.579,-1.01787,129.038,82.0006,3.96667,-144.054,69.547,-8.49703,136.69,
13.0404,8.39951,-15.9372,-33.0316,110.978,-3.59069,-107.569,97.9378,-2.96662,170.726,102.579,-1.01787,129.038,82.0006,3.96667,-144.054,69.547,-8.49703,136.69,
13.7202,7.51607,-14.1885,-33.4092,110.472,-3.90955,-107.744,96.752,-3.07066,170.443,102.956,-1.31708,129.336,82.5636,3.61158,-143.733,69.547,-8.49703,136.69,
13.7202,7.51607,-14.1885,-33.4092,110.472,-3.90955,-107.744,96.752,-3.07066,170.443,102.956,-1.31708,129.336,82.5636,3.61158,-143.733,69.547,-8.49703,136.69,
13.2213,6.82239,-13.539,-32.5815,109.973,-4.23951,-107.904,96.752,-3.07066,170.443,103.151,-1.51046,129.288,83.213,3.28458,-143.141,70.5694,-9.10797,137.811,
13.2213,6.82239,-13.539,-32.5815,109.973,-4.23951,-107.904,96.752,-3.07066,170.443,103.151,-1.51046,129.288,83.213,3.28458,-143.141,70.5694,-9.10797,137.811,
18.2086,6.40548,-7.61446,-32.6161,109.794,-4.35088,-107.995,91.5856,-3.22416,169.01,103.389,-1.6602,129.124,83.9712,3.03437,-142.097,70.7726,-9.27944,137.796,
18.2086,6.40548,-7.61446,-32.6161,109.794,-4.35088,-107.995,91.5856,-3.22416,169.01,103.389,-1.6602,129.124,83.9712,3.03437,-142.097,70.7726,-9.27944,137.796,
21.7105,5.45888,-0.342729,-32.6547,109.049,-4.83229,-108.407,87.3384,-3.56933,168.608,103.59,-2.44295,128.266,86.9957,2.04576,-137.506,70.9353,-9.49757,137.582,
21.7105,5.45888,-0.342729,-32.6547,109.049,-4.83229,-108.407,87.3384,-3.56933,168.608,103.59,-2.44295,128.266,86.9957,2.04576,-137.506,70.9353,-9.49757,137.582,
23.1821,5.08454,2.68686,-32.494,108.514,-5.20061,-108.775,85.3317,-3.57554,168.317,103.429,-2.73476,128.025,88.0186,1.80577,-135.95,70.9353,-9.49757,137.582,
23.1821,5.08454,2.68686,-32.494,108.514,-5.20061,-108.775,85.3317,-3.57554,168.317,103.429,-2.73476,128.025,88.0186,1.80577,-135.95,70.9353,-9.49757,137.582,
22.2828,4.2579,3.74965,-31.0965,107.615,-5.88399,-109.39,85.3317,-3.57554,168.317,103.357,-2.91911,127.658,89.0814,1.66346,-134.581,72.2602,-10.3038,137.231,
22.2828,4.2579,3.74965,-31.0965,107.615,-5.88399,-109.39,85.3317,-3.57554,168.317,103.357,-2.91911,127.658,89.0814,1.66346,-134.581,72.2602,-10.3038,137.231,
24.0736,3.57587,7.71892,-30.815,106.933,-6.26736,-109.818,82.8589,-4.38139,167.095,103.357,-2.91911,127.658,90.5778,1.89391,-132.984,72.5416,-10.3495,137.098,
24.0736,3.57587,7.71892,-30.815,106.933,-6.26736,-109.818,82.8589,-4.38139,167.095,103.357,-2.91911,127.658,90.5778,1.89391,-132.984,72.5416,-10.3495,137.098,
23.4217,2.01494,7.7616,-31.4012,105.958,-6.68532,-110.376,82.536,-3.5194,167.784,103.943,-3.30719,126.278,90.2976,2.60973,-134.391,72.5416,-10.3495,137.098,
23.4217,2.01494,7.7616,-31.4012,105.958,-6.68532,-110.376,82.536,-3.5194,167.784,103.943,-3.30719,126.278,90.2976,2.60973,-134.391,72.5416,-10.3495,137.098,
23.2256,1.81892,7.7616,-31.4012,105.762,-6.76143,-110.514,82.536,-3.5194,167.784,103.943,-3.30719,126.278,90.2976,2.60973,-134.391,72.5416,-10.3495,137.098,
23.2256,1.81892,7.7616,-31.4012,105.762,-6.76143,-110.514,82.536,-3.5194,167.784,103.943,-3.30719,126.278,90.2976,2.60973,-134.391,72.5416,-10.3495,137.098,
23.0431,0.162381,7.89304,-31.2899,104.956,-7.1068,-110.871,81.9126,-3.12712,166.148,104.793,-3.16403,125.612,89.8056,3.06983,-135.553,73.5034,-10.2714,137.673,
23.0431,0.162381,7.89304,-31.2899,104.956,-7.1068,-110.871,81.9126,-3.12712,166.148,104.793,-3.16403,125.612,89.8056,3.06983,-135.553,73.5034,-10.2714,137.673,
23.2234,-1.60301,4.77224,-31.8604,104.005,-7.65156,-110.561,80.7812,-3.12223,165.29,105.608,-2.92066,125.953,85.5534,4.64375,-139.151,73.7471,-10.3082,137.731,
23.2234,-1.60301,4.77224,-31.8604,104.005,-7.65156,-110.561,80.7812,-3.12223,165.29,105.608,-2.92066,125.953,85.5534,4.64375,-139.151,73.7471,-10.3082,137.731,
22.7791,-3.15761,3.28371,-32.9707,103.56,-7.84204,-110.355,80.7812,-3.12223,165.29,106.718,-2.77581,126.607,84.0649,5.03315,-139.56,73.7471,-10.3082,137.731,
22.7791,-3.15761,3.28371,-32.9707,103.56,-7.84204,-110.355,80.7812,-3.12223,165.29,106.718,-2.77581,126.607,84.0649,5.03315,-139.56,73.7471,-10.3082,137.731,
22.523,-3.61745,1.72137,-33.0377,103.304,-7.96663,-110.148,80.7812,-3.12223,165.29,106.922,-2.78052,126.912,82.5025,5.37195,-139.953,73.8839,-10.3382,138.522,
22.523,-3.61745,1.72137,-33.0377,103.304,-7.96663,-110.148,80.7812,-3.12223,165.29,106.922,-2.78052,126.912,82.5025,5.37195,-139.953,73.8839,-10.3382,138.522,
22.3277,-3.91991,0.234849,-32.8238,103.002,-8.06456,-109.973,80.6739,-2.99699,165.565,106.922,-2.78052,126.912,80.9088,5.69828,-140.215,74.0978,-10.2943,138.693,
22.3277,-3.91991,0.234849,-32.8238,103.002,-8.06456,-109.973,80.6739,-2.99699,165.565,106.922,-2.78052,126.912,80.9088,5.69828,-140.215,74.0978,-10.2943,138.693,
22.2387,-4.16087,-1.35497,-32.8269,102.914,-8.13291,-109.889,80.6751,-3.20348,165.066,107.075,-2.82182,127.35,79.3201,6.04193,-140.456,74.2477,-10.245,138.664,
22.2387,-4.16087,-1.35497,-32.8269,102.914,-8.13291,-109.889,80.6751,-3.20348,165.066,107.075,-2.82182,127.35,79.3201,6.04193,-140.456,74.2477,-10.245,138.664,
22.4716,-4.07334,-4.28287,-32.5961,103.001,-8.10181,-109.942,80.5296,-3.807,163.809,107.075,-2.83196,126.945,76.2468,6.78508,-141.201,74.4784,-10.144,138.596,
22.4716,-4.07334,-4.28287,-32.5961,103.001,-8.10181,-109.942,80.5296,-3.807,163.809,107.075,-2.83196,126.945,76.2468,6.78508,-141.201,74.4784,-10.144,138.596,
22.5965,-4.13855,-7.04226,-32.2062,103.126,-8.02385,-110.205,80.5296,-3.807,163.809,107.265,-2.76723,126.559,73.4874,7.58597,-142.001,75.0585,-9.91463,138.843,
22.5965,-4.13855,-7.04226,-32.2062,103.126,-8.02385,-110.205,80.5296,-3.807,163.809,107.265,-2.76723,126.559,73.4874,7.58597,-142.001,75.0585,-9.91463,138.843,
21.3442,-3.99605,-9.5654,-31.6162,103.269,-7.9514,-110.551,81.9245,-4.52433,163.271,107.265,-2.76723,126.559,72.3591,8.0111,-142.423,75.6485,-9.48422,138.668,
21.3442,-3.99605,-9.5654,-31.6162,103.269,-7.9514,-110.551,81.9245,-4.52433,163.271,107.265,-2.76723,126.559,72.3591,8.0111,-142.423,75.6485,-9.48422,138.668,
21.5312,-4.29727,-11.1945,-31.8396,103.456,-7.94674,-110.853,81.9245,-4.52433,163.271,107.753,-2.44257,126.018,70.73,8.8319,-143.505,75.9134,-9.3216,138.488,
21.5312,-4.29727,-11.1945,-31.8396,103.456,-7.94674,-110.853,81.9245,-4.52433,163.271,107.753,-2.44257,126.018,70.73,8.8319,-143.505,75.9134,-9.3216,138.488,
21.0276,-4.497,-12.5384,-31.7042,103.648,-7.96708,-110.968,82.6208,-4.74033,162.618,108.145,-2.1882,126.228,70.0824,9.31085,-146.615,76.4412,-8.91658,138.91,
21.0276,-4.497,-12.5384,-31.7042,103.648,-7.96708,-110.968,82.6208,-4.74033,162.618,108.145,-2.1882,126.228,70.0824,9.31085,-146.615,76.4412,-8.91658,138.91,
21.5198,-4.07448,-12.5384,-31.2173,104.141,-7.77891,-110.734,82.6208,-4.74033,162.618,108.215,-1.97324,126.28,70.0824,9.31085,-146.615,76.9978,-8.44226,138.393,
21.5198,-4.07448,-12.5384,-31.2173,104.141,-7.77891,-110.734,82.6208,-4.74033,162.618,108.215,-1.97324,126.28,70.0824,9.31085,-146.615,76.9978,-8.44226,138.393,
20.7514,-3.92684,-11.706,-30.9367,104.288,-7.6715,-110.729,83.5368,-4.24169,164.105,108.215,-1.97324,126.28,71.8308,9.33462,-147.704,77.2784,-8.16461,138.099,
20.7514,-3.92684,-11.706,-30.9367,104.288,-7.6715,-110.729,83.5368,-4.24169,164.105,108.215,-1.97324,126.28,71.8308,9.33462,-147.704,77.2784,-8.16461,138.099,
19.1105,-3.93651,-13.8621,-30.9457,104.561,-7.08881,-110.949,85.4501,-3.0657,162.697,108.497,-0.88383,125.322,71.588,10.2608,-148.041,77.5514,-7.86703,137.716,
19.1105,-3.93651,-13.8621,-30.9457,104.561,-7.08881,-110.949,85.4501,-3.0657,162.697,108.497,-0.88383,125.322,71.588,10.2608,-148.041,77.5514,-7.86703,137.716,
18.6818,-3.66256,-15.1566,-30.6149,105.035,-6.46473,-111.567,86.3535,-2.58233,162.975,108.698,-0.500942,124.585,71.1969,10.3299,-149.467,78.0829,-7.02776,136.774,
18.6818,-3.66256,-15.1566,-30.6149,105.035,-6.46473,-111.567,86.3535,-2.58233,162.975,108.698,-0.500942,124.585,71.1969,10.3299,-149.467,78.0829,-7.02776,136.774,
19.0504,-3.50086,-14.7377,-30.4243,105.404,-5.83662,-112.403,86.3535,-2.58233,162.975,108.905,-0.0147256,123.759,71.6158,10.5494,-149.535,78.4804,-6.06947,135.762,
19.0504,-3.50086,-14.7377,-30.4243,105.404,-5.83662,-112.403,86.3535,-2.58233,162.975,108.905,-0.0147256,123.759,71.6158,10.5494,-149.535,78.4804,-6.06947,135.762,
19.4283,-2.71992,-13.9542,-30.2771,106.185,-5.05912,-113.905,86.7565,-0.868168,161.648,108.905,-0.0147256,123.759,72.8023,10.7666,-150.554,78.6276,-5.11225,134.699,
19.4283,-2.71992,-13.9542,-30.2771,106.185,-5.05912,-113.905,86.7565,-0.868168,161.648,108.905,-0.0147256,123.759,72.8023,10.7666,-150.554,78.6276,-5.11225,134.699,
19.4388,-2.89512,-12.6296,-30.7877,106.52,-4.32002,-115.207,87.0815,-0.815646,160.519,109.415,1.8586,121.939,74.4519,10.4637,-152.521,78.6276,-5.11225,134.699,
19.4388,-2.89512,-12.6296,-30.7877,106.52,-4.32002,-115.207,87.0815,-0.815646,160.519,109.415,1.8586,121.939,74.4519,10.4637,-152.521,78.6276,-5.11225,134.699,
19.0127,-2.796,-12.2439,-30.7877,106.619,-3.9665,-115.721,87.6067,-0.649988,159.565,109.415,1.8586,121.939,75.3628,10.3395,-153.364,78.6276,-5.11225,134.699,
19.0127,-2.796,-12.2439,-30.7877,106.619,-3.9665,-115.721,87.6067,-0.649988,159.565,109.415,1.8586,121.939,75.3628,10.3395,-153.364,78.6276,-5.11225,134.699,
19.2225,-2.27876,-11.2954,-30.7305,106.829,-3.42511,-116.651,87.6067,-0.649988,159.565,109.108,2.98195,120.716,76.3112,10.1385,-154.096,78.3774,-3.18451,131.69,
19.2225,-2.27876,-11.2954,-30.7305,106.829,-3.42511,-116.651,87.6067,-0.649988,159.565,109.108,2.98195,120.716,76.3112,10.1385,-154.096,78.3774,-3.18451,131.69,
18.4259,-1.84223,-10.7136,-30.7958,107.266,-2.92882,-117.599,88.8398,0.0116659,157.947,109.108,2.98195,120.716,78.1262,10.1762,-154.746,78.3122,-2.67573,130.916,
18.4259,-1.84223,-10.7136,-30.7958,107.266,-2.92882,-117.599,88.8398,0.0116659,157.947,109.108,2.98195,120.716,78.1262,10.1762,-154.746,78.3122,-2.67573,130.916,
18.967,-0.0214887,-8.71115,-29.2508,107.517,-2.38818,-118.364,88.5497,0.487154,157.826,107.538,5.36655,117.517,79.8386,10.433,-155.102,78.2875,-2.14013,130.174,
18.967,-0.0214887,-8.71115,-29.2508,107.517,-2.38818,-118.364,88.5497,0.487154,157.826,107.538,5.36655,117.517,79.8386,10.433,-155.102,78.2875,-2.14013,130.174,
