2.31208,4.63788,1.35278,10.228,96.8102,6.71964,84.8369,94.4981,2.4761,24.2385,92.1723,-0.875489,6.40887,95.8509,10.0189,65.2408,102.4,-11.1774,-13.5314,
2.31208,4.63788,1.35278,10.228,96.8102,6.71964,84.8369,94.4981,2.4761,24.2385,92.1723,-0.875489,6.40887,95.8509,10.0189,65.2408,102.4,-11.1774,-13.5314,
1.58524,1.92302,-0.584053,5.60637,96.3663,5.90893,83.7277,94.781,2.68458,23.4431,94.4432,0.162746,0.888119,94.197,10.7399,63.742,100.05,-12.4898,-14.1507,
1.58524,1.92302,-0.584053,5.60637,96.3663,5.90893,83.7277,94.781,2.68458,23.4431,94.4432,0.162746,0.888119,94.197,10.7399,63.742,100.05,-12.4898,-14.1507,
2.0629,3.5393,-0.475327,7.12709,96.4618,5.62274,82.956,94.3989,2.59813,22.2536,92.9225,-0.0853807,0.0294723,93.9236,10.8106,63.6014,100.05,-12.4898,-14.1507,
2.0629,3.5393,-0.475327,7.12709,96.4618,5.62274,82.956,94.3989,2.59813,22.2536,92.9225,-0.0853807,0.0294723,93.9236,10.8106,63.6014,100.05,-12.4898,-14.1507,
2.44216,3.9593,-0.444146,1.13766,96.5089,5.33992,81.6313,94.0667,2.55986,20.9745,92.5496,-0.421987,-0.49189,93.6226,10.8802,63.6588,93.6873,-14.3479,-13.8704,
2.44216,3.9593,-0.444146,1.13766,96.5089,5.33992,81.6313,94.0667,2.55986,20.9745,92.5496,-0.421987,-0.49189,93.6226,10.8802,63.6588,93.6873,-14.3479,-13.8704,
2.40426,3.92139,-1.01433,-0.0628601,96.471,4.96992,80.6976,94.0667,2.55986,20.9745,92.5496,-0.421987,-0.49189,93.0524,10.9215,63.4482,92.4867,-14.8531,-13.7334,
2.40426,3.92139,-1.01433,-0.0628601,96.471,4.96992,80.6976,94.0667,2.55986,20.9745,92.5496,-0.421987,-0.49189,93.0524,10.9215,63.4482,92.4867,-14.8531,-13.7334,
2.65251,2.32865,-1.33544,-2.98232,96.5802,4.85861,79.5313,93.9277,2.18678,19.2193,94.2516,-0.715443,-1.8157,92.5923,10.8899,62.9557,91.2693,-15.0618,-13.344,
2.65251,2.32865,-1.33544,-2.98232,96.5802,4.85861,79.5313,93.9277,2.18678,19.2193,94.2516,-0.715443,-1.8157,92.5923,10.8899,62.9557,91.2693,-15.0618,-13.344,
2.61782,2.5603,-1.64482,-4.5689,96.5601,4.80277,79.18,93.9422,1.94619,18.5596,93.9997,-0.59639,-2.15078,92.2974,10.9406,62.8712,89.4308,-15.2503,-13.2222,
2.61782,2.5603,-1.64482,-4.5689,96.5601,4.80277,79.18,93.9422,1.94619,18.5596,93.9997,-0.59639,-2.15078,92.2974,10.9406,62.8712,89.4308,-15.2503,-13.2222,
2.38371,2.74106,-2.50213,-5.70604,96.4611,4.64706,78.5279,94.0774,1.53162,17.8538,93.72,-0.601496,-2.14425,91.5753,11.1406,62.9886,88.014,-15.3575,-12.8129,
2.38371,2.74106,-2.50213,-5.70604,96.4611,4.64706,78.5279,94.0774,1.53162,17.8538,93.72,-0.601496,-2.14425,91.5753,11.1406,62.9886,88.014,-15.3575,-12.8129,
2.32941,2.71816,-3.20838,-6.263,96.3954,4.28187,77.8805,94.066,1.3329,17.7345,93.6773,-0.721606,-2.04893,90.8576,11.3734,63.0243,87.4143,-15.3425,-12.4349,
2.32941,2.71816,-3.20838,-6.263,96.3954,4.28187,77.8805,94.066,1.3329,17.7345,93.6773,-0.721606,-2.04893,90.8576,11.3734,63.0243,87.4143,-15.3425,-12.4349,
2.64529,2.72209,-3.56487,-7.08171,96.6116,3.94422,77.6029,93.9663,1.14012,18.024,93.8895,-0.68488,-2.01322,90.4014,11.7259,64.0705,86.8078,-15.285,-12.0745,
2.64529,2.72209,-3.56487,-7.08171,96.6116,3.94422,77.6029,93.9663,1.14012,18.024,93.8895,-0.68488,-2.01322,90.4014,11.7259,64.0705,86.8078,-15.285,-12.0745,
2.92469,3.29491,-3.8294,-7.05284,97.1555,3.57423,77.7321,94.2308,1.12738,18.795,93.8606,-0.659893,-1.89974,90.4014,11.7259,64.0705,86.8078,-15.285,-12.0745,
2.92469,3.29491,-3.8294,-7.05284,97.1555,3.57423,77.7321,94.2308,1.12738,18.795,93.8606,-0.659893,-1.89974,90.4014,11.7259,64.0705,86.8078,-15.285,-12.0745,
3.19304,3.57896,-4.13732,-8.81637,97.4031,3.14067,77.8542,94.21,1.16854,18.9219,93.8241,-0.665248,-1.69502,90.0727,12.1993,67.1601,85.0077,-14.8019,-11.1971,
3.19304,3.57896,-4.13732,-8.81637,97.4031,3.14067,77.8542,94.21,1.16854,18.9219,93.8241,-0.665248,-1.69502,90.0727,12.1993,67.1601,85.0077,-14.8019,-11.1971,
3.36547,3.75139,-4.2916,-9.11888,97.5755,2.97725,77.9867,94.21,1.16854,18.9219,93.8241,-0.665248,-1.69502,89.9184,12.2329,67.6054,84.7052,-14.5815,-10.7741,
3.36547,3.75139,-4.2916,-9.11888,97.5755,2.97725,77.9867,94.21,1.16854,18.9219,93.8241,-0.665248,-1.69502,89.9184,12.2329,67.6054,84.7052,-14.5815,-10.7741,
3.64776,4.30113,-4.1936,-8.97504,97.7817,2.84924,78.0426,94.134,1.10478,18.6867,93.4806,-1.11218,-0.570504,89.9404,12.2393,68.1802,84.5056,-14.331,-10.4447,
3.64776,4.30113,-4.1936,-8.97504,97.7817,2.84924,78.0426,94.134,1.10478,18.6867,93.4806,-1.11218,-0.570504,89.9404,12.2393,68.1802,84.5056,-14.331,-10.4447,
3.74994,4.58725,-4.22546,-8.9694,97.9158,2.56371,78.4246,94.1658,1.10717,19.3198,93.3285,-1.9227,0.381617,89.9404,12.2393,68.1802,84.3591,-13.8347,-10.026,
3.74994,4.58725,-4.22546,-8.9694,97.9158,2.56371,78.4246,94.1658,1.10717,19.3198,93.3285,-1.9227,0.381617,89.9404,12.2393,68.1802,84.3591,-13.8347,-10.026,
4.06204,5.01822,-3.86619,-8.21921,98.3467,2.26682,79.0914,94.2847,1.1627,19.7089,93.3285,-1.9227,0.381617,90.4185,12.1869,68.9111,85.1093,-12.0622,-9.22169,
4.06204,5.01822,-3.86619,-8.21921,98.3467,2.26682,79.0914,94.2847,1.1627,19.7089,93.3285,-1.9227,0.381617,90.4185,12.1869,68.9111,85.1093,-12.0622,-9.22169,
4.15126,8.08282,-3.63987,-4.60731,98.436,1.98976,79.8233,94.2847,1.1627,19.7089,90.3531,-2.65628,2.31585,90.6448,12.2296,69.3476,85.7458,-11.0839,-9.14178,
4.15126,8.08282,-3.63987,-4.60731,98.436,1.98976,79.8233,94.2847,1.1627,19.7089,90.3531,-2.65628,2.31585,90.6448,12.2296,69.3476,85.7458,-11.0839,-9.14178,
2.83116,16.9941,-4.47435,4.29527,98.4447,1.81985,80.443,95.6135,1.45923,21.3584,81.4506,-2.64364,7.04332,91.1392,12.3734,69.7985,85.7458,-11.0839,-9.14178,
2.83116,16.9941,-4.47435,4.29527,98.4447,1.81985,80.443,95.6135,1.45923,21.3584,81.4506,-2.64364,7.04332,91.1392,12.3734,69.7985,85.7458,-11.0839,-9.14178,
2.49987,17.9648,-4.93644,7.11955,98.5755,1.70287,80.6966,96.0756,1.57547,21.4698,80.6106,-2.63093,7.90391,91.1392,12.3734,69.7985,87.7302,-8.84618,-9.69951,
2.49987,17.9648,-4.93644,7.11955,98.5755,1.70287,80.6966,96.0756,1.57547,21.4698,80.6106,-2.63093,7.90391,91.1392,12.3734,69.7985,87.7302,-8.84618,-9.69951,
2.60313,18.0681,-4.64452,9.7725,98.6787,1.63211,80.7853,96.0756,1.57547,21.4698,80.6106,-2.63093,7.90391,91.4311,12.4933,70.2473,90.3831,-5.71174,-13.3403,
2.60313,18.0681,-4.64452,9.7725,98.6787,1.63211,80.7853,96.0756,1.57547,21.4698,80.6106,-2.63093,7.90391,91.4311,12.4933,70.2473,90.3831,-5.71174,-13.3403,
2.27011,20.4276,-4.97248,16.151,98.7946,1.34645,80.3268,96.5245,1.66246,21.4707,78.367,-3.04464,7.45194,91.552,12.7056,70.6172,94.518,-3.46466,-14.0809,
2.27011,20.4276,-4.97248,16.151,98.7946,1.34645,80.3268,96.5245,1.66246,21.4707,78.367,-3.04464,7.45194,91.552,12.7056,70.6172,94.518,-3.46466,-14.0809,
-0.119355,21.034,-6.80897,17.1263,98.4258,1.13314,79.2103,98.5451,1.96195,21.514,77.3917,-3.80436,5.98859,91.7361,12.8713,70.8303,94.518,-3.46466,-14.0809,
-0.119355,21.034,-6.80897,17.1263,98.4258,1.13314,79.2103,98.5451,1.96195,21.514,77.3917,-3.80436,5.98859,91.7361,12.8713,70.8303,94.518,-3.46466,-14.0809,
-0.89202,23.4516,-7.35997,15.6089,98.2041,0.877683,78.2779,99.0961,1.93053,21.6497,74.7525,-5.48818,4.58149,91.7361,12.8713,70.8303,90.3613,-6.32254,-11.6596,
-0.89202,23.4516,-7.35997,15.6089,98.2041,0.877683,78.2779,99.0961,1.93053,21.6497,74.7525,-5.48818,4.58149,91.7361,12.8713,70.8303,90.3613,-6.32254,-11.6596,
-1.28319,23.5195,-7.96491,9.18587,98.2719,0.881691,77.7602,99.5551,1.92271,21.7173,74.7525,-5.48818,4.58149,91.5902,12.5797,70.8968,83.9383,-9.40576,-9.42211,
-1.28319,23.5195,-7.96491,9.18587,98.2719,0.881691,77.7602,99.5551,1.92271,21.7173,74.7525,-5.48818,4.58149,91.5902,12.5797,70.8968,83.9383,-9.40576,-9.42211,
-0.472152,26.2591,-7.82515,7.16981,99.083,1.49312,77.9263,99.5551,1.92271,21.7173,72.8239,-6.04862,4.55609,91.73,12.266,70.778,79.9937,-10.9542,-8.13359,
-0.472152,26.2591,-7.82515,7.16981,99.083,1.49312,77.9263,99.5551,1.92271,21.7173,72.8239,-6.04862,4.55609,91.73,12.266,70.778,79.9937,-10.9542,-8.13359,
-0.367098,28.457,-8.31349,8.77434,99.6764,1.8994,77.7873,100.043,1.84721,22.3772,71.2193,-5.71291,6.27215,91.73,12.266,70.778,79.9937,-10.9542,-8.13359,
-0.367098,28.457,-8.31349,8.77434,99.6764,1.8994,77.7873,100.043,1.84721,22.3772,71.2193,-5.71291,6.27215,91.73,12.266,70.778,79.9937,-10.9542,-8.13359,
-1.08107,29.7242,-8.8199,-9.3825,100.032,2.34328,77.1267,101.114,1.56946,22.8236,70.3083,-3.82057,8.16376,92.2936,11.5731,70.704,60.9257,-16.7838,-2.86423,
-1.08107,29.7242,-8.8199,-9.3825,100.032,2.34328,77.1267,101.114,1.56946,22.8236,70.3083,-3.82057,8.16376,92.2936,11.5731,70.704,60.9257,-16.7838,-2.86423,
-1.36019,29.975,-8.48429,-14.2061,100.283,2.7879,76.332,101.643,1.52395,22.8801,70.3083,-3.82057,8.16376,93.1591,10.7951,70.4927,56.1021,-17.9768,-0.933643,
-1.36019,29.975,-8.48429,-14.2061,100.283,2.7879,76.332,101.643,1.52395,22.8801,70.3083,-3.82057,8.16376,93.1591,10.7951,70.4927,56.1021,-17.9768,-0.933643,
-3.54846,34.0068,-9.57134,-14.93,100.426,2.96667,76.2961,103.974,1.45175,23.957,66.419,0.363899,11.7201,94.4029,9.80681,70.1056,51.4889,-18.7867,1.27505,
-3.54846,34.0068,-9.57134,-14.93,100.426,2.96667,76.2961,103.974,1.45175,23.957,66.419,0.363899,11.7201,94.4029,9.80681,70.1056,51.4889,-18.7867,1.27505,
-6.84733,37.1861,-12.2781,-11.8715,100.547,2.96205,76.7934,107.394,1.68825,24.6505,63.3605,1.20925,13.2095,95.1158,9.34054,69.8593,51.4889,-18.7867,1.27505,
-6.84733,37.1861,-12.2781,-11.8715,100.547,2.96205,76.7934,107.394,1.68825,24.6505,63.3605,1.20925,13.2095,95.1158,9.34054,69.8593,51.4889,-18.7867,1.27505,
-8.81124,40.5978,-12.2859,-15.7597,100.512,2.90847,76.9133,109.323,1.66017,25.2475,59.9144,2.4297,14.9429,97.0375,7.86744,68.8579,44.1547,-17.2792,6.1482,
-8.81124,40.5978,-12.2859,-15.7597,100.512,2.90847,76.9133,109.323,1.66017,25.2475,59.9144,2.4297,14.9429,97.0375,7.86744,68.8579,44.1547,-17.2792,6.1482,
-9.0596,40.3495,-11.1092,-12.616,100.264,2.56788,77.3057,109.323,1.66017,25.2475,59.9144,2.4297,14.9429,98.2143,7.12304,68.0699,47.2983,-17.3316,5.21719,
-9.0596,40.3495,-11.1092,-12.616,100.264,2.56788,77.3057,109.323,1.66017,25.2475,59.9144,2.4297,14.9429,98.2143,7.12304,68.0699,47.2983,-17.3316,5.21719,
-10.042,42.382,-8.97752,-7.41945,100.123,2.26242,77.5683,110.165,2.18798,25.3693,57.7407,3.30736,16.7074,101.187,5.12415,66.0069,50.3213,-17.0332,4.10513,
-10.042,42.382,-8.97752,-7.41945,100.123,2.26242,77.5683,110.165,2.18798,25.3693,57.7407,3.30736,16.7074,101.187,5.12415,66.0069,50.3213,-17.0332,4.10513,
-8.73298,35.3466,-6.01447,-14.7651,100.433,1.69034,77.6934,109.166,1.97203,25.8805,65.0864,-3.36312,10.0688,103.152,3.80661,64.6834,50.3213,-17.0332,4.10513,
-8.73298,35.3466,-6.01447,-14.7651,100.433,1.69034,77.6934,109.166,1.97203,25.8805,65.0864,-3.36312,10.0688,103.152,3.80661,64.6834,50.3213,-17.0332,4.10513,
-6.95251,35.6626,-2.49187,-2.65324,100.749,1.69515,76.1439,107.701,1.83622,25.5669,65.0864,-3.36312,10.0688,105.21,2.55727,63.5062,62.4332,-18.3488,-5.45871,
-6.95251,35.6626,-2.49187,-2.65324,100.749,1.69515,76.1439,107.701,1.83622,25.5669,65.0864,-3.36312,10.0688,105.21,2.55727,63.5062,62.4332,-18.3488,-5.45871,
-7.36354,35.966,3.81799,0.442917,100.338,2.12332,75.7958,107.701,1.83622,25.5669,64.3719,-3.67618,13.5565,111.519,-1.01747,61.9032,64.8148,-17.9624,-6.43912,
-7.36354,35.966,3.81799,0.442917,100.338,2.12332,75.7958,107.701,1.83622,25.5669,64.3719,-3.67618,13.5565,111.519,-1.01747,61.9032,64.8148,-17.9624,-6.43912,
-1.91732,31.6121,11.3653,-2.01376,100.317,1.96749,76.9334,102.234,1.28219,23.6851,68.7048,-1.8508,15.602,113.599,-2.48023,62.1093,66.691,-16.9796,-6.95204,
-1.91732,31.6121,11.3653,-2.01376,100.317,1.96749,76.9334,102.234,1.28219,23.6851,68.7048,-1.8508,15.602,113.599,-2.48023,62.1093,66.691,-16.9796,-6.95204,
5.22625,29.3507,20.9245,0.391764,99.9246,2.27159,77.6909,94.6984,-0.175266,24.4537,70.5739,-0.87264,16.4339,115.623,-4.47356,62.9442,70.9656,-17.1579,-7.96109,
5.22625,29.3507,20.9245,0.391764,99.9246,2.27159,77.6909,94.6984,-0.175266,24.4537,70.5739,-0.87264,16.4339,115.623,-4.47356,62.9442,70.9656,-17.1579,-7.96109,
4.84969,26.951,22.8412,1.37173,99.548,2.26618,77.5361,94.6984,-0.175266,24.4537,72.597,-1.21499,16.1888,117.54,-7.42618,65.075,73.9688,-15.5695,-8.66211,
4.84969,26.951,22.8412,1.37173,99.548,2.26618,77.5361,94.6984,-0.175266,24.4537,72.597,-1.21499,16.1888,117.54,-7.42618,65.075,73.9688,-15.5695,-8.66211,
5.54546,23.3725,31.7611,1.2616,99.0015,1.78226,77.066,93.4561,-0.0645821,26.0831,75.629,-3.56396,14.2943,125.217,-15.2321,68.6307,76.8906,-14.6175,-11.0216,
5.54546,23.3725,31.7611,1.2616,99.0015,1.78226,77.066,93.4561,-0.0645821,26.0831,75.629,-3.56396,14.2943,125.217,-15.2321,68.6307,76.8906,-14.6175,-11.0216,
12.3506,20.496,38.5361,-2.68335,100.07,0.699467,76.6563,87.7193,2.40319,26.4307,79.574,-4.44034,12.61,126.255,-14.0194,67.3546,76.8906,-14.6175,-11.0216,
12.3506,20.496,38.5361,-2.68335,100.07,0.699467,76.6563,87.7193,2.40319,26.4307,79.574,-4.44034,12.61,126.255,-14.0194,67.3546,76.8906,-14.6175,-11.0216,
13.9412,15.7853,40.8089,-4.29484,99.3877,0.258863,77.3662,85.4465,3.24793,25.5581,83.6024,-4.42055,13.0503,126.255,-14.0194,67.3546,79.3076,-13.6572,-11.2745,
13.9412,15.7853,40.8089,-4.29484,99.3877,0.258863,77.3662,85.4465,3.24793,25.5581,83.6024,-4.42055,13.0503,126.255,-14.0194,67.3546,79.3076,-13.6572,-11.2745,
14.7595,14.4348,40.0645,-3.97788,98.0372,-0.183043,78.4069,83.2777,4.14146,25.1327,83.6024,-4.42055,13.0503,123.342,-10.278,67.5173,79.6245,-13.2654,-10.6191,
14.7595,14.4348,40.0645,-3.97788,98.0372,-0.183043,78.4069,83.2777,4.14146,25.1327,83.6024,-4.42055,13.0503,123.342,-10.278,67.5173,79.6245,-13.2654,-10.6191,
14.2959,6.49699,30.8681,-10.7598,97.5737,-0.648523,77.4346,83.2777,4.14146,25.1327,91.0767,-4.0292,13.2516,114.146,-1.9969,66.9648,80.3169,-12.7028,-9.86166,
14.2959,6.49699,30.8681,-10.7598,97.5737,-0.648523,77.4346,83.2777,4.14146,25.1327,91.0767,-4.0292,13.2516,114.146,-1.9969,66.9648,80.3169,-12.7028,-9.86166,
20.5349,6.27415,37.3299,-10.7598,97.3508,-0.945148,77.4695,76.8159,6.85994,25.0031,91.0767,-4.0292,13.2516,114.146,-1.9969,66.9648,80.3169,-12.7028,-9.86166,
20.5349,6.27415,37.3299,-10.7598,97.3508,-0.945148,77.4695,76.8159,6.85994,25.0031,91.0767,-4.0292,13.2516,114.146,-1.9969,66.9648,80.3169,-12.7028,-9.86166,
21.4828,2.20256,34.7124,-13.0465,96.5967,-1.83636,77.6097,75.114,7.4878,24.1462,94.3942,-4.19126,12.1685,109.826,1.03678,66.5961,81.3477,-11.8223,-8.77612,
21.4828,2.20256,34.7124,-13.0465,96.5967,-1.83636,77.6097,75.114,7.4878,24.1462,94.3942,-4.19126,12.1685,109.826,1.03678,66.5961,81.3477,-11.8223,-8.77612,
21.7882,1.97118,19.3784,-12.5176,96.3654,-2.13601,77.7448,74.5771,7.24232,23.2698,94.3942,-4.19126,12.1685,93.9555,9.48533,68.4697,81.8765,-11.5879,-8.89374,
21.7882,1.97118,19.3784,-12.5176,96.3654,-2.13601,77.7448,74.5771,7.24232,23.2698,94.3942,-4.19126,12.1685,93.9555,9.48533,68.4697,81.8765,-11.5879,-8.89374,
21.5917,-4.43781,7.73905,-17.1712,96.1689,-2.62832,77.564,74.5771,7.24232,23.2698,100.607,-4.00085,7.75063,82.3162,16.2507,69.4427,83.4354,-10.8837,-9.44113,
21.5917,-4.43781,7.73905,-17.1712,96.1689,-2.62832,77.564,74.5771,7.24232,23.2698,100.607,-4.00085,7.75063,82.3162,16.2507,69.4427,83.4354,-10.8837,-9.44113,
22.5705,-7.51381,2.17497,-20.7207,96.6423,-3.18346,76.9593,74.0718,6.16572,20.2881,104.156,-3.55045,4.97842,76.2468,19.6909,68.5008,83.4354,-10.8837,-9.44113,
22.5705,-7.51381,2.17497,-20.7207,96.6423,-3.18346,76.9593,74.0718,6.16572,20.2881,104.156,-3.55045,4.97842,76.2468,19.6909,68.5008,83.4354,-10.8837,-9.44113,
22.9528,-10.5984,2.32994,-21.8648,96.8697,-3.34279,76.4913,73.9168,6.4224,19.6916,107.468,-3.22032,3.06023,76.2468,19.6909,68.5008,85.6033,-9.69088,-9.72362,
22.9528,-10.5984,2.32994,-21.8648,96.8697,-3.34279,76.4913,73.9168,6.4224,19.6916,107.468,-3.22032,3.06023,76.2468,19.6909,68.5008,85.6033,-9.69088,-9.72362,
24.7596,-9.7306,-9.04568,-17.6479,97.7375,-3.00859,75.6972,72.9779,6.76001,18.992,107.468,-3.22032,3.06023,63.9322,24.9748,63.0456,89.8201,-7.21406,-10.1336,
24.7596,-9.7306,-9.04568,-17.6479,97.7375,-3.00859,75.6972,72.9779,6.76001,18.992,107.468,-3.22032,3.06023,63.9322,24.9748,63.0456,89.8201,-7.21406,-10.1336,
24.6786,-9.48547,-19.2062,-17.6479,97.9826,-2.79071,75.4169,73.304,6.68319,17.0695,107.468,-3.22032,3.06023,54.0978,26.4145,55.9339,89.8201,-7.21406,-10.1336,
24.6786,-9.48547,-19.2062,-17.6479,97.9826,-2.79071,75.4169,73.304,6.68319,17.0695,107.468,-3.22032,3.06023,54.0978,26.4145,55.9339,89.8201,-7.21406,-10.1336,
34.7512,-14.0151,-8.18566,-20.4883,97.8115,-2.46326,75.087,63.0602,3.22356,10.613,111.827,-3.19714,1.71139,54.8746,25.5555,54.4363,91.3383,-6.18818,-10.37,
34.7512,-14.0151,-8.18566,-20.4883,97.8115,-2.46326,75.087,63.0602,3.22356,10.613,111.827,-3.19714,1.71139,54.8746,25.5555,54.4363,91.3383,-6.18818,-10.37,
30.9934,-13.3561,-8.42443,-12.3198,97.945,-1.9692,74.4817,66.9516,4.64121,14.6554,111.301,-2.98707,1.68685,58.5272,26.0983,56.9145,98.9813,-1.1615,-11.0836,
30.9934,-13.3561,-8.42443,-12.3198,97.945,-1.9692,74.4817,66.9516,4.64121,14.6554,111.301,-2.98707,1.68685,58.5272,26.0983,56.9145,98.9813,-1.1615,-11.0836,
31.6785,-12.671,-2.88019,-10.2251,98.6301,-1.97138,73.7068,66.9516,4.64121,14.6554,111.301,-2.98707,1.68685,64.0714,25.2979,59.1749,101.076,0.449947,-12.245,
31.6785,-12.671,-2.88019,-10.2251,98.6301,-1.97138,73.7068,66.9516,4.64121,14.6554,111.301,-2.98707,1.68685,64.0714,25.2979,59.1749,101.076,0.449947,-12.245,
31.1659,-8.9463,3.36372,-4.1288,98.1175,-2.82767,74.5466,66.9516,4.64121,14.6554,107.064,-2.01324,1.43237,70.3153,22.82,61.4625,102.935,2.37642,-14.0006,
31.1659,-8.9463,3.36372,-4.1288,98.1175,-2.82767,74.5466,66.9516,4.64121,14.6554,107.064,-2.01324,1.43237,70.3153,22.82,61.4625,102.935,2.37642,-14.0006,
26.3494,-1.64878,2.29863,4.07004,97.2162,-3.20819,74.4423,70.8669,2.73329,8.75772,98.865,-0.378836,0.932282,73.1655,21.601,62.1474,102.935,2.37642,-14.0006,
26.3494,-1.64878,2.29863,4.07004,97.2162,-3.20819,74.4423,70.8669,2.73329,8.75772,98.865,-0.378836,0.932282,73.1655,21.601,62.1474,102.935,2.37642,-14.0006,
25.3135,0.433754,0.060046,4.94985,98.4189,-3.21989,73.2296,73.1054,2.1875,8.59644,97.9852,-0.0347824,-2.1049,73.1655,21.601,62.1474,102.935,2.37642,-14.0006,
25.3135,0.433754,0.060046,4.94985,98.4189,-3.21989,73.2296,73.1054,2.1875,8.59644,97.9852,-0.0347824,-2.1049,73.1655,21.601,62.1474,102.935,2.37642,-14.0006,
23.0609,1.21085,0.104901,11.9172,99.196,-3.25388,72.0451,76.1351,3.96153,10.304,97.9852,-0.0347824,-2.1049,76.24,21.1182,63.2383,109.902,10.2451,-21.5287,
23.0609,1.21085,0.104901,11.9172,99.196,-3.25388,72.0451,76.1351,3.96153,10.304,97.9852,-0.0347824,-2.1049,76.24,21.1182,63.2383,109.902,10.2451,-21.5287,
18.3237,6.50129,3.69447,23.1729,98.9824,-3.09665,71.7076,80.6587,5.18714,11.2483,92.4811,-2.80457,-5.21282,84.3532,17.3652,62.9462,115.654,13.998,-23.3965,
18.3237,6.50129,3.69447,23.1729,98.9824,-3.09665,71.7076,80.6587,5.18714,11.2483,92.4811,-2.80457,-5.21282,84.3532,17.3652,62.9462,115.654,13.998,-23.3965,
10.7328,11.4518,-2.05781,25.7207,98.5209,-2.92831,71.3898,87.7881,4.90514,13.1376,87.069,-5.00373,-2.22302,85.7302,17.0453,63.9848,112.79,11.726,-22.8672,
10.7328,11.4518,-2.05781,25.7207,98.5209,-2.92831,71.3898,87.7881,4.90514,13.1376,87.069,-5.00373,-2.22302,85.7302,17.0453,63.9848,112.79,11.726,-22.8672,
9.10537,12.0418,-2.25222,20.6536,99.1108,-2.79706,70.4336,90.0055,4.6305,13.3564,87.069,-5.00373,-2.22302,87.7532,16.6837,65.7286,107.723,8.21547,-20.4685,
9.10537,12.0418,-2.25222,20.6536,99.1108,-2.79706,70.4336,90.0055,4.6305,13.3564,87.069,-5.00373,-2.22302,87.7532,16.6837,65.7286,107.723,8.21547,-20.4685,
8.27861,11.215,-0.686605,17.4605,98.2841,-2.46702,71.2518,90.0055,4.6305,13.3564,87.069,-5.00373,-2.22302,89.3189,16.7361,66.5822,104.53,5.94616,-18.2309,
8.27861,11.215,-0.686605,17.4605,98.2841,-2.46702,71.2518,90.0055,4.6305,13.3564,87.069,-5.00373,-2.22302,89.3189,16.7361,66.5822,104.53,5.94616,-18.2309,
1.71842,19.6073,-6.61296,21.9404,98.3462,-2.1116,72.0847,96.6278,4.65768,15.4084,78.7389,-9.78775,1.73382,90.0149,16.639,67.2987,100.679,3.47087,-15.5284,
1.71842,19.6073,-6.61296,21.9404,98.3462,-2.1116,72.0847,96.6278,4.65768,15.4084,78.7389,-9.78775,1.73382,90.0149,16.639,67.2987,100.679,3.47087,-15.5284,
1.94875,20.9036,-5.9096,23.0064,98.5766,-1.82505,72.7285,96.6278,4.65768,15.4084,77.6729,-10.32,3.75143,90.7182,16.4466,67.8114,100.679,3.47087,-15.5284,
1.94875,20.9036,-5.9096,23.0064,98.5766,-1.82505,72.7285,96.6278,4.65768,15.4084,77.6729,-10.32,3.75143,90.7182,16.4466,67.8114,100.679,3.47087,-15.5284,
-1.86696,23.3446,-8.91704,2.40017,99.3645,-1.44923,73.6861,101.231,4.82524,18.9082,76.0199,-10.2745,6.52786,92.3144,15.9514,68.3543,78.4201,-5.27999,-4.75033,
-1.86696,23.3446,-8.91704,2.40017,99.3645,-1.44923,73.6861,101.231,4.82524,18.9082,76.0199,-10.2745,6.52786,92.3144,15.9514,68.3543,78.4201,-5.27999,-4.75033,
-4.2965,27.1884,-10.1373,-7.68379,100.069,-1.21729,74.9405,104.365,4.59657,21.6198,72.8802,-8.6508,10.9891,94.2278,15.0189,67.9979,65.1964,-9.82528,-1.60109,
-4.2965,27.1884,-10.1373,-7.68379,100.069,-1.21729,74.9405,104.365,4.59657,21.6198,72.8802,-8.6508,10.9891,94.2278,15.0189,67.9979,65.1964,-9.82528,-1.60109,
-14.3777,28.8158,-17.7679,-6.27044,100.283,-1.27794,76.5295,114.66,4.16736,26.426,71.4668,-6.56032,15.2193,96.8924,13.2788,66.6719,65.1964,-9.82528,-1.60109,
-14.3777,28.8158,-17.7679,-6.27044,100.283,-1.27794,76.5295,114.66,4.16736,26.426,71.4668,-6.56032,15.2193,96.8924,13.2788,66.6719,65.1964,-9.82528,-1.60109,
-14.0574,32.6447,-17.8875,-15.6627,100.723,-1.44551,78.3587,114.78,4.2798,26.7117,68.0779,-4.78225,18.8009,96.8924,13.2788,66.6719,52.4151,-15.1416,2.37455,
-14.0574,32.6447,-17.8875,-15.6627,100.723,-1.44551,78.3587,114.78,4.2798,26.7117,68.0779,-4.78225,18.8009,96.8924,13.2788,66.6719,52.4151,-15.1416,2.37455,
-14.1887,32.6045,-14.0415,-26.3659,100.682,-1.85244,80.0891,114.871,4.07402,27.6532,68.0779,-4.78225,18.8009,100.83,11.2044,65.7482,41.7119,-17.2747,7.49849,
-14.1887,32.6045,-14.0415,-26.3659,100.682,-1.85244,80.0891,114.871,4.07402,27.6532,68.0779,-4.78225,18.8009,100.83,11.2044,65.7482,41.7119,-17.2747,7.49849,
-14.2792,32.5141,-11.6988,-28.8407,100.592,-2.02283,80.606,114.871,4.07402,27.6532,68.0779,-4.78225,18.8009,103.172,10.0415,65.2581,39.2372,-19.2198,7.76255,
-14.2792,32.5141,-11.6988,-28.8407,100.592,-2.02283,80.606,114.871,4.07402,27.6532,68.0779,-4.78225,18.8009,103.172,10.0415,65.2581,39.2372,-19.2198,7.76255,
-9.76676,41.4887,0.923687,-16.9849,100.246,-2.43128,81.9511,110.013,2.68829,28.6334,58.7576,-5.51148,19.8393,110.937,6.32608,64.047,41.7726,-20.8309,6.47394,
-9.76676,41.4887,0.923687,-16.9849,100.246,-2.43128,81.9511,110.013,2.68829,28.6334,58.7576,-5.51148,19.8393,110.937,6.32608,64.047,41.7726,-20.8309,6.47394,
-5.38908,38.4816,5.16345,-13.3791,100.384,-2.37903,82.2031,105.773,1.80466,27.2282,61.9026,-6.27617,19.2825,110.937,6.32608,64.047,48.5234,-22.4833,2.9822,
-5.38908,38.4816,5.16345,-13.3791,100.384,-2.37903,82.2031,105.773,1.80466,27.2282,61.9026,-6.27617,19.2825,110.937,6.32608,64.047,48.5234,-22.4833,2.9822,
-2.41908,38.4185,16.0034,-5.59886,100.321,-2.20863,81.6103,102.74,0.669262,26.9285,61.9026,-6.27617,19.2825,118.744,-0.792526,68.3237,56.3037,-16.6275,4.18781,
-2.41908,38.4185,16.0034,-5.59886,100.321,-2.20863,81.6103,102.74,0.669262,26.9285,61.9026,-6.27617,19.2825,118.744,-0.792526,68.3237,56.3037,-16.6275,4.18781,
-3.23017,32.1601,23.6326,-7.31654,99.51,-2.23465,81.0567,102.74,0.669262,26.9285,67.3499,-2.1689,27.2522,126.373,-8.36205,72.5772,60.0333,-16.1063,2.92921,
-3.23017,32.1601,23.6326,-7.31654,99.51,-2.23465,81.0567,102.74,0.669262,26.9285,67.3499,-2.1689,27.2522,126.373,-8.36205,72.5772,60.0333,-16.1063,2.92921,
3.96559,30.6421,32.6849,-9.78484,100.46,-2.81041,81.3237,96.4947,-0.970454,38.3225,69.8182,-4.47432,23.9968,129.18,-11.2546,73.183,60.0333,-16.1063,2.92921,
3.96559,30.6421,32.6849,-9.78484,100.46,-2.81041,81.3237,96.4947,-0.970454,38.3225,69.8182,-4.47432,23.9968,129.18,-11.2546,73.183,60.0333,-16.1063,2.92921,
6.91892,30.1697,34.7267,-5.43317,101.372,-2.77191,81.426,94.4528,-0.293391,36.1793,71.202,-5.98481,21.5928,129.18,-11.2546,73.183,65.7689,-14.6821,2.39384,
6.91892,30.1697,34.7267,-5.43317,101.372,-2.77191,81.426,94.4528,-0.293391,36.1793,71.202,-5.98481,21.5928,129.18,-11.2546,73.183,65.7689,-14.6821,2.39384,
10.6958,30.9793,38.5245,0.659816,102.181,-1.90766,81.1891,91.4855,0.219704,33.2768,71.202,-5.98481,21.5928,130.01,-12.002,73.4411,71.8618,-12.7171,-0.431081,
10.6958,30.9793,38.5245,0.659816,102.181,-1.90766,81.1891,91.4855,0.219704,33.2768,71.202,-5.98481,21.5928,130.01,-12.002,73.4411,71.8618,-12.7171,-0.431081,
8.10404,19.1715,30.9731,-7.21366,99.5896,-1.66446,81.5321,91.4855,0.219704,33.2768,80.4181,-6.66838,15.7717,122.459,-7.35464,74.9844,73.2045,-12.2036,-0.663215,
8.10404,19.1715,30.9731,-7.21366,99.5896,-1.66446,81.5321,91.4855,0.219704,33.2768,80.4181,-6.66838,15.7717,122.459,-7.35464,74.9844,73.2045,-12.2036,-0.663215,
15.0093,14.1531,37.0772,-9.54432,96.9019,-2.33089,81.7683,81.8926,2.81854,31.9832,82.7488,-6.79623,15.2948,118.97,-4.93913,74.9624,73.2045,-12.2036,-0.663215,
15.0093,14.1531,37.0772,-9.54432,96.9019,-2.33089,81.7683,81.8926,2.81854,31.9832,82.7488,-6.79623,15.2948,118.97,-4.93913,74.9624,73.2045,-12.2036,-0.663215,
17.6474,13.0389,34.2202,-8.00615,98.1895,-2.51161,81.078,80.5421,4.87819,33.463,85.1506,-6.94331,14.8976,114.762,-2.16888,74.6232,77.1445,-10.8952,0.132126,
17.6474,13.0389,34.2202,-8.00615,98.1895,-2.51161,81.078,80.5421,4.87819,33.463,85.1506,-6.94331,14.8976,114.762,-2.16888,74.6232,77.1445,-10.8952,0.132126,
16.3916,11.7831,18.3087,-6.95388,96.9337,-2.89348,81.4874,80.5421,4.87819,33.463,85.1506,-6.94331,14.8976,98.8508,6.94802,73.6577,78.1967,-10.455,0.0965741,
16.3916,11.7831,18.3087,-6.95388,96.9337,-2.89348,81.4874,80.5421,4.87819,33.463,85.1506,-6.94331,14.8976,98.8508,6.94802,73.6577,78.1967,-10.455,0.0965741,
14.4533,0.608155,12.5373,-14.7485,94.6315,-4.06362,81.6038,80.1782,5.31391,31.9464,94.0234,-7.50396,12.0177,92.7155,10.204,73.2234,79.2748,-9.91422,0.302006,
14.4533,0.608155,12.5373,-14.7485,94.6315,-4.06362,81.6038,80.1782,5.31391,31.9464,94.0234,-7.50396,12.0177,92.7155,10.204,73.2234,79.2748,-9.91422,0.302006,
14.4533,0.608155,12.5373,-14.7485,94.6315,-4.06362,81.6038,80.1782,5.31391,31.9464,94.0234,-7.50396,12.0177,92.7155,10.204,73.2234,79.2748,-9.91422,0.302006,
14.4533,0.608155,12.5373,-14.7485,94.6315,-4.06362,81.6038,80.1782,5.31391,31.9464,94.0234,-7.50396,12.0177,92.7155,10.204,73.2234,79.2748,-9.91422,0.302006,
14.4858,-5.23167,-6.92155,-15.7369,94.6941,-4.95875,80.7069,80.2083,4.36921,27.4989,99.9258,-7.0984,7.46809,73.2867,20.2234,69.9765,84.1889,-8.10625,-0.620921,
14.4858,-5.23167,-6.92155,-15.7369,94.6941,-4.95875,80.7069,80.2083,4.36921,27.4989,99.9258,-7.0984,7.46809,73.2867,20.2234,69.9765,84.1889,-8.10625,-0.620921,
15.7559,-10.884,-19.6035,-21.3289,96.2038,-5.08353,79.1681,80.4479,4.80634,26.3333,107.088,-6.31558,2.94427,60.8444,24.909,64.6102,85.759,-7.36665,-1.03513,
15.7559,-10.884,-19.6035,-21.3289,96.2038,-5.08353,79.1681,80.4479,4.80634,26.3333,107.088,-6.31558,2.94427,60.8444,24.909,64.6102,85.759,-7.36665,-1.03513,
18.6819,-12.3671,-25.8528,-21.6807,96.7725,-4.8438,78.3531,78.0907,5.14876,22.8143,109.14,-6.62568,2.36233,52.2379,26.1501,58.7725,87.459,-6.50114,-1.44812,
18.6819,-12.3671,-25.8528,-21.6807,96.7725,-4.8438,78.3531,78.0907,5.14876,22.8143,109.14,-6.62568,2.36233,52.2379,26.1501,58.7725,87.459,-6.50114,-1.44812,
28.9917,-12.279,-16.0934,-22.1431,97.3231,-4.40431,77.7294,68.3313,3.42645,16.8962,109.602,-6.22329,1.35837,52.2379,26.1501,58.7725,87.459,-6.50114,-1.44812,
28.9917,-12.279,-16.0934,-22.1431,97.3231,-4.40431,77.7294,68.3313,3.42645,16.8962,109.602,-6.22329,1.35837,52.2379,26.1501,58.7725,87.459,-6.50114,-1.44812,
30.5402,-12.2004,-6.3832,-12.9082,97.4016,-4.02612,77.4552,66.8615,1.71602,15.4396,109.602,-6.22329,1.35837,60.4783,26.0202,62.5644,96.6939,-1.99716,-2.76331,
30.5402,-12.2004,-6.3832,-12.9082,97.4016,-4.02612,77.4552,66.8615,1.71602,15.4396,109.602,-6.22329,1.35837,60.4783,26.0202,62.5644,96.6939,-1.99716,-2.76331,
29.482,-12.1636,-7.47825,-10.188,97.4385,-3.90871,77.3976,67.9565,1.42794,16.5268,109.602,-6.22329,1.35837,60.4783,26.0202,62.5644,99.4141,-0.441327,-3.96319,
29.482,-12.1636,-7.47825,-10.188,97.4385,-3.90871,77.3976,67.9565,1.42794,16.5268,109.602,-6.22329,1.35837,60.4783,26.0202,62.5644,99.4141,-0.441327,-3.96319,
23.8765,-7.83805,-4.36134,-3.34404,97.4974,-3.64365,77.2212,73.6209,1.53359,16.4374,105.335,-5.46821,-1.42202,69.2595,23.0853,64.0793,101.991,1.50305,-6.01874,
23.8765,-7.83805,-4.36134,-3.34404,97.4974,-3.64365,77.2212,73.6209,1.53359,16.4374,105.335,-5.46821,-1.42202,69.2595,23.0853,64.0793,101.991,1.50305,-6.01874,
22.131,0.751518,-2.84976,12.9087,97.9006,-3.74012,77.4387,75.7696,-0.486437,12.4996,97.1491,-2.45184,-8.07452,72.9199,21.3666,65.1776,110.058,9.80179,-14.5437,
22.131,0.751518,-2.84976,12.9087,97.9006,-3.74012,77.4387,75.7696,-0.486437,12.4996,97.1491,-2.45184,-8.07452,72.9199,21.3666,65.1776,110.058,9.80179,-14.5437,
19.9921,0.685455,4.98011,15.542,97.8346,-4.75725,79.0277,77.8425,1.71723,15.4236,97.1491,-2.45184,-8.07452,82.8226,18.4489,66.6311,112.691,12.2326,-16.5309,
19.9921,0.685455,4.98011,15.542,97.8346,-4.75725,79.0277,77.8425,1.71723,15.4236,97.1491,-2.45184,-8.07452,82.8226,18.4489,66.6311,112.691,12.2326,-16.5309,
18.0403,1.15439,7.06868,21.123,95.8828,-5.6997,79.0501,77.8425,1.71723,15.4236,94.7284,-3.07016,-14.4877,84.9112,17.3599,66.5905,115.851,14.3269,-19.3896,
18.0403,1.15439,7.06868,21.123,95.8828,-5.6997,79.0501,77.8425,1.71723,15.4236,94.7284,-3.07016,-14.4877,84.9112,17.3599,66.5905,115.851,14.3269,-19.3896,
11.0834,10.6624,1.49508,28.8516,97.6622,-5.49724,76.9563,86.5788,2.1964,17.8823,86.9998,-4.94659,-10.2738,88.0739,15.72,67.179,115.851,14.3269,-19.3896,
11.0834,10.6624,1.49508,28.8516,97.6622,-5.49724,76.9563,86.5788,2.1964,17.8823,86.9998,-4.94659,-10.2738,88.0739,15.72,67.179,115.851,14.3269,-19.3896,
9.5154,13.8383,-0.644919,27.1735,98.2342,-5.97804,77.1315,88.7188,1.96978,18.2529,84.396,-6.09117,-9.78951,88.0739,15.72,67.179,111.569,12.4338,-20.0231,
9.5154,13.8383,-0.644919,27.1735,98.2342,-5.97804,77.1315,88.7188,1.96978,18.2529,84.396,-6.09117,-9.78951,88.0739,15.72,67.179,111.569,12.4338,-20.0231,
6.51758,13.1942,-0.928182,22.0977,97.5902,-6.1737,77.4652,91.0726,1.69312,17.9744,84.396,-6.09117,-9.78951,90.1444,15.0567,67.3095,106.494,8.81962,-18.9229,
6.51758,13.1942,-0.928182,22.0977,97.5902,-6.1737,77.4652,91.0726,1.69312,17.9744,84.396,-6.09117,-9.78951,90.1444,15.0567,67.3095,106.494,8.81962,-18.9229,
5.50456,19.5928,0.948748,22.0425,96.5771,-6.15406,77.9762,91.0726,1.69312,17.9744,76.9843,-9.80475,-9.34705,92.0213,14.0098,66.0567,99.0268,3.28756,-14.3909,
5.50456,19.5928,0.948748,22.0425,96.5771,-6.15406,77.9762,91.0726,1.69312,17.9744,76.9843,-9.80475,-9.34705,92.0213,14.0098,66.0567,99.0268,3.28756,-14.3909,
-3.46743,23.7288,-8.39926,25.1944,97.5612,-5.0518,75.5852,101.029,1.91532,18.5668,73.8324,-10.9151,-6.66236,92.6294,13.4978,65.2939,99.0268,3.28756,-14.3909,
-3.46743,23.7288,-8.39926,25.1944,97.5612,-5.0518,75.5852,101.029,1.91532,18.5668,73.8324,-10.9151,-6.66236,92.6294,13.4978,65.2939,99.0268,3.28756,-14.3909,
-6.40151,24.345,-11.2508,15.395,97.4786,-4.94836,75.5411,103.88,1.76642,20.4038,73.1336,-10.4513,-4.85682,92.6294,13.4978,65.2939,88.5287,-2.00874,-8.9671,
-6.40151,24.345,-11.2508,15.395,97.4786,-4.94836,75.5411,103.88,1.76642,20.4038,73.1336,-10.4513,-4.85682,92.6294,13.4978,65.2939,88.5287,-2.00874,-8.9671,
-9.92593,24.1646,-12.4128,-4.52763,97.2982,-4.42866,76.2278,107.224,1.357,23.0585,73.1336,-10.4513,-4.85682,94.8113,12.3539,64.1491,68.606,-9.5,-3.82654,
-9.92593,24.1646,-12.4128,-4.52763,97.2982,-4.42866,76.2278,107.224,1.357,23.0585,73.1336,-10.4513,-4.85682,94.8113,12.3539,64.1491,68.606,-9.5,-3.82654,
-8.86703,27.2187,-11.4628,-9.61117,98.3571,-3.52632,77.0017,107.224,1.357,23.0585,71.1384,-8.91365,1.46013,95.7613,11.8478,64.2547,61.5272,-12.3356,-2.35114,
-8.86703,27.2187,-11.4628,-9.61117,98.3571,-3.52632,77.0017,107.224,1.357,23.0585,71.1384,-8.91365,1.46013,95.7613,11.8478,64.2547,61.5272,-12.3356,-2.35114,
-8.6595,26.3549,-10.2548,-10.6826,98.5646,-3.3913,77.096,107.224,1.357,23.0585,72.2097,-7.04203,3.70697,96.9693,11.1291,64.3284,61.5272,-12.3356,-2.35114,
-8.6595,26.3549,-10.2548,-10.6826,98.5646,-3.3913,77.096,107.224,1.357,23.0585,72.2097,-7.04203,3.70697,96.9693,11.1291,64.3284,61.5272,-12.3356,-2.35114,
-16.2654,29.6882,-16.5162,-21.2742,98.63,-3.4606,77.5658,114.895,0.903367,26.2797,68.9418,-5.02441,8.53519,98.3792,10.2719,64.3955,47.6676,-16.2517,2.95216,
-16.2654,29.6882,-16.5162,-21.2742,98.63,-3.4606,77.5658,114.895,0.903367,26.2797,68.9418,-5.02441,8.53519,98.3792,10.2719,64.3955,47.6676,-16.2517,2.95216,
-15.5864,30.4577,-8.20036,-29.839,99.3995,-3.5951,78.6668,114.986,0.776808,27.3173,68.9418,-5.02441,8.53519,106.786,5.5561,64.1245,39.1028,-16.7666,8.51936,
-15.5864,30.4577,-8.20036,-29.839,99.3995,-3.5951,78.6668,114.986,0.776808,27.3173,68.9418,-5.02441,8.53519,106.786,5.5561,64.1245,39.1028,-16.7666,8.51936,
-15.4331,42.2034,-5.41939,-13.4622,99.5528,-3.67113,79.3245,114.986,0.776808,27.3173,57.3494,-0.983681,13.3879,109.567,4.17754,63.6026,43.8872,-17.8339,6.58447,
-15.4331,42.2034,-5.41939,-13.4622,99.5528,-3.67113,79.3245,114.986,0.776808,27.3173,57.3494,-0.983681,13.3879,109.567,4.17754,63.6026,43.8872,-17.8339,6.58447,
-7.99377,34.2185,5.43279,-21.0293,99.135,-4.46088,81.3338,107.129,-0.329588,26.4476,64.9165,-2.92142,9.44736,112.562,2.64772,63.5081,43.8872,-17.8339,6.58447,
-7.99377,34.2185,5.43279,-21.0293,99.135,-4.46088,81.3338,107.129,-0.329588,26.4476,64.9165,-2.92142,9.44736,112.562,2.64772,63.5081,43.8872,-17.8339,6.58447,
-5.23517,34.0737,11.3849,-7.53988,98.9902,-4.76768,81.7308,104.225,-1.31353,26.0986,64.9165,-2.92142,9.44736,115.61,0.618077,64.2243,57.3766,-16.8333,0.153734,
-5.23517,34.0737,11.3849,-7.53988,98.9902,-4.76768,81.7308,104.225,-1.31353,26.0986,64.9165,-2.92142,9.44736,115.61,0.618077,64.2243,57.3766,-16.8333,0.153734,
-2.71349,34.3125,18.3578,-3.78751,99.229,-4.39995,80.5513,101.943,-2.17192,27.535,64.9165,-2.92142,9.44736,120.3,-6.58678,68.9884,61.129,-16.1812,-1.40904,
-2.71349,34.3125,18.3578,-3.78751,99.229,-4.39995,80.5513,101.943,-2.17192,27.535,64.9165,-2.92142,9.44736,120.3,-6.58678,68.9884,61.129,-16.1812,-1.40904,
0.508048,32.7693,29.4617,-1.17241,98.7471,-3.88579,79.4721,98.239,-3.47002,34.1762,65.9778,-1.52589,11.6232,127.701,-13.476,71.6868,64.8054,-16.518,-3.27544,
0.508048,32.7693,29.4617,-1.17241,98.7471,-3.88579,79.4721,98.239,-3.47002,34.1762,65.9778,-1.52589,11.6232,127.701,-13.476,71.6868,64.8054,-16.518,-3.27544,
2.74765,24.4528,34.5943,-3.93691,98.1322,-4.13988,79.4838,95.3846,-1.73579,33.6085,73.6794,-5.55303,5.31882,129.979,-15.1699,71.2313,69.7425,-15.548,-4.62875,
2.74765,24.4528,34.5943,-3.93691,98.1322,-4.13988,79.4838,95.3846,-1.73579,33.6085,73.6794,-5.55303,5.31882,129.979,-15.1699,71.2313,69.7425,-15.548,-4.62875,
9.15272,26.2419,37.255,-3.93691,99.9213,-4.09057,79.4533,90.7686,-0.326498,29.6472,73.6794,-5.55303,5.31882,128.024,-12.6202,70.3111,69.7425,-15.548,-4.62875,
9.15272,26.2419,37.255,-3.93691,99.9213,-4.09057,79.4533,90.7686,-0.326498,29.6472,73.6794,-5.55303,5.31882,128.024,-12.6202,70.3111,69.7425,-15.548,-4.62875,
7.91913,25.0083,34.9681,0.842228,98.6877,-3.20867,78.0396,90.7686,-0.326498,29.6472,73.6794,-5.55303,5.31882,125.737,-10.9081,70.3042,74.5217,-12.7059,-5.37062,
7.91913,25.0083,34.9681,0.842228,98.6877,-3.20867,78.0396,90.7686,-0.326498,29.6472,73.6794,-5.55303,5.31882,125.737,-10.9081,70.3042,74.5217,-12.7059,-5.37062,
9.73481,14.076,36.5164,-6.32056,96.1162,-4.18406,77.6568,86.3814,1.5529,28.4255,82.0402,-4.53569,6.84589,122.898,-8.51709,70.2174,75.7197,-12.1287,-5.27777,
9.73481,14.076,36.5164,-6.32056,96.1162,-4.18406,77.6568,86.3814,1.5529,28.4255,82.0402,-4.53569,6.84589,122.898,-8.51709,70.2174,75.7197,-12.1287,-5.27777,
16.1897,11.4965,37.7381,-8.91983,97.8385,-3.95446,76.8358,81.6488,4.66022,28.1318,86.342,-4.718,5.9428,119.387,-5.46966,69.4115,77.4221,-11.2238,-4.51263,
16.1897,11.4965,37.7381,-8.91983,97.8385,-3.95446,76.8358,81.6488,4.66022,28.1318,86.342,-4.718,5.9428,119.387,-5.46966,69.4115,77.4221,-11.2238,-4.51263,
16.1897,11.4965,33.5058,-8.12479,97.8385,-3.95446,76.8358,81.6488,4.66022,28.1318,86.342,-4.718,5.9428,115.155,-2.14243,68.2361,78.2172,-10.9225,-4.36193,
16.1897,11.4965,33.5058,-8.12479,97.8385,-3.95446,76.8358,81.6488,4.66022,28.1318,86.342,-4.718,5.9428,115.155,-2.14243,68.2361,78.2172,-10.9225,-4.36193,
14.6439,4.90912,23.5373,-10.0926,95.7932,-4.68673,77.5743,81.1494,5.1631,27.3814,90.8841,-5.09791,4.89077,104.687,4.10489,66.5657,80.7915,-9.73947,-4.16753,
14.6439,4.90912,23.5373,-10.0926,95.7932,-4.68673,77.5743,81.1494,5.1631,27.3814,90.8841,-5.09791,4.89077,104.687,4.10489,66.5657,80.7915,-9.73947,-4.16753,
14.4081,-2.70387,5.54443,-17.1539,95.2415,-5.52039,77.5866,80.8335,5.15644,24.559,97.9454,-4.9698,2.21087,86.3779,13.3625,66.3536,80.7915,-9.73947,-4.16753,
14.4081,-2.70387,5.54443,-17.1539,95.2415,-5.52039,77.5866,80.8335,5.15644,24.559,97.9454,-4.9698,2.21087,86.3779,13.3625,66.3536,80.7915,-9.73947,-4.16753,
14.8165,-5.44502,5.42972,-18.7476,95.7647,-5.83828,76.8483,80.9482,4.87523,21.7484,101.21,-4.38976,-0.676571,86.3779,13.3625,66.3536,82.462,-8.93544,-4.56676,
14.8165,-5.44502,5.42972,-18.7476,95.7647,-5.83828,76.8483,80.9482,4.87523,21.7484,101.21,-4.38976,-0.676571,86.3779,13.3625,66.3536,82.462,-8.93544,-4.56676,
15.4128,-4.58287,-13.5812,-16.8024,96.6268,-6.02258,76.0053,81.214,5.15686,21.0413,101.21,-4.38976,-0.676571,67.6328,23.6412,62.4865,84.4073,-8.17789,-5.47406,
15.4128,-4.58287,-13.5812,-16.8024,96.6268,-6.02258,76.0053,81.214,5.15686,21.0413,101.21,-4.38976,-0.676571,67.6328,23.6412,62.4865,84.4073,-8.17789,-5.47406,
15.8016,-10.5088,-19.3649,-20.3586,97.0155,-5.99834,75.649,81.214,5.15686,21.0413,107.524,-3.56871,-3.87713,61.8491,25.5195,59.2238,87.1657,-6.77238,-5.96241,
15.8016,-10.5088,-19.3649,-20.3586,97.0155,-5.99834,75.649,81.214,5.15686,21.0413,107.524,-3.56871,-3.87713,61.8491,25.5195,59.2238,87.1657,-6.77238,-5.96241,
20.018,-10.984,-19.7194,-21.1949,97.3766,-5.88507,75.588,77.3587,5.32424,18.4984,108.361,-4.16496,-3.34211,57.6393,26.914,56.8771,87.1657,-6.77238,-5.96241,
20.018,-10.984,-19.7194,-21.1949,97.3766,-5.88507,75.588,77.3587,5.32424,18.4984,108.361,-4.16496,-3.34211,57.6393,26.914,56.8771,87.1657,-6.77238,-5.96241,
20.1792,-11.8268,-22.121,-18.3511,97.5379,-5.80229,75.5681,77.3587,5.32424,18.4984,109.365,-3.77007,-4.56683,55.2377,27.3675,55.1081,91.0136,-4.79197,-6.24266,
20.1792,-11.8268,-22.121,-18.3511,97.5379,-5.80229,75.5681,77.3587,5.32424,18.4984,109.365,-3.77007,-4.56683,55.2377,27.3675,55.1081,91.0136,-4.79197,-6.24266,
28.7212,-11.303,-3.55407,-10.956,98.0617,-5.34482,75.4474,69.3405,3.41115,12.5845,109.365,-3.77007,-4.56683,65.7864,26.864,60.5982,98.4086,-0.740894,-7.74302,
28.7212,-11.303,-3.55407,-10.956,98.0617,-5.34482,75.4474,69.3405,3.41115,12.5845,109.365,-3.77007,-4.56683,65.7864,26.864,60.5982,98.4086,-0.740894,-7.74302,
29.1558,-4.02342,1.48342,-1.62514,98.4963,-4.94087,75.0288,69.3405,3.41115,12.5845,102.52,-2.42982,-3.71942,70.8239,25.2654,61.8316,100.895,1.12889,-9.34571,
29.1558,-4.02342,1.48342,-1.62514,98.4963,-4.94087,75.0288,69.3405,3.41115,12.5845,102.52,-2.42982,-3.71942,70.8239,25.2654,61.8316,100.895,1.12889,-9.34571,
22.9562,3.041,-1.82541,5.14701,98.7886,-4.74485,74.6086,75.8324,3.0193,15.9134,95.7476,-0.553543,-5.87457,74.007,23.7585,62.8291,100.895,1.12889,-9.34571,
22.9562,3.041,-1.82541,5.14701,98.7886,-4.74485,74.6086,75.8324,3.0193,15.9134,95.7476,-0.553543,-5.87457,74.007,23.7585,62.8291,100.895,1.12889,-9.34571,
22.32,3.78537,0.969793,10.1118,98.8016,-4.78789,75.1147,76.4817,1.66364,8.69492,95.0162,-0.00736949,-9.11178,77.4514,22.7812,64.1997,105.128,6.10236,-15.1928,
22.32,3.78537,0.969793,10.1118,98.8016,-4.78789,75.1147,76.4817,1.66364,8.69492,95.0162,-0.00736949,-9.11178,77.4514,22.7812,64.1997,105.128,6.10236,-15.1928,
19.8529,3.66671,4.22018,19.0878,98.6829,-4.90723,75.5946,78.8301,3.23064,10.4991,95.0162,-0.00736949,-9.11178,83.0503,20.8684,64.5751,114.104,13.5062,-19.6116,
19.8529,3.66671,4.22018,19.0878,98.6829,-4.90723,75.5946,78.8301,3.23064,10.4991,95.0162,-0.00736949,-9.11178,83.0503,20.8684,64.5751,114.104,13.5062,-19.6116,
19.562,3.37589,8.22654,19.0878,98.3921,-5.09199,76.1014,78.8301,3.23064,10.4991,95.0162,-0.00736949,-9.11178,87.0566,19.0714,65.0276,114.104,13.5062,-19.6116,
19.562,3.37589,8.22654,19.0878,98.3921,-5.09199,76.1014,78.8301,3.23064,10.4991,95.0162,-0.00736949,-9.11178,87.0566,19.0714,65.0276,114.104,13.5062,-19.6116,
9.05629,9.45862,0.91142,27.9575,96.6673,-5.6947,76.7235,87.611,5.11655,15.044,87.2087,-2.43178,-11.2628,88.5224,18.4396,65.5115,115.166,14.2753,-19.9819,
9.05629,9.45862,0.91142,27.9575,96.6673,-5.6947,76.7235,87.611,5.11655,15.044,87.2087,-2.43178,-11.2628,88.5224,18.4396,65.5115,115.166,14.2753,-19.9819,
5.42275,13.1332,-1.63606,23.7872,97.6453,-6.24411,74.7194,92.2225,5.10483,15.6015,84.5121,-3.26866,-9.61254,90.5865,17.7292,66.208,108.299,10.7603,-17.5898,
5.42275,13.1332,-1.63606,23.7872,97.6453,-6.24411,74.7194,92.2225,5.10483,15.6015,84.5121,-3.26866,-9.61254,90.5865,17.7292,66.208,108.299,10.7603,-17.5898,
4.88591,17.5586,-0.106732,25.5016,97.1085,-7.03334,75.3574,92.2225,5.10483,15.6015,79.5499,-5.36874,-7.77378,92.1158,17.2428,67.1161,105.051,9.13497,-15.7897,
4.88591,17.5586,-0.106732,25.5016,97.1085,-7.03334,75.3574,92.2225,5.10483,15.6015,79.5499,-5.36874,-7.77378,92.1158,17.2428,67.1161,105.051,9.13497,-15.7897,
4.48669,21.3042,0.510162,25.8577,96.7092,-7.00324,75.4191,92.2225,5.10483,15.6015,75.4051,-7.48486,-5.72158,92.7327,17.0211,67.4321,101.263,7.21756,-13.6244,
4.48669,21.3042,0.510162,25.8577,96.7092,-7.00324,75.4191,92.2225,5.10483,15.6015,75.4051,-7.48486,-5.72158,92.7327,17.0211,67.4321,101.263,7.21756,-13.6244,
-4.34223,22.5157,-8.07261,26.7618,97.0166,-6.75116,74.9592,101.359,5.08924,18.8119,74.5009,-8.02869,-4.06045,93.2862,16.7388,67.4513,101.263,7.21756,-13.6244,
-4.34223,22.5157,-8.07261,26.7618,97.0166,-6.75116,74.9592,101.359,5.08924,18.8119,74.5009,-8.02869,-4.06045,93.2862,16.7388,67.4513,101.263,7.21756,-13.6244,
-4.28053,24.0118,-8.07261,28.1962,97.0783,-6.69546,74.6986,101.359,5.08924,18.8119,73.0665,-7.99375,-1.74668,93.2862,16.7388,67.4513,101.263,7.21756,-13.6244,
-4.28053,24.0118,-8.07261,28.1962,97.0783,-6.69546,74.6986,101.359,5.08924,18.8119,73.0665,-7.99375,-1.74668,93.2862,16.7388,67.4513,101.263,7.21756,-13.6244,
-7.08719,26.1556,-8.11666,21.0559,96.931,-6.57618,74.1691,104.018,4.84709,21.0183,70.7753,-6.10625,3.70629,95.9015,15.4211,66.0051,91.8312,2.94285,-8.15865,
-7.08719,26.1556,-8.11666,21.0559,96.931,-6.57618,74.1691,104.018,4.84709,21.0183,70.7753,-6.10625,3.70629,95.9015,15.4211,66.0051,91.8312,2.94285,-8.15865,
-10.7075,26.2502,-10.2952,2.89492,96.4767,-6.24178,74.8773,107.184,4.49909,23.6037,70.2265,-3.44298,7.68847,96.889,14.8355,65.4789,73.1214,-3.29988,-0.809654,
-10.7075,26.2502,-10.2952,2.89492,96.4767,-6.24178,74.8773,107.184,4.49909,23.6037,70.2265,-3.44298,7.68847,96.889,14.8355,65.4789,73.1214,-3.29988,-0.809654,
-19.179,26.3579,-17.8676,-4.12852,96.7687,-5.52492,75.8537,115.948,4.08224,26.8483,70.4109,-2.26395,9.25223,98.0801,14.112,65.0612,66.2823,-5.89472,0.691794,
-19.179,26.3579,-17.8676,-4.12852,96.7687,-5.52492,75.8537,115.948,4.08224,26.8483,70.4109,-2.26395,9.25223,98.0801,14.112,65.0612,66.2823,-5.89472,0.691794,
-19.0174,28.3342,-15.348,-21.8063,97.274,-5.19877,76.5754,116.291,3.91786,28.1414,68.9397,-0.944024,11.4357,100.943,12.532,64.7865,47.1335,-13.7713,6.42378,
-19.0174,28.3342,-15.348,-21.8063,97.274,-5.19877,76.5754,116.291,3.91786,28.1414,68.9397,-0.944024,11.4357,100.943,12.532,64.7865,47.1335,-13.7713,6.42378,
-18.8431,37.1707,-9.07999,-18.4408,97.4483,-5.04468,77.6753,116.291,3.91786,28.1414,60.2776,-0.0655597,13.2703,107.211,9.27098,64.1964,41.8368,-17.9516,7.58503,
-18.8431,37.1707,-9.07999,-18.4408,97.4483,-5.04468,77.6753,116.291,3.91786,28.1414,60.2776,-0.0655597,13.2703,107.211,9.27098,64.1964,41.8368,-17.9516,7.58503,
-18.6656,41.2656,-9.07999,-14.5235,97.6259,-5.08102,78.7582,116.291,3.91786,28.1414,56.3603,-0.0573478,13.1961,107.211,9.27098,64.1964,41.8368,-17.9516,7.58503,
-18.6656,41.2656,-9.07999,-14.5235,97.6259,-5.08102,78.7582,116.291,3.91786,28.1414,56.3603,-0.0573478,13.1961,107.211,9.27098,64.1964,41.8368,-17.9516,7.58503,
-18.4973,39.1213,-4.28326,-10.4828,98.0228,-5.03019,79.5852,116.52,3.7305,29.0504,58.9015,-1.29135,11.1391,112.237,6.64808,64.2096,48.4187,-19.9517,3.48662,
-18.4973,39.1213,-4.28326,-10.4828,98.0228,-5.03019,79.5852,116.52,3.7305,29.0504,58.9015,-1.29135,11.1391,112.237,6.64808,64.2096,48.4187,-19.9517,3.48662,
-15.0915,35.3502,1.5206,-14.5652,98.3341,-5.26032,81.7731,113.426,2.93077,30.5682,62.9839,-2.45608,9.55946,114.946,4.73262,65.0205,48.4187,-19.9517,3.48662,
-15.0915,35.3502,1.5206,-14.5652,98.3341,-5.26032,81.7731,113.426,2.93077,30.5682,62.9839,-2.45608,9.55946,114.946,4.73262,65.0205,48.4187,-19.9517,3.48662,
-7.56577,30.3642,14.179,-10.8863,97.7635,-5.46153,83.0458,105.329,1.58029,28.0637,67.3993,-1.52601,11.3259,119.508,-1.43749,69.3802,56.5129,-15.4475,2.45129,
-7.56577,30.3642,14.179,-10.8863,97.7635,-5.46153,83.0458,105.329,1.58029,28.0637,67.3993,-1.52601,11.3259,119.508,-1.43749,69.3802,56.5129,-15.4475,2.45129,
0.762742,27.2759,29.6129,-11.3876,98.229,-5.45848,83.4654,97.4663,-1.95964,39.1843,70.9532,-0.260762,16.8673,127.079,-8.36029,72.6973,59.5656,-14.6143,1.57337,
0.762742,27.2759,29.6129,-11.3876,98.229,-5.45848,83.4654,97.4663,-1.95964,39.1843,70.9532,-0.260762,16.8673,127.079,-8.36029,72.6973,59.5656,-14.6143,1.57337,
2.11176,25.6441,33.4747,-5.65352,98.47,-5.26593,82.8271,96.3582,-0.921589,38.3064,72.8259,-2.04811,13.8697,129.833,-10.7874,72.6534,67.1723,-12.8393,-0.022285,
2.11176,25.6441,33.4747,-5.65352,98.47,-5.26593,82.8271,96.3582,-0.921589,38.3064,72.8259,-2.04811,13.8697,129.833,-10.7874,72.6534,67.1723,-12.8393,-0.022285,
3.30891,24.4795,36.8736,-1.86463,97.3054,-4.99585,82.3598,93.9965,-0.411858,35.3109,72.8259,-2.04811,13.8697,130.87,-11.4328,72.0707,70.9612,-11.5865,-1.60672,
3.30891,24.4795,36.8736,-1.86463,97.3054,-4.99585,82.3598,93.9965,-0.411858,35.3109,72.8259,-2.04811,13.8697,130.87,-11.4328,72.0707,70.9612,-11.5865,-1.60672,
3.02157,24.1922,35.1398,-1.86463,97.0181,-5.10892,82.6259,93.9965,-0.411858,35.3109,72.8259,-2.04811,13.8697,129.136,-10.6373,72.6033,70.9612,-11.5865,-1.60672,
3.02157,24.1922,35.1398,-1.86463,97.0181,-5.10892,82.6259,93.9965,-0.411858,35.3109,72.8259,-2.04811,13.8697,129.136,-10.6373,72.6033,70.9612,-11.5865,-1.60672,
8.19937,21.1488,34.712,-3.83626,97.2989,-5.27145,83.1534,89.0995,0.450318,31.824,76.1501,-4.46756,11.3755,123.812,-8.332,73.6147,72.3139,-10.7923,-1.65863,
8.19937,21.1488,34.712,-3.83626,97.2989,-5.27145,83.1534,89.0995,0.450318,31.824,76.1501,-4.46756,11.3755,123.812,-8.332,73.6147,72.3139,-10.7923,-1.65863,
9.79743,16.3266,31.2622,-10.2565,98.8969,-4.65911,83.3268,89.0995,0.450318,31.824,82.5704,-4.2211,11.4612,120.362,-6.25167,73.6859,72.3139,-10.7923,-1.65863,
9.79743,16.3266,31.2622,-10.2565,98.8969,-4.65911,83.3268,89.0995,0.450318,31.824,82.5704,-4.2211,11.4612,120.362,-6.25167,73.6859,72.3139,-10.7923,-1.65863,
15.1119,13.175,23.1549,-8.18644,98.0915,-4.25459,82.1901,82.9796,2.56647,31.435,84.9166,-4.38629,10.8092,106.135,1.64153,73.0546,76.7301,-9.03008,-0.640472,
15.1119,13.175,23.1549,-8.18644,98.0915,-4.25459,82.1901,82.9796,2.56647,31.435,84.9166,-4.38629,10.8092,106.135,1.64153,73.0546,76.7301,-9.03008,-0.640472,
13.5357,6.51277,18.2669,-11.8149,95.7787,-4.78486,81.8947,82.243,3.46322,31.8476,89.2659,-4.73166,9.32234,100.51,4.55412,73.0449,77.451,-8.68476,-0.668145,
13.5357,6.51277,18.2669,-11.8149,95.7787,-4.78486,81.8947,82.243,3.46322,31.8476,89.2659,-4.73166,9.32234,100.51,4.55412,73.0449,77.451,-8.68476,-0.668145,
15.0587,2.06872,13.1549,-17.0053,96.525,-4.95358,81.0824,81.4663,3.9243,30.2391,94.4563,-4.65746,7.13433,94.6213,7.66689,73.2269,77.451,-8.68476,-0.668145,
15.0587,2.06872,13.1549,-17.0053,96.525,-4.95358,81.0824,81.4663,3.9243,30.2391,94.4563,-4.65746,7.13433,94.6213,7.66689,73.2269,77.451,-8.68476,-0.668145,
14.7633,-0.329495,13.1549,-17.5603,96.2296,-5.12751,81.4145,81.4663,3.9243,30.2391,96.5591,-4.44269,5.27859,94.6213,7.66689,73.2269,78.9988,-8.13688,-1.06661,
14.7633,-0.329495,13.1549,-17.5603,96.2296,-5.12751,81.4145,81.4663,3.9243,30.2391,96.5591,-4.44269,5.27859,94.6213,7.66689,73.2269,78.9988,-8.13688,-1.06661,
12.3951,-2.43895,0.662159,-14.4404,94.1201,-5.99787,81.3848,81.725,2.23811,25.5384,96.5591,-4.44269,5.27859,82.3872,14.6289,72.4226,82.1186,-7.12921,-2.31207,
12.3951,-2.43895,0.662159,-14.4404,94.1201,-5.99787,81.3848,81.725,2.23811,25.5384,96.5591,-4.44269,5.27859,82.3872,14.6289,72.4226,82.1186,-7.12921,-2.31207,
12.0785,-9.2263,-17.4667,-19.7125,94.0481,-7.00225,80.6875,81.9697,2.28929,25.2296,103.274,-3.9387,1.28105,64.503,23.5302,65.8563,83.5619,-6.58208,-2.7392,
12.0785,-9.2263,-17.4667,-19.7125,94.0481,-7.00225,80.6875,81.9697,2.28929,25.2296,103.274,-3.9387,1.28105,64.503,23.5302,65.8563,83.5619,-6.58208,-2.7392,
20.1619,-13.1003,-14.916,-24.5303,94.9919,-7.63095,79.2144,74.8299,2.30575,20.1571,108.092,-4.10171,-1.23681,59.9139,24.9939,63.1702,83.5619,-6.58208,-2.7392,
20.1619,-13.1003,-14.916,-24.5303,94.9919,-7.63095,79.2144,74.8299,2.30575,20.1571,108.092,-4.10171,-1.23681,59.9139,24.9939,63.1702,83.5619,-6.58208,-2.7392,
24.8081,-13.2493,-13.051,-18.6698,95.9198,-7.77554,78.5244,71.1117,2.28341,17.1375,109.169,-4.00882,-2.01784,58.0608,25.4605,61.1411,90.4994,-2.582,-3.78581,
24.8081,-13.2493,-13.051,-18.6698,95.9198,-7.77554,78.5244,71.1117,2.28341,17.1375,109.169,-4.00882,-2.01784,58.0608,25.4605,61.1411,90.4994,-2.582,-3.78581,
26.9555,-11.9387,-3.1883,-16.4019,97.2304,-7.39136,77.5295,70.2749,1.32589,16.4183,109.169,-4.00882,-2.01784,67.0866,25.3903,66.2675,92.7672,-1.30591,-3.96122,
26.9555,-11.9387,-3.1883,-16.4019,97.2304,-7.39136,77.5295,70.2749,1.32589,16.4183,109.169,-4.00882,-2.01784,67.0866,25.3903,66.2675,92.7672,-1.30591,-3.96122,
27.4747,-6.47702,0.482574,-9.11154,97.7496,-6.96849,76.9021,70.2749,1.32589,16.4183,104.227,-2.79516,-2.15139,70.7575,23.4928,65.2356,95.1151,0.0838215,-4.61094,
27.4747,-6.47702,0.482574,-9.11154,97.7496,-6.96849,76.9021,70.2749,1.32589,16.4183,104.227,-2.79516,-2.15139,70.7575,23.4928,65.2356,95.1151,0.0838215,-4.61094,
27.8985,-6.05316,0.482574,-9.11154,98.1734,-6.57329,76.4202,70.2749,1.32589,16.4183,104.227,-2.79516,-2.15139,70.7575,23.4928,65.2356,95.1151,0.0838215,-4.61094,
27.8985,-6.05316,0.482574,-9.11154,98.1734,-6.57329,76.4202,70.2749,1.32589,16.4183,104.227,-2.79516,-2.15139,70.7575,23.4928,65.2356,95.1151,0.0838215,-4.61094,
23.0285,0.0768237,1.30282,1.58246,98.23,-6.39909,76.2703,75.2016,2.54741,20.5983,98.1532,-1.33865,-2.0441,76.5044,21.0757,67.488,99.7357,3.62956,-7.75317,
23.0285,0.0768237,1.30282,1.58246,98.23,-6.39909,76.2703,75.2016,2.54741,20.5983,98.1532,-1.33865,-2.0441,76.5044,21.0757,67.488,99.7357,3.62956,-7.75317,
21.7843,0.0905719,3.52354,9.18998,98.2438,-6.58775,77.0238,76.4595,0.271257,15.0303,98.1532,-1.33865,-2.0441,79.983,20.9342,69.5129,107.343,11.1353,-15.7116,
21.7843,0.0905719,3.52354,9.18998,98.2438,-6.58775,77.0238,76.4595,0.271257,15.0303,98.1532,-1.33865,-2.0441,79.983,20.9342,69.5129,107.343,11.1353,-15.7116,
20.5794,2.5037,7.40023,14.9647,97.5931,-7.71297,79.379,77.0137,-0.884006,12.8613,95.0894,-0.149183,-6.78166,84.4139,18.8642,67.9143,110.054,13.2832,-17.3144,
20.5794,2.5037,7.40023,14.9647,97.5931,-7.71297,79.379,77.0137,-0.884006,12.8613,95.0894,-0.149183,-6.78166,84.4139,18.8642,67.9143,110.054,13.2832,-17.3144,
15.0488,5.06592,6.09218,18.3001,96.8199,-8.0402,79.4113,81.7711,2.13422,17.1724,91.754,-1.47899,-12.595,87.8633,16.635,67.9557,110.054,13.2832,-17.3144,
15.0488,5.06592,6.09218,18.3001,96.8199,-8.0402,79.4113,81.7711,2.13422,17.1724,91.754,-1.47899,-12.595,87.8633,16.635,67.9557,110.054,13.2832,-17.3144,
9.79771,8.07358,1.63352,23.9324,97.409,-7.73779,77.7804,87.6113,2.72743,17.5975,89.3354,-2.05491,-11.4317,89.2448,16.1359,68.2949,113.268,15.29,-19.274,
9.79771,8.07358,1.63352,23.9324,97.409,-7.73779,77.7804,87.6113,2.72743,17.5975,89.3354,-2.05491,-11.4317,89.2448,16.1359,68.2949,113.268,15.29,-19.274,
10.2199,8.4958,2.682,23.9324,97.8312,-7.62259,77.1213,87.6113,2.72743,17.5975,89.3354,-2.05491,-11.4317,90.2933,15.6937,68.1577,113.268,15.29,-19.274,
10.2199,8.4958,2.682,23.9324,97.8312,-7.62259,77.1213,87.6113,2.72743,17.5975,89.3354,-2.05491,-11.4317,90.2933,15.6937,68.1577,113.268,15.29,-19.274,
9.04489,9.35563,2.18667,18.0564,98.6911,-7.87263,76.3215,89.6462,2.67936,18.4981,89.3354,-2.05491,-11.4317,91.8328,14.8593,67.4894,107.392,12.0906,-19.9883,
9.04489,9.35563,2.18667,18.0564,98.6911,-7.87263,76.3215,89.6462,2.67936,18.4981,89.3354,-2.05491,-11.4317,91.8328,14.8593,67.4894,107.392,12.0906,-19.9883,
4.18133,14.3117,-1.46681,20.9276,98.0831,-8.62572,77.2043,93.9018,2.64792,18.6933,83.7714,-3.71165,-9.18036,92.435,14.4971,67.2019,104.699,10.3302,-19.4094,
4.18133,14.3117,-1.46681,20.9276,98.0831,-8.62572,77.2043,93.9018,2.64792,18.6933,83.7714,-3.71165,-9.18036,92.435,14.4971,67.2019,104.699,10.3302,-19.4094,
0.0688606,21.1726,-3.5008,20.9489,97.8225,-8.70452,77.1163,97.7536,2.53494,19.2382,76.6499,-7.38813,-8.26081,94.2528,13.4163,65.4752,97.5988,5.50546,-15.7931,
0.0688606,21.1726,-3.5008,20.9489,97.8225,-8.70452,77.1163,97.7536,2.53494,19.2382,76.6499,-7.38813,-8.26081,94.2528,13.4163,65.4752,97.5988,5.50546,-15.7931,
-3.48361,22.0839,-6.48735,-0.701433,98.0053,-8.40551,76.5462,101.489,2.6195,21.1145,75.9215,-8.49225,-7.45343,95.0016,13.0891,65.3148,75.22,-4.70788,-6.43097,
-3.48361,22.0839,-6.48735,-0.701433,98.0053,-8.40551,76.5462,101.489,2.6195,21.1145,75.9215,-8.49225,-7.45343,95.0016,13.0891,65.3148,75.22,-4.70788,-6.43097,
-8.37337,24.1521,-9.75793,1.28995,98.0822,-8.19415,76.1753,106.456,2.33006,24.673,73.9301,-6.58055,1.44716,96.6976,12.2267,65.3624,75.22,-4.70788,-6.43097,
-8.37337,24.1521,-9.75793,1.28995,98.0822,-8.19415,76.1753,106.456,2.33006,24.673,73.9301,-6.58055,1.44716,96.6976,12.2267,65.3624,75.22,-4.70788,-6.43097,
-14.5741,24.1641,-15.9707,1.28995,98.0942,-8.00121,75.7925,112.668,1.41645,28.077,73.9301,-6.58055,1.44716,96.6976,12.2267,65.3624,75.22,-4.70788,-6.43097,
-14.5741,24.1641,-15.9707,1.28995,98.0942,-8.00121,75.7925,112.668,1.41645,28.077,73.9301,-6.58055,1.44716,96.6976,12.2267,65.3624,75.22,-4.70788,-6.43097,
-14.5741,23.449,-14.891,-26.096,98.0942,-8.00121,75.7925,112.668,1.41645,28.077,74.6452,-5.7266,2.5369,97.7773,11.6876,65.4635,48.5492,-15.3963,2.00502,
-14.5741,23.449,-14.891,-26.096,98.0942,-8.00121,75.7925,112.668,1.41645,28.077,74.6452,-5.7266,2.5369,97.7773,11.6876,65.4635,48.5492,-15.3963,2.00502,
-15.8842,26.4582,-14.8721,-32.0741,98.0566,-7.83326,75.1444,113.941,1.62912,28.2229,71.5984,-3.74568,7.3845,99.0687,10.9871,65.5389,39.5243,-16.7011,6.77602,
-15.8842,26.4582,-14.8721,-32.0741,98.0566,-7.83326,75.1444,113.941,1.62912,28.2229,71.5984,-3.74568,7.3845,99.0687,10.9871,65.5389,39.5243,-16.7011,6.77602,
-16.8656,40.7321,-12.8966,-17.731,97.9875,-7.68185,75.6628,114.853,1.88078,28.7675,57.2554,-0.0143877,12.7202,101.956,9.24599,65.6374,39.5243,-16.7011,6.77602,
-16.8656,40.7321,-12.8966,-17.731,97.9875,-7.68185,75.6628,114.853,1.88078,28.7675,57.2554,-0.0143877,12.7202,101.956,9.24599,65.6374,39.5243,-16.7011,6.77602,
-13.6933,38.4966,-5.69671,-12.0721,97.996,-6.86499,76.9344,111.689,1.8529,29.0135,59.4994,-0.432125,11.4673,105.993,7.23487,65.2437,47.4273,-18.0691,4.02648,
-13.6933,38.4966,-5.69671,-12.0721,97.996,-6.86499,76.9344,111.689,1.8529,29.0135,59.4994,-0.432125,11.4673,105.993,7.23487,65.2437,47.4273,-18.0691,4.02648,
-10.1695,38.8157,5.70788,-6.23079,98.3151,-6.55087,77.5041,108.485,1.30056,28.4135,59.4994,-0.432125,11.4673,114.192,3.31191,64.6185,53.2686,-15.2113,1.97696,
-10.1695,38.8157,5.70788,-6.23079,98.3151,-6.55087,77.5041,108.485,1.30056,28.4135,59.4994,-0.432125,11.4673,114.192,3.31191,64.6185,53.2686,-15.2113,1.97696,
-10.1935,30.3698,8.89137,-11.0318,98.2911,-6.47084,78.0294,108.485,1.30056,28.4135,67.9213,-2.25604,7.87314,117.376,1.3237,65.1228,56.8895,-15.1641,-0.285,
-10.1935,30.3698,8.89137,-11.0318,98.2911,-6.47084,78.0294,108.485,1.30056,28.4135,67.9213,-2.25604,7.87314,117.376,1.3237,65.1228,56.8895,-15.1641,-0.285,
-4.25811,30.6986,17.2713,-10.703,98.2911,-6.47084,78.0294,102.549,-0.23139,27.5678,67.5925,-1.09978,11.0221,119.82,-1.50341,66.7843,56.8895,-15.1641,-0.285,
-4.25811,30.6986,17.2713,-10.703,98.2911,-6.47084,78.0294,102.549,-0.23139,27.5678,67.5925,-1.09978,11.0221,119.82,-1.50341,66.7843,56.8895,-15.1641,-0.285,
-2.50592,27.7554,27.9729,-7.14036,98.4152,-6.54086,79.3033,100.921,-1.26335,29.0957,70.6597,-2.75055,9.66815,128.894,-12.7803,73.2319,63.5194,-14.0501,-2.40562,
-2.50592,27.7554,27.9729,-7.14036,98.4152,-6.54086,79.3033,100.921,-1.26335,29.0957,70.6597,-2.75055,9.66815,128.894,-12.7803,73.2319,63.5194,-14.0501,-2.40562,
1.47841,28.3412,33.2849,-2.83137,99.0009,-6.51928,80.6702,97.5225,-2.3458,35.5294,70.6597,-2.75055,9.66815,130.807,-14.3156,72.6688,67.8284,-12.0199,-2.78521,
1.47841,28.3412,33.2849,-2.83137,99.0009,-6.51928,80.6702,97.5225,-2.3458,35.5294,70.6597,-2.75055,9.66815,130.807,-14.3156,72.6688,67.8284,-12.0199,-2.78521,
2.57818,20.946,34.0122,-6.8389,98.9164,-6.90955,81.9171,96.3382,-1.47628,36.401,77.9704,-4.17298,7.71017,130.35,-14.0572,72.6568,71.1315,-11.3435,-4.0775,
2.57818,20.946,34.0122,-6.8389,98.9164,-6.90955,81.9171,96.3382,-1.47628,36.401,77.9704,-4.17298,7.71017,130.35,-14.0572,72.6568,71.1315,-11.3435,-4.0775,
5.87683,18.4225,36.2652,-8.82327,98.3772,-7.56523,82.9763,92.5004,0.146162,33.0892,79.9548,-4.41029,7.25349,128.766,-12.9717,73.0817,71.1315,-11.3435,-4.0775,
5.87683,18.4225,36.2652,-8.82327,98.3772,-7.56523,82.9763,92.5004,0.146162,33.0892,79.9548,-4.41029,7.25349,128.766,-12.9717,73.0817,71.1315,-11.3435,-4.0775,
10.9522,17.3496,40.4961,-8.40873,99.2217,-7.76707,82.4559,88.2695,1.58191,31.9595,81.8721,-4.58302,6.96942,128.766,-12.9717,73.0817,73.4634,-10.5799,-4.8055,
10.9522,17.3496,40.4961,-8.40873,99.2217,-7.76707,82.4559,88.2695,1.58191,31.9595,81.8721,-4.58302,6.96942,128.766,-12.9717,73.0817,73.4634,-10.5799,-4.8055,
11.5257,16.0764,37.5285,-6.8182,97.9485,-7.40755,81.9968,86.4228,2.50657,32.0069,81.8721,-4.58302,6.96942,123.951,-9.53934,73.8125,75.0539,-9.6528,-4.6567,
11.5257,16.0764,37.5285,-6.8182,97.9485,-7.40755,81.9968,86.4228,2.50657,32.0069,81.8721,-4.58302,6.96942,123.951,-9.53934,73.8125,75.0539,-9.6528,-4.6567,
11.9745,15.6847,35.1976,-5.18881,97.5568,-7.53,82.3752,85.5823,3.57388,32.4103,81.8721,-4.58302,6.96942,120.78,-6.58891,73.3866,76.6833,-8.99987,-5.07356,
11.9745,15.6847,35.1976,-5.18881,97.5568,-7.53,82.3752,85.5823,3.57388,32.4103,81.8721,-4.58302,6.96942,120.78,-6.58891,73.3866,76.6833,-8.99987,-5.07356,
