6.12474,1.06797,1.47269,11.7832,93.8989,-0.128758,-107.604,87.7742,4.05656,-167.732,92.8309,-4.35649,165.603,89.2469,14.8441,-119.76,104.614,13.6654,138.87,
6.12474,1.06797,1.47269,11.7832,93.8989,-0.128758,-107.604,87.7742,4.05656,-167.732,92.8309,-4.35649,165.603,89.2469,14.8441,-119.76,104.614,13.6654,138.87,
5.48268,1.73753,1.05941,2.71667,93.8989,-0.128758,-107.604,88.4162,4.07033,-166.244,92.1614,-4.27128,169.559,89.4756,14.3721,-119.664,94.8781,11.1041,141.737,
5.48268,1.73753,1.05941,2.71667,93.8989,-0.128758,-107.604,88.4162,4.07033,-166.244,92.1614,-4.27128,169.559,89.4756,14.3721,-119.664,94.8781,11.1041,141.737,
5.78533,2.04018,1.05941,-0.011516,94.2016,1.02287,-104.608,88.4162,4.07033,-166.244,92.1614,-4.27128,169.559,89.4756,14.3721,-119.664,92.1499,9.20638,143.763,
5.78533,2.04018,1.05941,-0.011516,94.2016,1.02287,-104.608,88.4162,4.07033,-166.244,92.1614,-4.27128,169.559,89.4756,14.3721,-119.664,92.1499,9.20638,143.763,
5.40456,3.50732,1.1913,-1.65136,93.9016,1.89109,-103.107,88.497,3.95697,-165.995,90.3942,-3.31286,-179.418,89.6883,14.0573,-119.403,88.7429,6.36013,148.879,
5.40456,3.50732,1.1913,-1.65136,93.9016,1.89109,-103.107,88.497,3.95697,-165.995,90.3942,-3.31286,-179.418,89.6883,14.0573,-119.403,88.7429,6.36013,148.879,
5.16971,3.39476,1.42888,-1.65136,93.789,2.4054,-102.432,88.6193,3.98554,-165.039,90.3942,-3.31286,-179.418,90.0482,13.7029,-119.162,88.7429,6.36013,148.879,
5.16971,3.39476,1.42888,-1.65136,93.789,2.4054,-102.432,88.6193,3.98554,-165.039,90.3942,-3.31286,-179.418,90.0482,13.7029,-119.162,88.7429,6.36013,148.879,
4.20909,1.12527,1.04241,-1.66106,93.55,3.11049,-101.645,89.3409,3.82636,-163.609,92.4247,-3.6983,-175.319,90.3833,13.2657,-118.877,90.7637,5.41162,157.017,
4.20909,1.12527,1.04241,-1.66106,93.55,3.11049,-101.645,89.3409,3.82636,-163.609,92.4247,-3.6983,-175.319,90.3833,13.2657,-118.877,90.7637,5.41162,157.017,
3.52447,-0.515138,0.711918,-2.58625,93.2858,3.6439,-101.212,89.7613,3.71244,-162.764,93.8009,-3.52424,-178.282,90.4732,12.9172,-118.568,91.2147,5.35808,157.213,
3.52447,-0.515138,0.711918,-2.58625,93.2858,3.6439,-101.212,89.7613,3.71244,-162.764,93.8009,-3.52424,-178.282,90.4732,12.9172,-118.568,91.2147,5.35808,157.213,
3.80589,-0.669481,0.352578,-3.72514,93.9266,4.2009,-100.456,90.1207,3.64328,-161.896,94.596,-3.5738,-179.322,90.4732,12.9172,-118.568,90.8709,5.19747,156.682,
3.80589,-0.669481,0.352578,-3.72514,93.9266,4.2009,-100.456,90.1207,3.64328,-161.896,94.596,-3.5738,-179.322,90.4732,12.9172,-118.568,90.8709,5.19747,156.682,
3.848,0.143126,-0.58824,-3.72514,94.7392,4.61308,-99.011,90.8912,3.72459,-160.443,94.596,-3.5738,-179.322,90.3029,12.5439,-118.4,90.8709,5.19747,156.682,
3.848,0.143126,-0.58824,-3.72514,94.7392,4.61308,-99.011,90.8912,3.72459,-160.443,94.596,-3.5738,-179.322,90.3029,12.5439,-118.4,90.8709,5.19747,156.682,
3.33642,0.552703,-1.46708,-3.69071,94.7392,4.61308,-99.011,91.4027,3.67625,-159.928,94.1865,-3.7676,-177.998,89.9357,12.1852,-118.43,90.4957,4.71124,156.889,
3.33642,0.552703,-1.46708,-3.69071,94.7392,4.61308,-99.011,91.4027,3.67625,-159.928,94.1865,-3.7676,-177.998,89.9357,12.1852,-118.43,90.4957,4.71124,156.889,
2.23671,-0.708264,-3.75728,-6.75234,95.2131,4.79689,-96.5683,92.9764,3.01084,-158.994,95.9214,-3.29858,-174.861,89.2191,12.1657,-117.19,89.169,3.59996,157.716,
2.23671,-0.708264,-3.75728,-6.75234,95.2131,4.79689,-96.5683,92.9764,3.01084,-158.994,95.9214,-3.29858,-174.861,89.2191,12.1657,-117.19,89.169,3.59996,157.716,
2.23671,-0.708264,-3.75728,-7.31402,95.2131,4.79689,-96.5683,92.9764,3.01084,-158.994,95.9214,-3.29858,-174.861,89.2191,12.1657,-117.19,88.6073,3.14933,157.32,
2.23671,-0.708264,-3.75728,-7.31402,95.2131,4.79689,-96.5683,92.9764,3.01084,-158.994,95.9214,-3.29858,-174.861,89.2191,12.1657,-117.19,88.6073,3.14933,157.32,
1.28095,-0.631916,-5.63339,-7.31402,95.2895,4.73463,-95.1481,94.0085,2.20405,-158.72,95.9214,-3.29858,-174.861,88.3751,12.2155,-116.611,88.6073,3.14933,157.32,
1.28095,-0.631916,-5.63339,-7.31402,95.2895,4.73463,-95.1481,94.0085,2.20405,-158.72,95.9214,-3.29858,-174.861,88.3751,12.2155,-116.611,88.6073,3.14933,157.32,
1.50862,-0.466655,-6.77869,-8.96595,95.4402,4.76571,-94.2027,93.9316,2.01128,-159.098,95.9069,-3.81875,-172.604,87.1529,12.0947,-116.69,86.9409,1.86782,156.853,
1.50862,-0.466655,-6.77869,-8.96595,95.4402,4.76571,-94.2027,93.9316,2.01128,-159.098,95.9069,-3.81875,-172.604,87.1529,12.0947,-116.69,86.9409,1.86782,156.853,
1.29489,-0.504845,-6.70419,-8.83998,95.152,4.57469,-93.6818,93.8571,1.80784,-159.357,95.6569,-3.83848,-171.936,87.1529,12.0947,-116.69,86.8169,1.58788,157.002,
1.29489,-0.504845,-6.70419,-8.83998,95.152,4.57469,-93.6818,93.8571,1.80784,-159.357,95.6569,-3.83848,-171.936,87.1529,12.0947,-116.69,86.8169,1.58788,157.002,
1.23896,-0.476504,-6.98399,-8.76834,95.0961,4.4439,-93.4231,93.8571,1.80784,-159.357,95.5726,-3.95554,-171.774,86.8731,11.963,-116.934,86.8042,1.40476,157.075,
1.23896,-0.476504,-6.98399,-8.76834,95.0961,4.4439,-93.4231,93.8571,1.80784,-159.357,95.5726,-3.95554,-171.774,86.8731,11.963,-116.934,86.8042,1.40476,157.075,
1.77623,-0.3233,-6.98043,-8.81766,95.2764,4.05308,-91.8782,93.5002,1.00054,-159.715,95.5997,-4.38874,-171.336,86.5197,11.3707,-117.897,86.782,1.13182,157.018,
1.77623,-0.3233,-6.98043,-8.81766,95.2764,4.05308,-91.8782,93.5002,1.00054,-159.715,95.5997,-4.38874,-171.336,86.5197,11.3707,-117.897,86.782,1.13182,157.018,
2.11918,-0.285462,-6.6906,-8.81177,95.3675,3.99226,-91.028,93.2483,0.832699,-159.896,95.6529,-4.57257,-171.017,86.5577,11.1036,-118.166,86.8412,0.81952,156.935,
2.11918,-0.285462,-6.6906,-8.81177,95.3675,3.99226,-91.028,93.2483,0.832699,-159.896,95.6529,-4.57257,-171.017,86.5577,11.1036,-118.166,86.8412,0.81952,156.935,
2.44668,-0.401681,-6.00719,-8.95056,95.4428,3.88121,-90.3071,92.9961,0.65222,-159.968,95.8445,-4.74818,-171.184,86.989,10.4349,-118.394,86.8939,0.627571,156.833,
2.44668,-0.401681,-6.00719,-8.95056,95.4428,3.88121,-90.3071,92.9961,0.65222,-159.968,95.8445,-4.74818,-171.184,86.989,10.4349,-118.394,86.8939,0.627571,156.833,
3.36874,-0.299405,-5.50043,-9.21037,95.8581,3.42713,-89.587,92.4894,0.40386,-159.869,96.1575,-4.95582,-171.28,86.989,10.4349,-118.394,86.9472,0.431215,156.755,
3.36874,-0.299405,-5.50043,-9.21037,95.8581,3.42713,-89.587,92.4894,0.40386,-159.869,96.1575,-4.95582,-171.28,86.989,10.4349,-118.394,86.9472,0.431215,156.755,
5.6312,-0.224522,-2.6571,-9.98676,96.7094,3.15596,-88.7401,91.0782,0.518415,-159.82,96.9339,-5.25912,-171.215,88.4211,9.14957,-118.68,86.9472,0.431215,156.755,
5.6312,-0.224522,-2.6571,-9.98676,96.7094,3.15596,-88.7401,91.0782,0.518415,-159.82,96.9339,-5.25912,-171.215,88.4211,9.14957,-118.68,86.9472,0.431215,156.755,
7.35612,-1.09923,0.471003,-10.6205,96.8653,3.08304,-88.6759,89.5091,0.800242,-160.111,97.9645,-5.52867,-171.411,89.9801,8.05096,-118.714,87.344,-0.279484,157.028,
7.35612,-1.09923,0.471003,-10.6205,96.8653,3.08304,-88.6759,89.5091,0.800242,-160.111,97.9645,-5.52867,-171.411,89.9801,8.05096,-118.714,87.344,-0.279484,157.028,
9.69129,-1.72881,4.02729,-11.0951,96.8653,3.08304,-88.6759,87.174,1.26606,-160.543,98.5941,-5.5856,-171.537,91.2013,7.38843,-118.04,87.4989,-0.487733,157.156,
9.69129,-1.72881,4.02729,-11.0951,96.8653,3.08304,-88.6759,87.174,1.26606,-160.543,98.5941,-5.5856,-171.537,91.2013,7.38843,-118.04,87.4989,-0.487733,157.156,
15.4308,-1.11907,10.2094,-11.5162,98.0139,2.05447,-87.7744,82.5831,1.99088,-162.517,99.133,-5.75004,-171.612,92.7925,6.76077,-116.777,87.6168,-0.754222,157.262,
15.4308,-1.11907,10.2094,-11.5162,98.0139,2.05447,-87.7744,82.5831,1.99088,-162.517,99.133,-5.75004,-171.612,92.7925,6.76077,-116.777,87.6168,-0.754222,157.262,
17.2748,-1.95749,15.4467,-12.848,98.6969,1.47858,-87.3406,81.4221,1.40265,-162.821,100.654,-6.31661,-171.457,96.8688,5.66855,-111.59,87.8064,-1.29886,157.34,
17.2748,-1.95749,15.4467,-12.848,98.6969,1.47858,-87.3406,81.4221,1.40265,-162.821,100.654,-6.31661,-171.457,96.8688,5.66855,-111.59,87.8064,-1.29886,157.34,
20.1231,-3.02927,17.461,-14.0337,98.8226,1.20276,-86.8979,78.6995,1.31559,-163.257,101.852,-6.40779,-171.68,96.1605,6.31754,-110.719,87.8182,-1.79605,156.926,
20.1231,-3.02927,17.461,-14.0337,98.8226,1.20276,-86.8979,78.6995,1.31559,-163.257,101.852,-6.40779,-171.68,96.1605,6.31754,-110.719,87.8182,-1.79605,156.926,
20.1671,-3.74138,17.461,-14.8577,98.8665,1.05369,-86.628,78.6995,1.31559,-163.257,102.608,-6.46419,-172.181,96.1605,6.31754,-110.719,87.7503,-1.99021,156.747,
20.1671,-3.74138,17.461,-14.8577,98.8665,1.05369,-86.628,78.6995,1.31559,-163.257,102.608,-6.46419,-172.181,96.1605,6.31754,-110.719,87.7503,-1.99021,156.747,
23.8136,-3.47482,16.9597,-14.8577,99.1331,0.492162,-86.022,75.3195,2.59808,-161.645,102.608,-6.46419,-172.181,92.2792,9.15493,-109.195,87.7503,-1.99021,156.747,
23.8136,-3.47482,16.9597,-14.8577,99.1331,0.492162,-86.022,75.3195,2.59808,-161.645,102.608,-6.46419,-172.181,92.2792,9.15493,-109.195,87.7503,-1.99021,156.747,
23.8735,-3.41494,14.1902,-14.8577,99.193,0.412018,-86.1783,75.3195,2.59808,-161.645,102.608,-6.46419,-172.181,89.5097,10.9838,-109.076,87.7503,-1.99021,156.747,
23.8735,-3.41494,14.1902,-14.8577,99.193,0.412018,-86.1783,75.3195,2.59808,-161.645,102.608,-6.46419,-172.181,89.5097,10.9838,-109.076,87.7503,-1.99021,156.747,
27.9961,-6.69933,9.6298,-18.514,99.1897,-0.261479,-86.8549,71.1937,4.42291,-163.331,105.889,-6.43512,-174.071,80.8235,16.1602,-112.248,87.375,-2.75617,156.608,
27.9961,-6.69933,9.6298,-18.514,99.1897,-0.261479,-86.8549,71.1937,4.42291,-163.331,105.889,-6.43512,-174.071,80.8235,16.1602,-112.248,87.375,-2.75617,156.608,
27.8207,-7.46918,6.20383,-18.5022,99.0143,-1.043,-85.8813,71.1937,4.42291,-163.331,106.483,-6.42302,-175.025,77.3975,17.5805,-114.116,87.9813,-2.98007,156.513,
27.8207,-7.46918,6.20383,-18.5022,99.0143,-1.043,-85.8813,71.1937,4.42291,-163.331,106.483,-6.42302,-175.025,77.3975,17.5805,-114.116,87.9813,-2.98007,156.513,
32.8641,-8.98668,0.823376,-18.9154,99.2343,-1.93823,-86.9299,66.3702,3.38064,-167.057,108.221,-6.40844,-177.86,67.1936,20.4971,-119.801,89.3056,-2.59897,156.743,
32.8641,-8.98668,0.823376,-18.9154,99.2343,-1.93823,-86.9299,66.3702,3.38064,-167.057,108.221,-6.40844,-177.86,67.1936,20.4971,-119.801,89.3056,-2.59897,156.743,
33.1462,-14.2201,-4.96884,-22.2383,99.3341,-2.57831,-86.5521,66.1879,3.09428,-167.821,113.554,-5.82152,175.397,61.219,21.8905,-122.946,91.3159,-1.73379,156.624,
33.1462,-14.2201,-4.96884,-22.2383,99.3341,-2.57831,-86.5521,66.1879,3.09428,-167.821,113.554,-5.82152,175.397,61.219,21.8905,-122.946,91.3159,-1.73379,156.624,
33.0215,-15.7189,-7.6183,-22.508,99.3341,-2.57831,-86.5521,66.3126,2.84931,-168.553,115.053,-6.16589,174.375,58.6943,22.5406,-124.309,92.545,-1.33588,156.539,
33.0215,-15.7189,-7.6183,-22.508,99.3341,-2.57831,-86.5521,66.3126,2.84931,-168.553,115.053,-6.16589,174.375,58.6943,22.5406,-124.309,92.545,-1.33588,156.539,
34.1365,-14.6039,-7.6183,-21.1958,100.449,-2.63556,-87.023,66.3126,2.84931,-168.553,115.053,-6.16589,174.375,58.6943,22.5406,-124.309,93.8572,-0.730823,156.731,
34.1365,-14.6039,-7.6183,-21.1958,100.449,-2.63556,-87.023,66.3126,2.84931,-168.553,115.053,-6.16589,174.375,58.6943,22.5406,-124.309,93.8572,-0.730823,156.731,
36.7902,-14.7299,-3.48664,-18.8449,100.323,-2.81275,-87.8342,63.5329,2.12569,-171.366,115.053,-6.16589,174.375,60.0462,22.3043,-126.258,96.2081,0.722422,156.752,
36.7902,-14.7299,-3.48664,-18.8449,100.323,-2.81275,-87.8342,63.5329,2.12569,-171.366,115.053,-6.16589,174.375,60.0462,22.3043,-126.258,96.2081,0.722422,156.752,
38.3677,-14.3835,0.432412,-16.9565,101.14,-2.69326,-89.0497,62.7726,2.1752,-172.851,115.524,-6.17109,172.739,63.205,21.586,-125.409,98.5673,2.17053,156.609,
38.3677,-14.3835,0.432412,-16.9565,101.14,-2.69326,-89.0497,62.7726,2.1752,-172.851,115.524,-6.17109,172.739,63.205,21.586,-125.409,98.5673,2.17053,156.609,
38.4484,-13.9179,2.94154,-15.5063,101.221,-2.65473,-89.9466,62.7726,2.1752,-172.851,115.139,-5.84281,172.404,65.7141,20.6386,-124.67,99.6326,2.93502,156.466,
38.4484,-13.9179,2.94154,-15.5063,101.221,-2.65473,-89.9466,62.7726,2.1752,-172.851,115.139,-5.84281,172.404,65.7141,20.6386,-124.67,99.6326,2.93502,156.466,
34.9381,-12.7771,2.12334,-13.7496,101.375,-2.57984,-90.3771,66.4369,2.01782,-172.647,114.152,-5.60301,172.302,68.5602,20.4783,-123.068,100.402,3.75809,155.907,
34.9381,-12.7771,2.12334,-13.7496,101.375,-2.57984,-90.3771,66.4369,2.01782,-172.647,114.152,-5.60301,172.302,68.5602,20.4783,-123.068,100.402,3.75809,155.907,
30.9171,-0.219149,2.88775,-1.27868,101.415,-2.37773,-90.7762,70.4979,1.47441,-175.37,101.634,-4.65112,174.746,73.3856,18.8354,-121.311,100.355,5.67931,152.836,
30.9171,-0.219149,2.88775,-1.27868,101.415,-2.37773,-90.7762,70.4979,1.47441,-175.37,101.634,-4.65112,174.746,73.3856,18.8354,-121.311,100.355,5.67931,152.836,
30.5656,-0.570681,2.88775,0.201544,101.063,-2.40352,-90.93,70.4979,1.47441,-175.37,101.634,-4.65112,174.746,73.3856,18.8354,-121.311,101.836,7.52444,150.088,
30.5656,-0.570681,2.88775,0.201544,101.063,-2.40352,-90.93,70.4979,1.47441,-175.37,101.634,-4.65112,174.746,73.3856,18.8354,-121.311,101.836,7.52444,150.088,
28.9781,2.13335,5.95566,8.13066,100.915,-2.31188,-91.2129,71.9366,1.4661,-175.228,98.7814,-4.50057,169.017,77.8922,17.3792,-121.107,106.912,11.8719,145.332,
28.9781,2.13335,5.95566,8.13066,100.915,-2.31188,-91.2129,71.9366,1.4661,-175.228,98.7814,-4.50057,169.017,77.8922,17.3792,-121.107,106.912,11.8719,145.332,
24.8737,1.65332,6.51011,10.6261,100.435,-1.99734,-91.7884,75.561,4.08172,-172.48,98.7814,-4.50057,169.017,82.0711,15.2458,-121.052,109.407,13.6558,143.96,
24.8737,1.65332,6.51011,10.6261,100.435,-1.99734,-91.7884,75.561,4.08172,-172.48,98.7814,-4.50057,169.017,82.0711,15.2458,-121.052,109.407,13.6558,143.96,
20.775,12.4844,5.53472,22.5529,100.233,-2.01322,-92.5127,79.4582,4.43537,-172.362,87.7488,-7.52192,171.413,84.993,14.2276,-120.569,110.302,13.6037,141.564,
20.775,12.4844,5.53472,22.5529,100.233,-2.01322,-92.5127,79.4582,4.43537,-172.362,87.7488,-7.52192,171.413,84.993,14.2276,-120.569,110.302,13.6037,141.564,
16.6523,15.2066,2.8882,20.4948,99.8338,-2.1716,-92.7389,83.1815,4.35695,-172.072,84.6273,-8.61221,172.747,86.0697,13.9952,-120.575,105.122,10.8856,142.294,
16.6523,15.2066,2.8882,20.4948,99.8338,-2.1716,-92.7389,83.1815,4.35695,-172.072,84.6273,-8.61221,172.747,86.0697,13.9952,-120.575,105.122,10.8856,142.294,
16.1437,17.6366,3.85233,20.7372,99.3252,-1.65412,-93.2439,83.1815,4.35695,-172.072,81.6886,-9.84145,173.813,87.0338,13.8746,-120.65,102.426,9.10397,143.913,
16.1437,17.6366,3.85233,20.7372,99.3252,-1.65412,-93.2439,83.1815,4.35695,-172.072,81.6886,-9.84145,173.813,87.0338,13.8746,-120.65,102.426,9.10397,143.913,
12.2401,17.6995,1.51355,20.7372,99.388,-1.00635,-94.9225,87.1479,4.06155,-171.722,81.6886,-9.84145,173.813,88.6615,13.7988,-120.509,102.426,9.10397,143.913,
12.2401,17.6995,1.51355,20.7372,99.388,-1.00635,-94.9225,87.1479,4.06155,-171.722,81.6886,-9.84145,173.813,88.6615,13.7988,-120.509,102.426,9.10397,143.913,
6.37292,17.753,-3.84024,20.7372,99.4416,-0.88573,-95.6795,93.0687,4.6754,-168.779,81.6886,-9.84145,173.813,89.2284,13.7521,-120.77,102.426,9.10397,143.913,
6.37292,17.753,-3.84024,20.7372,99.4416,-0.88573,-95.6795,93.0687,4.6754,-168.779,81.6886,-9.84145,173.813,89.2284,13.7521,-120.77,102.426,9.10397,143.913,
4.21371,27.5108,-4.03281,12.7804,99.1952,-0.914461,-95.7754,94.9815,4.95937,-167.412,71.6844,-12.5548,-176.031,90.9487,13.2901,-122.706,84.4649,0.490908,156.011,
4.21371,27.5108,-4.03281,12.7804,99.1952,-0.914461,-95.7754,94.9815,4.95937,-167.412,71.6844,-12.5548,-176.031,90.9487,13.2901,-122.706,84.4649,0.490908,156.011,
3.83468,28.4425,-4.03281,1.50971,98.8162,-0.557047,-95.1063,94.9815,4.95937,-167.412,70.3737,-11.6186,-173.224,90.9487,13.2901,-122.706,71.8835,-3.23968,159.881,
3.83468,28.4425,-4.03281,1.50971,98.8162,-0.557047,-95.1063,94.9815,4.95937,-167.412,70.3737,-11.6186,-173.224,90.9487,13.2901,-122.706,71.8835,-3.23968,159.881,
-6.50943,28.2719,-11.567,1.50971,98.6456,-0.189226,-94.6769,105.155,4.94114,-160.625,70.3737,-11.6186,-173.224,93.588,12.5848,-122.452,71.8835,-3.23968,159.881,
-6.50943,28.2719,-11.567,1.50971,98.6456,-0.189226,-94.6769,105.155,4.94114,-160.625,70.3737,-11.6186,-173.224,93.588,12.5848,-122.452,71.8835,-3.23968,159.881,
-9.32196,29.9835,-12.9716,-21.6523,98.5809,0.252243,-94.1057,107.903,5.13235,-160.281,68.5974,-7.40552,-167.071,94.9313,12.1836,-122.194,46.9451,-10.9543,166.63,
-9.32196,29.9835,-12.9716,-21.6523,98.5809,0.252243,-94.1057,107.903,5.13235,-160.281,68.5974,-7.40552,-167.071,94.9313,12.1836,-122.194,46.9451,-10.9543,166.63,
-10.0819,31.4031,-10.2231,-25.3812,98.7702,0.366272,-93.017,108.852,5.47774,-159.964,67.367,-6.28604,-165.366,98.629,10.9189,-121.849,41.9858,-11.3789,169.278,
-10.0819,31.4031,-10.2231,-25.3812,98.7702,0.366272,-93.017,108.852,5.47774,-159.964,67.367,-6.28604,-165.366,98.629,10.9189,-121.849,41.9858,-11.3789,169.278,
-10.0156,34.0316,-10.2231,-26.5793,98.8365,0.417139,-92.7325,108.852,5.47774,-159.964,64.8049,-5.19438,-164.576,98.629,10.9189,-121.849,38.2256,-11.5168,171.445,
-10.0156,34.0316,-10.2231,-26.5793,98.8365,0.417139,-92.7325,108.852,5.47774,-159.964,64.8049,-5.19438,-164.576,98.629,10.9189,-121.849,38.2256,-11.5168,171.445,
-11.5157,39.9324,-5.47832,-21.0499,99.2079,0.608988,-91.2804,110.724,5.48144,-158.795,59.2755,-1.89417,-162.077,105.245,8.16673,-121.549,38.2256,-11.5168,171.445,
-11.5157,39.9324,-5.47832,-21.0499,99.2079,0.608988,-91.2804,110.724,5.48144,-158.795,59.2755,-1.89417,-162.077,105.245,8.16673,-121.549,38.2256,-11.5168,171.445,
-11.6265,37.3953,-0.597885,-16.021,99.3313,0.371534,-90.012,110.958,5.23071,-156.841,61.936,-3.43065,-164.468,110.36,5.99463,-121.372,45.9151,-11.9478,170.21,
-11.6265,37.3953,-0.597885,-16.021,99.3313,0.371534,-90.012,110.958,5.23071,-156.841,61.936,-3.43065,-164.468,110.36,5.99463,-121.372,45.9151,-11.9478,170.21,
-9.06434,33.5944,4.96271,-16.8305,99.0758,-0.0642653,-89.0722,108.14,4.83682,-156.919,65.4814,-4.82275,-165.336,113.103,4.65064,-120.686,48.6509,-11.8256,169.29,
-9.06434,33.5944,4.96271,-16.8305,99.0758,-0.0642653,-89.0722,108.14,4.83682,-156.919,65.4814,-4.82275,-165.336,113.103,4.65064,-120.686,48.6509,-11.8256,169.29,
-2.77218,33.8545,10.9948,-15.5823,99.3358,-0.283318,-88.4294,102.108,3.29528,-158.524,65.4814,-4.82275,-165.336,113.103,4.65064,-120.686,49.8991,-11.8285,168.964,
-2.77218,33.8545,10.9948,-15.5823,99.3358,-0.283318,-88.4294,102.108,3.29528,-158.524,65.4814,-4.82275,-165.336,113.103,4.65064,-120.686,49.8991,-11.8285,168.964,
1.91708,28.7082,21.1397,-14.2958,98.8632,0.210939,-89.0892,96.9461,1.11345,-156.547,70.155,-3.64359,-165.83,118.086,0.615508,-117.748,55.8592,-8.61571,168.89,
1.91708,28.7082,21.1397,-14.2958,98.8632,0.210939,-89.0892,96.9461,1.11345,-156.547,70.155,-3.64359,-165.83,118.086,0.615508,-117.748,55.8592,-8.61571,168.89,
3.04362,28.1493,27.674,-9.28118,98.597,0.200258,-89.0132,95.5534,0.335281,-152.638,70.4477,-0.362175,-157.625,123.227,-6.87465,-111.677,61.1665,-8.44556,167.174,
3.04362,28.1493,27.674,-9.28118,98.597,0.200258,-89.0132,95.5534,0.335281,-152.638,70.4477,-0.362175,-157.625,123.227,-6.87465,-111.677,61.1665,-8.44556,167.174,
4.38941,23.5281,34.9512,-9.01801,98.2537,-0.117976,-88.5426,93.8643,0.238799,-149.308,74.7256,-5.59068,-165.221,128.816,-12.0171,-109.557,65.7076,-8.05289,166.628,
4.38941,23.5281,34.9512,-9.01801,98.2537,-0.117976,-88.5426,93.8643,0.238799,-149.308,74.7256,-5.59068,-165.221,128.816,-12.0171,-109.557,65.7076,-8.05289,166.628,
8.1043,24.0752,38.1191,-9.01801,98.8008,-0.337661,-88.1135,90.6965,1.82603,-149.797,74.7256,-5.59068,-165.221,128.816,-12.0171,-109.557,65.7076,-8.05289,166.628,
8.1043,24.0752,38.1191,-9.01801,98.8008,-0.337661,-88.1135,90.6965,1.82603,-149.797,74.7256,-5.59068,-165.221,128.816,-12.0171,-109.557,65.7076,-8.05289,166.628,
13.2945,19.0429,39.3207,-10.5929,98.7686,-0.406504,-87.8638,85.4742,2.88165,-153.505,79.7258,-6.88855,-166.655,124.795,-9.47957,-108.422,69.1329,-6.92057,165.964,
13.2945,19.0429,39.3207,-10.5929,98.7686,-0.406504,-87.8638,85.4742,2.88165,-153.505,79.7258,-6.88855,-166.655,124.795,-9.47957,-108.422,69.1329,-6.92057,165.964,
17.6685,14.5283,41.1063,-12.1677,98.5116,-0.136099,-89.3598,80.843,4.49781,-154.71,83.9832,-6.67862,-167.024,121.949,-7.24633,-108.625,71.8155,-6.16591,165.439,
17.6685,14.5283,41.1063,-12.1677,98.5116,-0.136099,-89.3598,80.843,4.49781,-154.71,83.9832,-6.67862,-167.024,121.949,-7.24633,-108.625,71.8155,-6.16591,165.439,
17.4619,12.1353,37.5669,-12.4817,98.3049,-0.0441794,-90.2619,80.843,4.49781,-154.71,86.1696,-6.80914,-167.655,118.41,-4.5183,-109.439,73.6879,-5.93506,166.013,
17.4619,12.1353,37.5669,-12.4817,98.3049,-0.0441794,-90.2619,80.843,4.49781,-154.71,86.1696,-6.80914,-167.655,118.41,-4.5183,-109.439,73.6879,-5.93506,166.013,
18.974,10.9738,30.943,-12.4817,97.1434,-0.081392,-90.674,78.1694,6.71882,-154.518,86.1696,-6.80914,-167.655,109.112,1.513,-111.971,73.6879,-5.93506,166.013,
18.974,10.9738,30.943,-12.4817,97.1434,-0.081392,-90.674,78.1694,6.71882,-154.518,86.1696,-6.80914,-167.655,109.112,1.513,-111.971,73.6879,-5.93506,166.013,
19.4501,10.5379,26.2771,-12.4817,96.7075,-0.163599,-90.838,77.2574,7.13461,-156.438,86.1696,-6.80914,-167.655,103.535,4.42004,-113.241,73.6879,-5.93506,166.013,
19.4501,10.5379,26.2771,-12.4817,96.7075,-0.163599,-90.838,77.2574,7.13461,-156.438,86.1696,-6.80914,-167.655,103.535,4.42004,-113.241,73.6879,-5.93506,166.013,
21.6363,-0.786111,16.1099,-19.4641,96.71,-0.594888,-91.2689,75.0737,5.96155,-160.59,97.4961,-7.23193,-172.957,91.1836,9.81451,-114.168,78.032,-5.66471,164.701,
21.6363,-0.786111,16.1099,-19.4641,96.71,-0.594888,-91.2689,75.0737,5.96155,-160.59,97.4961,-7.23193,-172.957,91.1836,9.81451,-114.168,78.032,-5.66471,164.701,
20.6195,-4.387,9.71245,-20.9725,95.6932,-1.16486,-90.5635,75.0737,5.96155,-160.59,100.08,-7.14831,-175.315,84.7862,12.6868,-114.073,79.1077,-5.55957,164.196,
20.6195,-4.387,9.71245,-20.9725,95.6932,-1.16486,-90.5635,75.0737,5.96155,-160.59,100.08,-7.14831,-175.315,84.7862,12.6868,-114.073,79.1077,-5.55957,164.196,
19.9853,-11.306,-8.60228,-27.1752,94.977,-2.21227,-90.8252,74.9916,5.09581,-162.286,106.283,-7.02562,-179.63,66.3894,21.0956,-116.688,79.1077,-5.55957,164.196,
19.9853,-11.306,-8.60228,-27.1752,94.977,-2.21227,-90.8252,74.9916,5.09581,-162.286,106.283,-7.02562,-179.63,66.3894,21.0956,-116.688,79.1077,-5.55957,164.196,
23.1285,-13.6498,-15.5516,-24.1227,95.7165,-2.46478,-91.6814,72.588,5.01146,-164.141,109.366,-7.82918,178.803,57.0364,23.8984,-120.548,85.2436,-3.87733,162.545,
23.1285,-13.6498,-15.5516,-24.1227,95.7165,-2.46478,-91.6814,72.588,5.01146,-164.141,109.366,-7.82918,178.803,57.0364,23.8984,-120.548,85.2436,-3.87733,162.545,
23.8008,-13.6482,-17.942,-23.0322,96.3888,-2.2911,-92.3488,72.588,5.01146,-164.141,110.037,-7.95109,178.354,54.646,23.7874,-122.523,87.0048,-2.98853,162.081,
23.8008,-13.6482,-17.942,-23.0322,96.3888,-2.2911,-92.3488,72.588,5.01146,-164.141,110.037,-7.95109,178.354,54.646,23.7874,-122.523,87.0048,-2.98853,162.081,
28.0921,-13.6334,-14.1074,-23.474,96.8455,-2.05764,-92.9787,68.7534,4.72301,-165.43,110.479,-7.74389,177.623,54.646,23.7874,-122.523,87.0048,-2.98853,162.081,
28.0921,-13.6334,-14.1074,-23.474,96.8455,-2.05764,-92.9787,68.7534,4.72301,-165.43,110.479,-7.74389,177.623,54.646,23.7874,-122.523,87.0048,-2.98853,162.081,
30.0439,-12.8288,-1.60977,-21.3079,97.6501,-1.52305,-94.0462,67.6061,2.10302,-166.685,110.479,-7.74389,177.623,65.9964,22.4871,-117.976,89.1709,-2.00581,161.712,
30.0439,-12.8288,-1.60977,-21.3079,97.6501,-1.52305,-94.0462,67.6061,2.10302,-166.685,110.479,-7.74389,177.623,65.9964,22.4871,-117.976,89.1709,-2.00581,161.712,
26.7587,-7.4101,-1.49976,-5.40159,97.3515,-1.25856,-94.0886,70.5928,1.76641,-165.784,104.762,-6.92362,177.13,69.093,22.0055,-116.065,99.36,3.26114,158.393,
26.7587,-7.4101,-1.49976,-5.40159,97.3515,-1.25856,-94.0886,70.5928,1.76641,-165.784,104.762,-6.92362,177.13,69.093,22.0055,-116.065,99.36,3.26114,158.393,
24.0887,-0.867195,-1.09238,3.69915,97.0387,-1.07789,-93.9798,72.9499,2.02977,-165.239,97.9059,-5.57738,178.346,71.8576,21.2544,-114.412,101.605,5.246,155.994,
24.0887,-0.867195,-1.09238,3.69915,97.0387,-1.07789,-93.9798,72.9499,2.02977,-165.239,97.9059,-5.57738,178.346,71.8576,21.2544,-114.412,101.605,5.246,155.994,
24.0789,-0.877068,-1.09238,5.74089,97.0288,-1.26058,-93.0476,72.9499,2.02977,-165.239,97.9059,-5.57738,178.346,71.8576,21.2544,-114.412,103.647,7.62829,152.604,
24.0789,-0.877068,-1.09238,5.74089,97.0288,-1.26058,-93.0476,72.9499,2.02977,-165.239,97.9059,-5.57738,178.346,71.8576,21.2544,-114.412,103.647,7.62829,152.604,
20.2979,1.26795,4.16438,8.35049,96.5642,-1.86197,-91.8864,76.2663,1.73427,-167.75,95.2963,-4.72131,172.241,80.4307,19.121,-111.727,103.647,7.62829,152.604,
20.2979,1.26795,4.16438,8.35049,96.5642,-1.86197,-91.8864,76.2663,1.73427,-167.75,95.2963,-4.72131,172.241,80.4307,19.121,-111.727,103.647,7.62829,152.604,
18.0467,2.6043,4.74397,16.1089,95.9337,-2.28879,-91.8426,77.887,3.43724,-165.118,93.3294,-6.23267,167.539,82.631,18.2564,-111.948,109.438,12.7011,147.499,
18.0467,2.6043,4.74397,16.1089,95.9337,-2.28879,-91.8426,77.887,3.43724,-165.118,93.3294,-6.23267,167.539,82.631,18.2564,-111.948,109.438,12.7011,147.499,
18.107,5.18504,6.9415,22.6358,95.994,-2.32945,-92.1704,77.887,3.43724,-165.118,90.809,-6.86246,169.473,84.8285,17.4785,-111.427,113.445,15.5484,145.054,
18.107,5.18504,6.9415,22.6358,95.994,-2.32945,-92.1704,77.887,3.43724,-165.118,90.809,-6.86246,169.473,84.8285,17.4785,-111.427,113.445,15.5484,145.054,
16.862,9.41134,6.59767,24.6005,96.799,-2.70197,-93.4066,79.937,4.29254,-164.135,87.3877,-7.42049,172.519,86.5347,16.7586,-110.716,111.988,14.4553,144.254,
16.862,9.41134,6.59767,24.6005,96.799,-2.70197,-93.4066,79.937,4.29254,-164.135,87.3877,-7.42049,172.519,86.5347,16.7586,-110.716,111.988,14.4553,144.254,
8.90538,15.3534,1.42761,30.2587,97.0828,-3.01231,-92.8651,88.1774,3.51332,-162.977,81.7294,-8.97602,176.628,89.605,15.2113,-109.829,111.988,14.4553,144.254,
8.90538,15.3534,1.42761,30.2587,97.0828,-3.01231,-92.8651,88.1774,3.51332,-162.977,81.7294,-8.97602,176.628,89.605,15.2113,-109.829,111.988,14.4553,144.254,
6.44423,19.6784,0.970879,23.8945,96.7109,-3.67279,-91.2516,90.2667,3.43932,-162.514,77.0326,-11.1679,179.112,91.2376,14.8202,-108.635,100.927,7.23799,151.604,
6.44423,19.6784,0.970879,23.8945,96.7109,-3.67279,-91.2516,90.2667,3.43932,-162.514,77.0326,-11.1679,179.112,91.2376,14.8202,-108.635,100.927,7.23799,151.604,
4.69466,22.3638,-0.251837,22.115,96.9006,-3.5859,-90.9848,92.2059,3.68769,-161.592,74.5367,-12.7996,-177.032,91.9541,14.5474,-108.006,96.6517,4.89756,154.555,
4.69466,22.3638,-0.251837,22.115,96.9006,-3.5859,-90.9848,92.2059,3.68769,-161.592,74.5367,-12.7996,-177.032,91.9541,14.5474,-108.006,96.6517,4.89756,154.555,
3.99633,21.6655,-0.251837,17.1122,96.2022,-2.71044,-90.127,92.2059,3.68769,-161.592,74.5367,-12.7996,-177.032,91.9541,14.5474,-108.006,91.6489,2.6894,157.692,
3.99633,21.6655,-0.251837,17.1122,96.2022,-2.71044,-90.127,92.2059,3.68769,-161.592,74.5367,-12.7996,-177.032,91.9541,14.5474,-108.006,91.6489,2.6894,157.692,
-0.993333,21.8438,-3.89298,17.1122,96.3805,-2.55467,-89.8973,97.3739,4.02,-158.343,74.5367,-12.7996,-177.032,93.4809,13.7126,-107.283,91.6489,2.6894,157.692,
-0.993333,21.8438,-3.89298,17.1122,96.3805,-2.55467,-89.8973,97.3739,4.02,-158.343,74.5367,-12.7996,-177.032,93.4809,13.7126,-107.283,91.6489,2.6894,157.692,
-5.88009,25.6967,-6.42265,8.68554,96.722,-2.24427,-88.9539,102.602,3.69814,-153.61,71.0253,-9.57339,-166.11,96.1794,12.1063,-107.433,79.7108,-1.17765,177.664,
-5.88009,25.6967,-6.42265,8.68554,96.722,-2.24427,-88.9539,102.602,3.69814,-153.61,71.0253,-9.57339,-166.11,96.1794,12.1063,-107.433,79.7108,-1.17765,177.664,
-8.72909,26.1461,-9.02585,-11.1485,97.4775,-1.88411,-87.8632,106.207,3.41767,-151.965,71.3314,-8.77641,-165.376,97.1808,11.3842,-108.005,60.1829,-8.70391,-179.009,
-8.72909,26.1461,-9.02585,-11.1485,97.4775,-1.88411,-87.8632,106.207,3.41767,-151.965,71.3314,-8.77641,-165.376,97.1808,11.3842,-108.005,60.1829,-8.70391,-179.009,
-8.31213,26.5631,-7.79235,-17.6475,97.8945,-1.50675,-86.302,106.207,3.41767,-151.965,71.3314,-8.77641,-165.376,98.4143,10.6373,-108.622,53.6839,-10.9545,-176.632,
-8.31213,26.5631,-7.79235,-17.6475,97.8945,-1.50675,-86.302,106.207,3.41767,-151.965,71.3314,-8.77641,-165.376,98.4143,10.6373,-108.622,53.6839,-10.9545,-176.632,
-12.3003,36.8329,-6.787,-19.1097,98.4321,-1.61015,-85.31,110.732,3.73242,-151.554,61.5992,-4.50732,-160.002,103.945,7.656,-111.885,42.4896,-12.2423,-170.813,
-12.3003,36.8329,-6.787,-19.1097,98.4321,-1.61015,-85.31,110.732,3.73242,-151.554,61.5992,-4.50732,-160.002,103.945,7.656,-111.885,42.4896,-12.2423,-170.813,
-12.2279,38.8208,-4.92133,-19.2802,98.9154,-1.87568,-84.6584,111.143,3.47108,-151.172,60.0946,-2.79516,-159.064,106.222,6.59526,-113.014,40.8143,-13.721,-169.933,
-12.2279,38.8208,-4.92133,-19.2802,98.9154,-1.87568,-84.6584,111.143,3.47108,-151.172,60.0946,-2.79516,-159.064,106.222,6.59526,-113.014,40.8143,-13.721,-169.933,
-12.1159,37.6785,-2.54679,-16.0351,99.0274,-2.24642,-84.1528,111.143,3.47108,-151.172,61.349,-3.40875,-160.681,108.597,5.51228,-113.971,45.3139,-14.3767,-171.373,
-12.1159,37.6785,-2.54679,-16.0351,99.0274,-2.24642,-84.1528,111.143,3.47108,-151.172,61.349,-3.40875,-160.681,108.597,5.51228,-113.971,45.3139,-14.3767,-171.373,
-12.1159,37.6785,0.0436257,-12.4191,99.0274,-2.24642,-84.1528,111.143,3.47108,-151.172,61.349,-3.40875,-160.681,111.187,4.36073,-114.49,48.9299,-15.3219,-173.544,
-12.1159,37.6785,0.0436257,-12.4191,99.0274,-2.24642,-84.1528,111.143,3.47108,-151.172,61.349,-3.40875,-160.681,111.187,4.36073,-114.49,48.9299,-15.3219,-173.544,
1.77824,30.038,21.5492,-14.511,99.1188,-2.67595,-83.6385,97.3406,0.222788,-153.539,69.0808,-4.48566,-162.807,118.89,-2.09636,-111.642,54.5698,-14.0946,-175.988,
1.77824,30.038,21.5492,-14.511,99.1188,-2.67595,-83.6385,97.3406,0.222788,-153.539,69.0808,-4.48566,-162.807,118.89,-2.09636,-111.642,54.5698,-14.0946,-175.988,
3.64358,30.5037,28.8289,-6.16818,99.5508,-2.91443,-83.8073,95.9072,-0.80564,-149.957,69.0471,-2.97608,-160.025,124.736,-10.4046,-106.163,62.8789,-12.9467,-178.788,
3.64358,30.5037,28.8289,-6.16818,99.5508,-2.91443,-83.8073,95.9072,-0.80564,-149.957,69.0471,-2.97608,-160.025,124.736,-10.4046,-106.163,62.8789,-12.9467,-178.788,
3.62231,28.0323,28.8289,-6.42445,99.5295,-2.68085,-85.3196,95.9072,-0.80564,-149.957,71.4972,-3.91372,-160.178,124.736,-10.4046,-106.163,65.0728,-12.5753,-178.86,
3.62231,28.0323,28.8289,-6.42445,99.5295,-2.68085,-85.3196,95.9072,-0.80564,-149.957,71.4972,-3.91372,-160.178,124.736,-10.4046,-106.163,65.0728,-12.5753,-178.86,
5.69394,27.2659,36.6475,-6.42445,98.7631,-2.508,-86.2227,93.0692,0.0843346,-144.27,71.4972,-3.91372,-160.178,129.717,-14.7565,-105.765,65.0728,-12.5753,-178.86,
5.69394,27.2659,36.6475,-6.42445,98.7631,-2.508,-86.2227,93.0692,0.0843346,-144.27,71.4972,-3.91372,-160.178,129.717,-14.7565,-105.765,65.0728,-12.5753,-178.86,
13.3306,20.9619,43.3269,-9.94646,100.241,-3.1312,-86.3949,86.9105,2.69351,-150.799,79.2792,-8.65696,-167.362,130.237,-14.0843,-107.138,69.3327,-11.7783,179.476,
13.3306,20.9619,43.3269,-9.94646,100.241,-3.1312,-86.3949,86.9105,2.69351,-150.799,79.2792,-8.65696,-167.362,130.237,-14.0843,-107.138,69.3327,-11.7783,179.476,
16.068,21.377,43.6374,-6.84004,100.656,-3.10646,-86.5045,84.5882,3.31445,-152.521,79.2792,-8.65696,-167.362,128.226,-12.471,-107.992,72.4392,-11.2601,177.124,
16.068,21.377,43.6374,-6.84004,100.656,-3.10646,-86.5045,84.5882,3.31445,-152.521,79.2792,-8.65696,-167.362,128.226,-12.471,-107.992,72.4392,-11.2601,177.124,
15.1785,15.9466,41.3324,-9.35576,99.7667,-2.65384,-88.9277,84.5882,3.31445,-152.521,83.8201,-8.86415,-168.539,125.921,-10.7634,-108.898,74.4643,-10.5915,177.047,
15.1785,15.9466,41.3324,-9.35576,99.7667,-2.65384,-88.9277,84.5882,3.31445,-152.521,83.8201,-8.86415,-168.539,125.921,-10.7634,-108.898,74.4643,-10.5915,177.047,
19.6068,9.99708,41.0334,-13.9143,98.3757,-3.06522,-89.3356,78.7689,6.74981,-155.965,88.3787,-9.25075,-169.918,119.802,-6.18087,-111.378,74.4643,-10.5915,177.047,
19.6068,9.99708,41.0334,-13.9143,98.3757,-3.06522,-89.3356,78.7689,6.74981,-155.965,88.3787,-9.25075,-169.918,119.802,-6.18087,-111.378,74.4643,-10.5915,177.047,
20.3038,5.57291,27.4809,-15.5058,98.5416,-3.15615,-90.3831,78.2377,7.24907,-157.175,92.9687,-9.61101,-172.121,105.719,1.30112,-116.051,77.4629,-9.87465,176.847,
20.3038,5.57291,27.4809,-15.5058,98.5416,-3.15615,-90.3831,78.2377,7.24907,-157.175,92.9687,-9.61101,-172.121,105.719,1.30112,-116.051,77.4629,-9.87465,176.847,
19.927,-0.690759,22.9757,-19.4116,97.0223,-3.7484,-90.5788,77.0952,7.17133,-159.421,97.713,-9.62803,-175.205,100.071,3.79523,-117.651,78.3014,-9.47414,176.96,
19.927,-0.690759,22.9757,-19.4116,97.0223,-3.7484,-90.5788,77.0952,7.17133,-159.421,97.713,-9.62803,-175.205,100.071,3.79523,-117.651,78.3014,-9.47414,176.96,
18.8391,-1.77866,17.025,-18.4505,95.9344,-4.51924,-90.9263,77.0952,7.17133,-159.421,97.713,-9.62803,-175.205,94.1202,6.33948,-119.045,79.2625,-9.1347,176.762,
18.8391,-1.77866,17.025,-18.4505,95.9344,-4.51924,-90.9263,77.0952,7.17133,-159.421,97.713,-9.62803,-175.205,94.1202,6.33948,-119.045,79.2625,-9.1347,176.762,
21.3196,-1.55954,19.2864,-18.4505,96.1535,-5.00696,-91.753,74.8339,5.82549,-165.17,97.713,-9.62803,-175.205,94.1202,6.33948,-119.045,79.2625,-9.1347,176.762,
21.3196,-1.55954,19.2864,-18.4505,96.1535,-5.00696,-91.753,74.8339,5.82549,-165.17,97.713,-9.62803,-175.205,94.1202,6.33948,-119.045,79.2625,-9.1347,176.762,
21.4874,-11.6262,0.531042,-26.4769,96.4902,-5.17215,-92.4844,75.0029,4.56672,-167.751,108.116,-9.3024,176.657,75.5339,14.6602,-122.896,81.6396,-8.595,175.877,
21.4874,-11.6262,0.531042,-26.4769,96.4902,-5.17215,-92.4844,75.0029,4.56672,-167.751,108.116,-9.3024,176.657,75.5339,14.6602,-122.896,81.6396,-8.595,175.877,
21.9989,-12.3933,-11.3233,-23.6317,97.3661,-5.03551,-94.5318,75.3671,3.39543,-169.077,109.759,-9.41998,175.625,64.0438,19.5629,-127.064,86.1276,-7.11088,174.464,
21.9989,-12.3933,-11.3233,-23.6317,97.3661,-5.03551,-94.5318,75.3671,3.39543,-169.077,109.759,-9.41998,175.625,64.0438,19.5629,-127.064,86.1276,-7.11088,174.464,
22.2095,-12.1828,-15.4288,-21.9124,97.5766,-4.93246,-94.8924,75.3671,3.39543,-169.077,109.759,-9.41998,175.625,59.9383,21.5567,-127.695,87.847,-6.68258,173.95,
22.2095,-12.1828,-15.4288,-21.9124,97.5766,-4.93246,-94.8924,75.3671,3.39543,-169.077,109.759,-9.41998,175.625,59.9383,21.5567,-127.695,87.847,-6.68258,173.95,
33.9527,-12.8373,-2.51225,-19.3742,98.6308,-4.40562,-95.82,64.6782,4.00923,-173.276,111.468,-9.33056,173.692,62.1659,24.7433,-123.624,92.0939,-4.8598,173.585,
33.9527,-12.8373,-2.51225,-19.3742,98.6308,-4.40562,-95.82,64.6782,4.00923,-173.276,111.468,-9.33056,173.692,62.1659,24.7433,-123.624,92.0939,-4.8598,173.585,
33.657,-9.87464,0.680505,-11.681,98.6308,-4.40562,-95.82,64.9739,4.63953,-171.909,108.505,-8.46564,173.4,65.6544,25.1095,-120.545,96.8244,-2.62039,172.627,
33.657,-9.87464,0.680505,-11.681,98.6308,-4.40562,-95.82,64.9739,4.63953,-171.909,108.505,-8.46564,173.4,65.6544,25.1095,-120.545,96.8244,-2.62039,172.627,
32.5401,-5.72153,-0.551575,-5.8349,99.4115,-3.6291,-96.4571,66.8715,5.75419,-169.027,105.133,-8.11857,174.824,66.3199,25.077,-120.309,99.2982,-1.26879,171.599,
32.5401,-5.72153,-0.551575,-5.8349,99.4115,-3.6291,-96.4571,66.8715,5.75419,-169.027,105.133,-8.11857,174.824,66.3199,25.077,-120.309,99.2982,-1.26879,171.599,
32.5536,-5.70798,1.9233,-3.53924,99.4251,-3.53558,-96.529,66.8715,5.75419,-169.027,105.133,-8.11857,174.824,68.7948,23.7763,-120.13,101.594,0.479445,169.926,
32.5536,-5.70798,1.9233,-3.53924,99.4251,-3.53558,-96.529,66.8715,5.75419,-169.027,105.133,-8.11857,174.824,68.7948,23.7763,-120.13,101.594,0.479445,169.926,
27.6413,2.18835,6.68962,9.21865,99.1572,-3.53943,-95.5681,71.5159,2.28437,-175.798,96.9689,-6.00947,173.163,78.2055,20.876,-117.281,106.188,5.17132,163.896,
27.6413,2.18835,6.68962,9.21865,99.1572,-3.53943,-95.5681,71.5159,2.28437,-175.798,96.9689,-6.00947,173.163,78.2055,20.876,-117.281,106.188,5.17132,163.896,
23.0883,3.38669,5.1043,17.7096,98.5435,-3.7992,-94.0677,75.4552,4.51102,-172.051,95.1568,-6.15848,164.727,80.5595,19.6209,-118.112,112.866,10.2944,160.709,
23.0883,3.38669,5.1043,17.7096,98.5435,-3.7992,-94.0677,75.4552,4.51102,-172.051,95.1568,-6.15848,164.727,80.5595,19.6209,-118.112,112.866,10.2944,160.709,
22.5488,4.61348,7.20267,23.0603,98.004,-4.1546,-94.2198,75.4552,4.51102,-172.051,93.3905,-6.54617,164.932,82.6579,18.4235,-118.426,116.451,12.8896,158.849,
22.5488,4.61348,7.20267,23.0603,98.004,-4.1546,-94.2198,75.4552,4.51102,-172.051,93.3905,-6.54617,164.932,82.6579,18.4235,-118.426,116.451,12.8896,158.849,
18.027,4.93028,6.33649,23.0603,98.3208,-4.6888,-95.3828,80.2937,5.60303,-170.894,93.3905,-6.54617,164.932,86.6302,16.5528,-117.001,116.451,12.8896,158.849,
18.027,4.93028,6.33649,23.0603,98.3208,-4.6888,-95.3828,80.2937,5.60303,-170.894,93.3905,-6.54617,164.932,86.6302,16.5528,-117.001,116.451,12.8896,158.849,
12.1087,17.8662,2.47753,32.6115,98.9004,-5.2587,-95.004,86.7917,5.42275,-167.407,81.0342,-8.94635,173.674,89.2693,15.6069,-116.145,113.646,11.0785,159.058,
12.1087,17.8662,2.47753,32.6115,98.9004,-5.2587,-95.004,86.7917,5.42275,-167.407,81.0342,-8.94635,173.674,89.2693,15.6069,-116.145,113.646,11.0785,159.058,
11.9073,17.6648,2.47753,26.5044,98.699,-5.1047,-94.4172,86.7917,5.42275,-167.407,81.0342,-8.94635,173.674,89.2693,15.6069,-116.145,107.539,8.44368,160.604,
11.9073,17.6648,2.47753,26.5044,98.699,-5.1047,-94.4172,86.7917,5.42275,-167.407,81.0342,-8.94635,173.674,89.2693,15.6069,-116.145,107.539,8.44368,160.604,
9.98832,22.5683,2.25686,22.8011,98.9307,-4.62309,-94.3198,88.9424,5.34519,-167.189,76.3624,-11.0935,175.52,91.1992,14.8863,-115.68,99.1635,5.02291,163.503,
9.98832,22.5683,2.25686,22.8011,98.9307,-4.62309,-94.3198,88.9424,5.34519,-167.189,76.3624,-11.0935,175.52,91.1992,14.8863,-115.68,99.1635,5.02291,163.503,
5.57257,22.3164,0.264439,22.8011,98.6788,-4.73011,-94.5056,93.1062,5.59939,-165.445,76.3624,-11.0935,175.52,93.3707,13.6765,-116.896,99.1635,5.02291,163.503,
5.57257,22.3164,0.264439,22.8011,98.6788,-4.73011,-94.5056,93.1062,5.59939,-165.445,76.3624,-11.0935,175.52,93.3707,13.6765,-116.896,99.1635,5.02291,163.503,
0.932474,26.8207,-3.27204,16.9782,98.42,-4.7098,-93.8717,97.4876,5.72826,-163.315,71.5994,-11.8452,-175.398,94.2155,13.1676,-117.764,88.5775,0.767413,168.539,
0.932474,26.8207,-3.27204,16.9782,98.42,-4.7098,-93.8717,97.4876,5.72826,-163.315,71.5994,-11.8452,-175.398,94.2155,13.1676,-117.764,88.5775,0.767413,168.539,
-4.99497,27.4732,-8.3437,-2.32929,98.4091,-4.37496,-92.9153,103.404,5.43079,-158.911,70.9359,-10.7209,-172.613,95.0604,12.6419,-118.313,68.6066,-5.41466,175.305,
-4.99497,27.4732,-8.3437,-2.32929,98.4091,-4.37496,-92.9153,103.404,5.43079,-158.911,70.9359,-10.7209,-172.613,95.0604,12.6419,-118.313,68.6066,-5.41466,175.305,
-4.35741,28.4242,-7.56005,-8.94499,99.0467,-3.85241,-91.808,103.404,5.43079,-158.911,70.6225,-9.6023,-170.699,95.844,12.1923,-118.564,61.6775,-7.93547,177.244,
-4.35741,28.4242,-7.56005,-8.94499,99.0467,-3.85241,-91.808,103.404,5.43079,-158.911,70.6225,-9.6023,-170.699,95.844,12.1923,-118.564,61.6775,-7.93547,177.244,
-11.0741,28.4874,-11.008,-8.94499,99.1098,-3.84298,-91.4692,110.184,4.28542,-155.566,70.6225,-9.6023,-170.699,99.176,10.6559,-118.362,61.6775,-7.93547,177.244,
-11.0741,28.4874,-11.008,-8.94499,99.1098,-3.84298,-91.4692,110.184,4.28542,-155.566,70.6225,-9.6023,-170.699,99.176,10.6559,-118.362,61.6775,-7.93547,177.244,
-12.7075,27.7672,-11.2505,-23.4629,99.1531,-3.94139,-90.7283,111.861,5.09721,-156.95,71.386,-7.28289,-168.679,100.61,9.78053,-118.251,47.923,-11.4385,-177.288,
-12.7075,27.7672,-11.2505,-23.4629,99.1531,-3.94139,-90.7283,111.861,5.09721,-156.95,71.386,-7.28289,-168.679,100.61,9.78053,-118.251,47.923,-11.4385,-177.288,
-12.9944,38.4737,-8.74419,-22.8511,99.869,-4.14958,-89.6271,112.863,4.8128,-155.764,61.3953,-2.64616,-163.563,104.119,7.70331,-118.376,38.5442,-14.3279,-173.775,
-12.9944,38.4737,-8.74419,-22.8511,99.869,-4.14958,-89.6271,112.863,4.8128,-155.764,61.3953,-2.64616,-163.563,104.119,7.70331,-118.376,38.5442,-14.3279,-173.775,
-12.0714,43.1544,-8.74419,-15.0788,100.792,-4.3464,-88.7756,112.863,4.8128,-155.764,57.6376,-0.936574,-162.289,104.119,7.70331,-118.376,42.5588,-14.4964,-174.731,
-12.0714,43.1544,-8.74419,-15.0788,100.792,-4.3464,-88.7756,112.863,4.8128,-155.764,57.6376,-0.936574,-162.289,104.119,7.70331,-118.376,42.5588,-14.4964,-174.731,
-11.5666,40.626,-1.26426,-17.9511,101.136,-4.89275,-87.8214,112.702,4.31145,-155.587,60.5098,-2.79433,-165.327,111.438,3.98085,-119.156,42.5588,-14.4964,-174.731,
-11.5666,40.626,-1.26426,-17.9511,101.136,-4.89275,-87.8214,112.702,4.31145,-155.587,60.5098,-2.79433,-165.327,111.438,3.98085,-119.156,42.5588,-14.4964,-174.731,
-1.26479,33.9991,13.4414,-12.5555,101.649,-5.1612,-87.8779,102.914,2.22818,-156.995,67.6502,-6.15668,-170.379,116.355,-0.42601,-116.755,55.0947,-14.8295,178.76,
-1.26479,33.9991,13.4414,-12.5555,101.649,-5.1612,-87.8779,102.914,2.22818,-156.995,67.6502,-6.15668,-170.379,116.355,-0.42601,-116.755,55.0947,-14.8295,178.76,
1.84192,35.012,18.3984,-8.65283,101.93,-4.68536,-89.2841,100.088,1.1433,-157.126,66.9175,-2.419,-165.065,118.486,-3.97412,-113.971,58.2647,-14.2749,177.394,
1.84192,35.012,18.3984,-8.65283,101.93,-4.68536,-89.2841,100.088,1.1433,-157.126,66.9175,-2.419,-165.065,118.486,-3.97412,-113.971,58.2647,-14.2749,177.394,
1.6863,34.8564,18.3984,-8.65283,101.774,-4.47808,-89.7812,100.088,1.1433,-157.126,66.9175,-2.419,-165.065,118.486,-3.97412,-113.971,58.2647,-14.2749,177.394,
1.6863,34.8564,18.3984,-8.65283,101.774,-4.47808,-89.7812,100.088,1.1433,-157.126,66.9175,-2.419,-165.065,118.486,-3.97412,-113.971,58.2647,-14.2749,177.394,
6.73114,30.1038,33.9655,-9.23212,100.833,-4.62266,-89.973,94.1019,0.569733,-148.449,70.7293,-3.13315,-166.194,128.067,-13.5477,-109.899,61.4972,-14.2057,176.002,
6.73114,30.1038,33.9655,-9.23212,100.833,-4.62266,-89.973,94.1019,0.569733,-148.449,70.7293,-3.13315,-166.194,128.067,-13.5477,-109.899,61.4972,-14.2057,176.002,
9.77757,25.5744,37.515,-5.26383,101.924,-5.12968,-89.5271,92.1465,1.16465,-150.847,76.3497,-7.33836,-171.554,129.661,-13.7353,-111.311,71.0858,-12.6321,172.545,
9.77757,25.5744,37.515,-5.26383,101.924,-5.12968,-89.5271,92.1465,1.16465,-150.847,76.3497,-7.33836,-171.554,129.661,-13.7353,-111.311,71.0858,-12.6321,172.545,
12.0105,23.0471,38.7601,-5.73609,101.496,-4.47558,-90.4605,89.486,1.74624,-153.746,78.4494,-7.51395,-172.14,128.246,-12.1609,-111.762,72.7133,-12.2087,171.554,
12.0105,23.0471,38.7601,-5.73609,101.496,-4.47558,-90.4605,89.486,1.74624,-153.746,78.4494,-7.51395,-172.14,128.246,-12.1609,-111.762,72.7133,-12.2087,171.554,
15.5188,21.9843,41.4026,-4.37271,100.434,-4.44604,-92.7348,84.9149,3.20193,-157.02,78.4494,-7.51395,-172.14,126.317,-10.5282,-112.881,74.0767,-11.7483,171.057,
15.5188,21.9843,41.4026,-4.37271,100.434,-4.44604,-92.7348,84.9149,3.20193,-157.02,78.4494,-7.51395,-172.14,126.317,-10.5282,-112.881,74.0767,-11.7483,171.057,
19.6179,17.5802,39.9603,-8.63392,100.291,-4.34378,-94.4354,80.6729,4.9469,-158.688,82.7106,-7.79669,-172.876,120.633,-6.46095,-114.791,74.0767,-11.7483,171.057,
19.6179,17.5802,39.9603,-8.63392,100.291,-4.34378,-94.4354,80.6729,4.9469,-158.688,82.7106,-7.79669,-172.876,120.633,-6.46095,-114.791,74.0767,-11.7483,171.057,
20.4408,13.2505,36.9239,-8.59602,100.247,-4.4097,-94.4555,79.8058,5.98115,-158.927,86.9961,-8.45058,-174.399,116.73,-3.87829,-116.406,78.4001,-10.5574,169.723,
20.4408,13.2505,36.9239,-8.59602,100.247,-4.4097,-94.4555,79.8058,5.98115,-158.927,86.9961,-8.45058,-174.399,116.73,-3.87829,-116.406,78.4001,-10.5574,169.723,
19.6887,7.28408,27.6025,-12.1963,98.8897,-4.74739,-94.6477,79.201,6.55424,-159.873,91.6056,-9.10191,-177.097,106.803,1.07022,-118.822,79.4093,-10.0921,169.895,
19.6887,7.28408,27.6025,-12.1963,98.8897,-4.74739,-94.6477,79.201,6.55424,-159.873,91.6056,-9.10191,-177.097,106.803,1.07022,-118.822,79.4093,-10.0921,169.895,
18.9104,6.50573,16.0071,-11.1745,98.1113,-5.30135,-95.2274,79.201,6.55424,-159.873,91.6056,-9.10191,-177.097,95.208,6.07824,-120.2,80.4311,-9.48145,170.295,
18.9104,6.50573,16.0071,-11.1745,98.1113,-5.30135,-95.2274,79.201,6.55424,-159.873,91.6056,-9.10191,-177.097,95.208,6.07824,-120.2,80.4311,-9.48145,170.295,
22.858,-0.626639,7.25631,-16.3055,98.3314,-5.90563,-96.6545,75.4734,4.6898,-169.753,98.958,-8.68845,176.609,82.7297,11.9507,-121.872,82.6526,-8.60219,170.347,
22.858,-0.626639,7.25631,-16.3055,98.3314,-5.90563,-96.6545,75.4734,4.6898,-169.753,98.958,-8.68845,176.609,82.7297,11.9507,-121.872,82.6526,-8.60219,170.347,
22.9084,-6.60211,0.375576,-20.4017,98.8049,-6.00303,-97.8587,75.8965,4.55916,-170.122,105.407,-8.12313,170.901,76.2721,15.1091,-123.25,85.0053,-7.81523,169.979,
22.9084,-6.60211,0.375576,-20.4017,98.8049,-6.00303,-97.8587,75.8965,4.55916,-170.122,105.407,-8.12313,170.901,76.2721,15.1091,-123.25,85.0053,-7.81523,169.979,
23.604,-8.16508,-6.07869,-20.0848,99.5005,-5.89489,-99.5409,75.8965,4.55916,-170.122,107.666,-8.06625,170.496,69.8178,18.0478,-125.674,87.5808,-6.63265,169.697,
23.604,-8.16508,-6.07869,-20.0848,99.5005,-5.89489,-99.5409,75.8965,4.55916,-170.122,107.666,-8.06625,170.496,69.8178,18.0478,-125.674,87.5808,-6.63265,169.697,
24.6374,-7.62112,-17.1225,-20.0848,100.044,-5.56795,-100.689,75.407,4.58213,-170.818,107.666,-8.06625,170.496,58.2846,22.2383,-130.414,87.5808,-6.63265,169.697,
24.6374,-7.62112,-17.1225,-20.0848,100.044,-5.56795,-100.689,75.407,4.58213,-170.818,107.666,-8.06625,170.496,58.2846,22.2383,-130.414,87.5808,-6.63265,169.697,
24.7505,-8.7976,-20.8662,-18.4602,100.158,-5.45604,-101.037,75.407,4.58213,-170.818,108.955,-8.47056,171.068,54.5409,23.8011,-131.675,90.4949,-5.28994,169.019,
24.7505,-8.7976,-20.8662,-18.4602,100.158,-5.45604,-101.037,75.407,4.58213,-170.818,108.955,-8.47056,171.068,54.5409,23.8011,-131.675,90.4949,-5.28994,169.019,
35.6707,-9.21767,-3.8733,-13.3734,100.52,-4.98552,-102.243,64.8493,3.5794,-177.065,109.738,-7.59965,170.183,60.976,25.577,-127.179,96.3643,-2.20888,168.493,
35.6707,-9.21767,-3.8733,-13.3734,100.52,-4.98552,-102.243,64.8493,3.5794,-177.065,109.738,-7.59965,170.183,60.976,25.577,-127.179,96.3643,-2.20888,168.493,
35.6612,-7.61691,-3.8733,-9.43185,100.511,-4.67215,-102.584,64.8493,3.5794,-177.065,108.127,-7.0621,169.961,60.976,25.577,-127.179,98.6956,-0.917915,167.623,
35.6612,-7.61691,-3.8733,-9.43185,100.511,-4.67215,-102.584,64.8493,3.5794,-177.065,108.127,-7.0621,169.961,60.976,25.577,-127.179,98.6956,-0.917915,167.623,
31.4111,-7.92808,-2.34201,-9.43185,100.199,-4.81922,-101.885,68.7883,4.42195,-173.128,108.127,-7.0621,169.961,66.4463,25.1012,-124.965,98.6956,-0.917915,167.623,
31.4111,-7.92808,-2.34201,-9.43185,100.199,-4.81922,-101.885,68.7883,4.42195,-173.128,108.127,-7.0621,169.961,66.4463,25.1012,-124.965,98.6956,-0.917915,167.623,
28.3364,2.68466,1.66453,6.00393,99.4862,-5.37353,-100.322,71.1498,1.40237,-179.5,96.8015,-4.09078,167.4,72.8143,21.9256,-123.402,102.805,2.78392,163.329,
28.3364,2.68466,1.66453,6.00393,99.4862,-5.37353,-100.322,71.1498,1.40237,-179.5,96.8015,-4.09078,167.4,72.8143,21.9256,-123.402,102.805,2.78392,163.329,
25.4434,2.29759,3.67317,14.9328,98.4423,-5.72239,-100.349,72.9989,0.765747,179.653,96.1447,-3.83679,162.417,76.672,21.3524,-121.964,111.078,10.6103,155.017,
25.4434,2.29759,3.67317,14.9328,98.4423,-5.72239,-100.349,72.9989,0.765747,179.653,96.1447,-3.83679,162.417,76.672,21.3524,-121.964,111.078,10.6103,155.017,
25.4993,3.69018,6.63706,16.2695,98.4982,-5.78372,-101.52,72.9989,0.765747,179.653,94.808,-4.06058,159.021,79.6359,20.1568,-122.536,111.078,10.6103,155.017,
25.4993,3.69018,6.63706,16.2695,98.4982,-5.78372,-101.52,72.9989,0.765747,179.653,94.808,-4.06058,159.021,79.6359,20.1568,-122.536,111.078,10.6103,155.017,
19.1752,7.87777,5.73743,21.8887,99.5026,-6.44803,-102.668,80.3274,4.99624,-175.739,91.6248,-5.46187,161.077,86.0649,16.936,-122.636,113.514,12.853,153.265,
19.1752,7.87777,5.73743,21.8887,99.5026,-6.44803,-102.668,80.3274,4.99624,-175.739,91.6248,-5.46187,161.077,86.0649,16.936,-122.636,113.514,12.853,153.265,
13.7569,13.6133,2.60952,29.5592,98.7608,-6.80898,-101.234,85.0039,4.37556,-174.386,85.1475,-6.52662,166.705,87.6134,16.3347,-122.202,114.707,13.4622,151.322,
13.7569,13.6133,2.60952,29.5592,98.7608,-6.80898,-101.234,85.0039,4.37556,-174.386,85.1475,-6.52662,166.705,87.6134,16.3347,-122.202,114.707,13.4622,151.322,
11.2885,18.2695,2.29291,28.0695,98.7749,-6.38417,-101.266,87.4864,4.50797,-173.429,80.5055,-8.50252,168.897,89.7793,15.7736,-122.188,108.575,9.89722,154.146,
11.2885,18.2695,2.29291,28.0695,98.7749,-6.38417,-101.266,87.4864,4.50797,-173.429,80.5055,-8.50252,168.897,89.7793,15.7736,-122.188,108.575,9.89722,154.146,
11.0921,18.073,2.29291,24.9719,98.5785,-6.20212,-101.89,87.4864,4.50797,-173.429,80.5055,-8.50252,168.897,89.7793,15.7736,-122.188,105.477,8.14044,155.839,
11.0921,18.073,2.29291,24.9719,98.5785,-6.20212,-101.89,87.4864,4.50797,-173.429,80.5055,-8.50252,168.897,89.7793,15.7736,-122.188,105.477,8.14044,155.839,
1.69664,20.8761,-4.767,27.9917,98.3619,-6.14916,-101.06,96.6652,4.97371,-170.586,77.4857,-10.9273,170.628,91.8982,14.9783,-122.967,105.477,8.14044,155.839,
1.69664,20.8761,-4.767,27.9917,98.3619,-6.14916,-101.06,96.6652,4.97371,-170.586,77.4857,-10.9273,170.628,91.8982,14.9783,-122.967,105.477,8.14044,155.839,
-0.702843,23.494,-6.42241,11.4388,98.316,-5.85192,-99.731,99.0189,4.95813,-169.483,74.822,-11.8679,174.969,92.5965,14.5249,-123.65,86.2608,-0.411222,164.459,
-0.702843,23.494,-6.42241,11.4388,98.316,-5.85192,-99.731,99.0189,4.95813,-169.483,74.822,-11.8679,174.969,92.5965,14.5249,-123.65,86.2608,-0.411222,164.459,
-2.77433,25.5658,-7.46918,6.79855,98.8542,-5.40069,-98.9214,101.629,4.78236,-167.701,73.2885,-11.4731,177.88,94.1594,13.8765,-124.08,80.087,-2.53751,166.448,
-2.77433,25.5658,-7.46918,6.79855,98.8542,-5.40069,-98.9214,101.629,4.78236,-167.701,73.2885,-11.4731,177.88,94.1594,13.8765,-124.08,80.087,-2.53751,166.448,
-8.24594,27.4833,-12.054,1.40347,99.6572,-4.81567,-97.7053,107.903,4.21408,-163.309,72.1739,-10.6628,-179.333,95.8492,13.1338,-123.606,73.5774,-4.78537,168.414,
-8.24594,27.4833,-12.054,1.40347,99.6572,-4.81567,-97.7053,107.903,4.21408,-163.309,72.1739,-10.6628,-179.333,95.8492,13.1338,-123.606,73.5774,-4.78537,168.414,
-12.8393,28.1343,-14.3788,1.98855,99.7232,-4.7634,-96.5217,112.563,3.51822,-161.138,71.5889,-8.49405,-175.954,98.1837,11.7953,-123.026,73.5774,-4.78537,168.414,
-12.8393,28.1343,-14.3788,1.98855,99.7232,-4.7634,-96.5217,112.563,3.51822,-161.138,71.5889,-8.49405,-175.954,98.1837,11.7953,-123.026,73.5774,-4.78537,168.414,
-12.8577,29.8803,-13.6894,-23.1551,100.405,-4.81137,-94.8335,113.263,3.79566,-161.557,70.5246,-4.51242,-170.927,99.5732,11.0449,-122.795,47.3695,-13.1007,178.572,
-12.8577,29.8803,-13.6894,-23.1551,100.405,-4.81137,-94.8335,113.263,3.79566,-161.557,70.5246,-4.51242,-170.927,99.5732,11.0449,-122.795,47.3695,-13.1007,178.572,
-13.0349,33.754,-12.4909,-24.6617,100.533,-4.92092,-93.9225,113.568,3.86938,-161.079,66.7787,-2.68923,-168.748,101.077,10.3648,-122.665,42.117,-12.9332,-178.106,
-13.0349,33.754,-12.4909,-24.6617,100.533,-4.92092,-93.9225,113.568,3.86938,-161.079,66.7787,-2.68923,-168.748,101.077,10.3648,-122.665,42.117,-12.9332,-178.106,
-13.2502,33.5387,-8.25849,-28.2087,100.317,-5.49087,-92.1846,113.568,3.86938,-161.079,66.7787,-2.68923,-168.748,105.309,8.35517,-122.856,38.57,-13.3202,-176.513,
-13.2502,33.5387,-8.25849,-28.2087,100.317,-5.49087,-92.1846,113.568,3.86938,-161.079,66.7787,-2.68923,-168.748,105.309,8.35517,-122.856,38.57,-13.3202,-176.513,
-13.637,33.5009,-8.60755,-28.2087,100.28,-5.61947,-91.822,113.917,3.92227,-159.992,66.7787,-2.68923,-168.748,105.309,8.35517,-122.856,38.57,-13.3202,-176.513,
-13.637,33.5009,-8.60755,-28.2087,100.28,-5.61947,-91.822,113.917,3.92227,-159.992,66.7787,-2.68923,-168.748,105.309,8.35517,-122.856,38.57,-13.3202,-176.513,
-8.34037,32.9576,4.54073,-18.437,100.477,-5.76272,-91.3307,108.817,3.06872,-159.815,67.5192,-3.27649,-171.998,113.358,4.35353,-122.611,49.0822,-15.0789,179.005,
-8.34037,32.9576,4.54073,-18.437,100.477,-5.76272,-91.3307,108.817,3.06872,-159.815,67.5192,-3.27649,-171.998,113.358,4.35353,-122.611,49.0822,-15.0789,179.005,
-3.84159,31.4069,11.3596,-13.7401,100.863,-5.38867,-92.2493,104.704,2.30615,-161.102,69.4557,-2.55271,-171.331,116.064,2.15343,-121.36,55.7155,-13.0742,177.249,
-3.84159,31.4069,11.3596,-13.7401,100.863,-5.38867,-92.2493,104.704,2.30615,-161.102,69.4557,-2.55271,-171.331,116.064,2.15343,-121.36,55.7155,-13.0742,177.249,
-0.715898,30.3596,20.6376,-13.7401,99.8152,-5.10861,-92.7516,100.531,0.06552,-158.752,69.4557,-2.55271,-171.331,121.169,-5.3817,-115.204,55.7155,-13.0742,177.249,
-0.715898,30.3596,20.6376,-13.7401,99.8152,-5.10861,-92.7516,100.531,0.06552,-158.752,69.4557,-2.55271,-171.331,121.169,-5.3817,-115.204,55.7155,-13.0742,177.249,
2.75865,30.1787,31.2516,-7.22152,99.6078,-5.31304,-92.2385,96.8491,-1.19342,-150.723,69.429,-0.709691,-167.372,128.101,-11.8147,-111.903,62.2075,-12.5446,175.938,
2.75865,30.1787,31.2516,-7.22152,99.6078,-5.31304,-92.2385,96.8491,-1.19342,-150.723,69.429,-0.709691,-167.372,128.101,-11.8147,-111.903,62.2075,-12.5446,175.938,
6.97681,23.7749,35.21,-10.0873,100.545,-4.75472,-91.9578,93.5677,-0.175996,-151.752,76.7696,-6.33931,-171.395,128.778,-12.506,-111.385,66.6823,-10.7244,175.743,
6.97681,23.7749,35.21,-10.0873,100.545,-4.75472,-91.9578,93.5677,-0.175996,-151.752,76.7696,-6.33931,-171.395,128.778,-12.506,-111.385,66.6823,-10.7244,175.743,
7.02945,21.7667,35.2195,-10.269,100.597,-4.41339,-92.1987,93.5677,-0.175996,-151.752,78.8305,-5.93279,-170.852,128.787,-12.4841,-110.794,68.5614,-10.0118,175.472,
7.02945,21.7667,35.2195,-10.269,100.597,-4.41339,-92.1987,93.5677,-0.175996,-151.752,78.8305,-5.93279,-170.852,128.787,-12.4841,-110.794,68.5614,-10.0118,175.472,
10.8173,20.6092,34.2761,-8.83508,99.4397,-3.94719,-92.6793,88.6224,1.10387,-153.972,78.8305,-5.93279,-170.852,122.898,-7.49309,-109.282,69.9954,-9.40386,175.5,
10.8173,20.6092,34.2761,-8.83508,99.4397,-3.94719,-92.6793,88.6224,1.10387,-153.972,78.8305,-5.93279,-170.852,122.898,-7.49309,-109.282,69.9954,-9.40386,175.5,
12.9711,10.3172,35.8167,-14.6579,97.2476,-4.24351,-92.7012,84.2765,2.99582,-153.683,86.9304,-5.9204,-170.962,120.093,-4.64977,-109.87,72.2725,-8.6438,175.732,
12.9711,10.3172,35.8167,-14.6579,97.2476,-4.24351,-92.7012,84.2765,2.99582,-153.683,86.9304,-5.9204,-170.962,120.093,-4.64977,-109.87,72.2725,-8.6438,175.732,
16.0099,8.88152,34.9024,-14.7255,97.5791,-4.59347,-92.3336,81.5692,5.47321,-152.528,88.6976,-6.22178,-171.67,116.472,-1.50974,-110.949,73.9721,-8.10016,176.015,
16.0099,8.88152,34.9024,-14.7255,97.5791,-4.59347,-92.3336,81.5692,5.47321,-152.528,88.6976,-6.22178,-171.67,116.472,-1.50974,-110.949,73.9721,-8.10016,176.015,
15.3724,6.29606,30.5561,-14.8698,96.9416,-4.83624,-91.7418,81.5692,5.47321,-152.528,90.6455,-6.65558,-172.682,112.125,1.6345,-112.231,75.7758,-7.83209,175.567,
15.3724,6.29606,30.5561,-14.8698,96.9416,-4.83624,-91.7418,81.5692,5.47321,-152.528,90.6455,-6.65558,-172.682,112.125,1.6345,-112.231,75.7758,-7.83209,175.567,
15.3319,5.2286,26.5044,-14.8698,95.8741,-5.15753,-91.5523,80.5423,6.46954,-154.061,90.6455,-6.65558,-172.682,107.047,4.5981,-113.5,75.7758,-7.83209,175.567,
15.3319,5.2286,26.5044,-14.8698,95.8741,-5.15753,-91.5523,80.5423,6.46954,-154.061,90.6455,-6.65558,-172.682,107.047,4.5981,-113.5,75.7758,-7.83209,175.567,
15.7434,-3.52789,10.3609,-20.8623,94.8988,-6.12117,-91.9581,79.1555,5.95982,-158.085,98.4267,-6.84098,-178.291,89.5164,12.5405,-114.233,77.5644,-7.28505,175.361,
15.7434,-3.52789,10.3609,-20.8623,94.8988,-6.12117,-91.9581,79.1555,5.95982,-158.085,98.4267,-6.84098,-178.291,89.5164,12.5405,-114.233,77.5644,-7.28505,175.361,
16.2603,-6.53333,4.85172,-21.8104,94.8988,-6.12117,-91.9581,78.6385,5.41972,-159.641,101.432,-6.71906,178.897,83.4902,15.3966,-114.378,79.6218,-6.68058,174.815,
16.2603,-6.53333,4.85172,-21.8104,94.8988,-6.12117,-91.9581,78.6385,5.41972,-159.641,101.432,-6.71906,178.897,83.4902,15.3966,-114.378,79.6218,-6.68058,174.815,
17.3121,-8.59454,-0.712512,-22.0901,95.4992,-6.88124,-93.1492,78.1871,5.52252,-160.253,104.094,-6.54168,176.963,77.4746,18.3107,-115.026,82.0037,-5.92954,174.297,
17.3121,-8.59454,-0.712512,-22.0901,95.4992,-6.88124,-93.1492,78.1871,5.52252,-160.253,104.094,-6.54168,176.963,77.4746,18.3107,-115.026,82.0037,-5.92954,174.297,
18.0996,-10.3005,-17.5863,-24.2574,95.9606,-6.99538,-93.5925,77.861,6.1201,-161.211,106.261,-6.92299,176.914,60.2746,23.9248,-122.039,82.0037,-5.92954,174.297,
18.0996,-10.3005,-17.5863,-24.2574,95.9606,-6.99538,-93.5925,77.861,6.1201,-161.211,106.261,-6.92299,176.914,60.2746,23.9248,-122.039,82.0037,-5.92954,174.297,
25.1546,-10.7241,-16.6907,-19.2785,96.3508,-6.98026,-94.1079,71.1963,5.19443,-165.467,107.075,-7.02617,175.988,54.5056,25.1411,-125.443,87.7964,-3.55768,172.74,
25.1546,-10.7241,-16.6907,-19.2785,96.3508,-6.98026,-94.1079,71.1963,5.19443,-165.467,107.075,-7.02617,175.988,54.5056,25.1411,-125.443,87.7964,-3.55768,172.74,
27.5752,-8.09796,-12.7911,-15.5665,97.3393,-6.37791,-94.9238,69.7641,4.18313,-168.346,105.437,-6.84526,176.188,56.973,24.6046,-124.801,89.8708,-2.58499,172.483,
27.5752,-8.09796,-12.7911,-15.5665,97.3393,-6.37791,-94.9238,69.7641,4.18313,-168.346,105.437,-6.84526,176.188,56.973,24.6046,-124.801,89.8708,-2.58499,172.483,
27.6252,-8.04801,-12.7911,-13.3155,97.3893,-5.95127,-95.4366,69.7641,4.18313,-168.346,105.437,-6.84526,176.188,56.973,24.6046,-124.801,92.1218,-1.50723,172.039,
27.6252,-8.04801,-12.7911,-13.3155,97.3893,-5.95127,-95.4366,69.7641,4.18313,-168.346,105.437,-6.84526,176.188,56.973,24.6046,-124.801,92.1218,-1.50723,172.039,
27.6756,-7.99753,-4.35679,-13.3155,97.4397,-5.70293,-96.0527,69.7641,4.18313,-168.346,105.437,-6.84526,176.188,65.4073,24.4601,-120.662,92.1218,-1.50723,172.039,
27.6756,-7.99753,-4.35679,-13.3155,97.4397,-5.70293,-96.0527,69.7641,4.18313,-168.346,105.437,-6.84526,176.188,65.4073,24.4601,-120.662,92.1218,-1.50723,172.039,
28.3006,-3.59596,1.99141,-4.06658,97.6161,-5.61621,-96.5742,69.3155,2.23224,-168.938,101.212,-6.271,176.547,71.3069,21.8867,-118.396,97.1455,1.09114,170.035,
28.3006,-3.59596,1.99141,-4.06658,97.6161,-5.61621,-96.5742,69.3155,2.23224,-168.938,101.212,-6.271,176.547,71.3069,21.8867,-118.396,97.1455,1.09114,170.035,
22.5672,4.83892,-0.3257,10.9434,97.117,-5.9367,-96.2863,74.5498,0.701998,-171.113,92.2781,-3.27977,170.517,74.2241,21.0337,-116.937,103.221,6.93265,162.67,
22.5672,4.83892,-0.3257,10.9434,97.117,-5.9367,-96.2863,74.5498,0.701998,-171.113,92.2781,-3.27977,170.517,74.2241,21.0337,-116.937,103.221,6.93265,162.67,
21.4226,3.69439,-0.3257,13.4125,95.9724,-6.63646,-95.529,74.5498,0.701998,-171.113,92.2781,-3.27977,170.517,74.2241,21.0337,-116.937,105.691,9.27899,160.069,
21.4226,3.69439,-0.3257,13.4125,95.9724,-6.63646,-95.529,74.5498,0.701998,-171.113,92.2781,-3.27977,170.517,74.2241,21.0337,-116.937,105.691,9.27899,160.069,
14.2063,5.4452,2.66926,15.6064,95.5294,-7.18156,-96.3997,81.3231,3.91691,-166.263,90.0842,-3.26785,163.962,83.9924,17.97,-115.549,105.691,9.27899,160.069,
14.2063,5.4452,2.66926,15.6064,95.5294,-7.18156,-96.3997,81.3231,3.91691,-166.263,90.0842,-3.26785,163.962,83.9924,17.97,-115.549,105.691,9.27899,160.069,
12.922,9.9819,2.49024,25.8903,96.0084,-7.62907,-97.3157,83.0864,3.64266,-166.975,86.0265,-5.30283,165.188,85.5767,17.2154,-115.272,111.917,13.7972,153.607,
12.922,9.9819,2.49024,25.8903,96.0084,-7.62907,-97.3157,83.0864,3.64266,-166.975,86.0265,-5.30283,165.188,85.5767,17.2154,-115.272,111.917,13.7972,153.607,
11.2646,12.3593,2.11582,27.45,95.9262,-8.50269,-97.7909,84.6615,3.06307,-167.34,83.5669,-6.01777,167.149,86.7774,16.7026,-115.054,111.017,13.0689,153.481,
11.2646,12.3593,2.11582,27.45,95.9262,-8.50269,-97.7909,84.6615,3.06307,-167.34,83.5669,-6.01777,167.149,86.7774,16.7026,-115.054,111.017,13.0689,153.481,
11.3427,12.4374,3.91763,25.7395,96.0043,-8.54538,-97.8709,84.6615,3.06307,-167.34,83.5669,-6.01777,167.149,88.5792,15.9883,-114.974,109.306,12.0748,154.09,
11.3427,12.4374,3.91763,25.7395,96.0043,-8.54538,-97.8709,84.6615,3.06307,-167.34,83.5669,-6.01777,167.149,88.5792,15.9883,-114.974,109.306,12.0748,154.09,
5.11343,19.1474,-1.37734,27.509,96.5002,-8.52257,-97.7383,91.3867,2.77206,-167.346,77.3528,-10.6906,171.948,90.0094,15.5689,-114.376,104.862,8.68504,157.061,
5.11343,19.1474,-1.37734,27.509,96.5002,-8.52257,-97.7383,91.3867,2.77206,-167.346,77.3528,-10.6906,171.948,90.0094,15.5689,-114.376,104.862,8.68504,157.061,
1.6495,19.1592,-3.53446,22.0541,95.7668,-8.38839,-97.5448,94.1173,3.23954,-166.336,76.6076,-11.5242,173.756,90.5829,15.2773,-114.373,98.6616,4.36914,163.6,
1.6495,19.1592,-3.53446,22.0541,95.7668,-8.38839,-97.5448,94.1173,3.23954,-166.336,76.6076,-11.5242,173.756,90.5829,15.2773,-114.373,98.6616,4.36914,163.6,
1.10562,20.0486,-2.96519,19.1906,95.2229,-8.18888,-97.3388,94.1173,3.23954,-166.336,75.1743,-11.8549,176.315,91.1521,14.9255,-114.638,94.3649,2.38779,167.284,
1.10562,20.0486,-2.96519,19.1906,95.2229,-8.18888,-97.3388,94.1173,3.23954,-166.336,75.1743,-11.8549,176.315,91.1521,14.9255,-114.638,94.3649,2.38779,167.284,
-1.71931,19.8219,-4.28353,14.1539,94.9962,-7.82444,-96.8764,96.7155,3.28019,-164.439,75.1743,-11.8549,176.315,92.432,14.1772,-115.683,89.3283,0.685002,170.459,
-1.71931,19.8219,-4.28353,14.1539,94.9962,-7.82444,-96.8764,96.7155,3.28019,-164.439,75.1743,-11.8549,176.315,92.432,14.1772,-115.683,89.3283,0.685002,170.459,
-4.71543,25.9483,-6.68152,8.05903,95.8873,-7.37937,-95.933,100.603,3.4891,-160.958,69.939,-9.45192,-173.349,93.9212,13.2847,-117.332,77.998,-2.30633,173.966,
-4.71543,25.9483,-6.68152,8.05903,95.8873,-7.37937,-95.933,100.603,3.4891,-160.958,69.939,-9.45192,-173.349,93.9212,13.2847,-117.332,77.998,-2.30633,173.966,
-7.30244,26.0009,-8.47262,8.05903,95.9399,-7.30203,-95.6888,103.242,3.45754,-159.748,69.939,-9.45192,-173.349,94.7697,12.8088,-118.049,77.998,-2.30633,173.966,
-7.30244,26.0009,-8.47262,8.05903,95.9399,-7.30203,-95.6888,103.242,3.45754,-159.748,69.939,-9.45192,-173.349,94.7697,12.8088,-118.049,77.998,-2.30633,173.966,
-9.59733,26.8126,-9.77586,-13.8477,95.886,-7.24245,-95.1836,105.483,3.3518,-158.968,69.0734,-8.18055,-172.216,95.7075,12.3345,-118.601,55.2257,-10.7834,176.792,
-9.59733,26.8126,-9.77586,-13.8477,95.886,-7.24245,-95.1836,105.483,3.3518,-158.968,69.0734,-8.18055,-172.216,95.7075,12.3345,-118.601,55.2257,-10.7834,176.792,
-11.1732,27.2596,-9.5891,-13.8477,96.333,-7.21539,-94.3697,107.506,3.3572,-159.088,69.0734,-8.18055,-172.216,97.9171,11.4004,-118.933,55.2257,-10.7834,176.792,
-11.1732,27.2596,-9.5891,-13.8477,96.333,-7.21539,-94.3697,107.506,3.3572,-159.088,69.0734,-8.18055,-172.216,97.9171,11.4004,-118.933,55.2257,-10.7834,176.792,
-10.6347,31.4487,-5.49034,-20.8886,96.7163,-7.34981,-93.4895,107.351,3.43867,-158.774,65.2677,-5.38087,-171.178,101.861,9.47631,-119.027,44.3791,-12.2447,-177.018,
-10.6347,31.4487,-5.49034,-20.8886,96.7163,-7.34981,-93.4895,107.351,3.43867,-158.774,65.2677,-5.38087,-171.178,101.861,9.47631,-119.027,44.3791,-12.2447,-177.018,
-9.17069,34.6797,-2.68276,-23.8001,96.9703,-7.66394,-92.8761,106.141,3.32961,-158.407,62.2906,-3.87908,-167.883,103.458,8.56036,-119.051,38.4905,-12.0993,-172.97,
-9.17069,34.6797,-2.68276,-23.8001,96.9703,-7.66394,-92.8761,106.141,3.32961,-158.407,62.2906,-3.87908,-167.883,103.458,8.56036,-119.051,38.4905,-12.0993,-172.97,
-9.09326,36.789,-2.68276,-18.4911,97.0477,-8.05008,-91.7297,106.141,3.32961,-158.407,60.2587,-2.00749,-166.487,103.458,8.56036,-119.051,41.7676,-11.5609,-173.298,
-9.09326,36.789,-2.68276,-18.4911,97.0477,-8.05008,-91.7297,106.141,3.32961,-158.407,60.2587,-2.00749,-166.487,103.458,8.56036,-119.051,41.7676,-11.5609,-173.298,
-2.1312,36.7,8.82387,-18.4911,96.9588,-8.48783,-90.0101,99.09,1.79673,-159.059,60.2587,-2.00749,-166.487,107.914,6.43279,-118.635,41.7676,-11.5609,-173.298,
-2.1312,36.7,8.82387,-18.4911,96.9588,-8.48783,-90.0101,99.09,1.79673,-159.059,60.2587,-2.00749,-166.487,107.914,6.43279,-118.635,41.7676,-11.5609,-173.298,
0.0296643,35.5671,16.5484,-16.0054,96.97,-8.55492,-89.7354,96.9404,-0.110428,-155.109,61.4029,-1.01932,-167.306,113.489,3.64567,-117.32,45.3975,-11.7469,-174.96,
0.0296643,35.5671,16.5484,-16.0054,96.97,-8.55492,-89.7354,96.9404,-0.110428,-155.109,61.4029,-1.01932,-167.306,113.489,3.64567,-117.32,45.3975,-11.7469,-174.96,
0.705399,30.0156,22.077,-14.0105,96.6394,-8.6535,-89.3257,95.934,-0.844101,-151.84,66.6238,-0.057387,-168.023,118.011,-0.598446,-113.934,52.6133,-12.672,-179.809,
0.705399,30.0156,22.077,-14.0105,96.6394,-8.6535,-89.3257,95.934,-0.844101,-151.84,66.6238,-0.057387,-168.023,118.011,-0.598446,-113.934,52.6133,-12.672,-179.809,
-2.28447,26.52,22.077,-11.2667,93.6495,-9.32162,-85.3441,95.934,-0.844101,-151.84,67.1295,1.15839,-166.563,118.011,-0.598446,-113.934,55.8628,-14.4752,178.348,
-2.28447,26.52,22.077,-11.2667,93.6495,-9.32162,-85.3441,95.934,-0.844101,-151.84,67.1295,1.15839,-166.563,118.011,-0.598446,-113.934,55.8628,-14.4752,178.348,
2.45619,23.6248,32.3573,-14.5325,94.0201,-9.37147,-83.1444,91.564,-1.62048,-144.353,70.3953,-1.31147,-169.478,123.921,-10.3045,-106.148,55.8628,-14.4752,178.348,
2.45619,23.6248,32.3573,-14.5325,94.0201,-9.37147,-83.1444,91.564,-1.62048,-144.353,70.3953,-1.31147,-169.478,123.921,-10.3045,-106.148,55.8628,-14.4752,178.348,
3.44398,21.1095,35.0624,-13.203,94.7248,-8.66786,-84.1507,91.2808,-1.15974,-144.744,73.6153,-3.16007,-169.827,126.343,-12.1394,-105.34,60.4123,-14.3955,177.189,
3.44398,21.1095,35.0624,-13.203,94.7248,-8.66786,-84.1507,91.2808,-1.15974,-144.744,73.6153,-3.16007,-169.827,126.343,-12.1394,-105.34,60.4123,-14.3955,177.189,
4.09545,20.1765,35.9533,-9.67667,94.6643,-8.80942,-85.2313,90.5689,-0.757329,-146.079,74.4878,-2.63906,-168.607,126.522,-12.1727,-105.449,64.8112,-12.5705,176.206,
4.09545,20.1765,35.9533,-9.67667,94.6643,-8.80942,-85.2313,90.5689,-0.757329,-146.079,74.4878,-2.63906,-168.607,126.522,-12.1727,-105.449,64.8112,-12.5705,176.206,
4.07099,20.152,35.0091,-9.67667,94.6399,-8.99574,-85.3918,90.5689,-0.757329,-146.079,74.4878,-2.63906,-168.607,125.578,-11.385,-105.385,64.8112,-12.5705,176.206,
4.07099,20.152,35.0091,-9.67667,94.6399,-8.99574,-85.3918,90.5689,-0.757329,-146.079,74.4878,-2.63906,-168.607,125.578,-11.385,-105.385,64.8112,-12.5705,176.206,
6.38954,17.6846,33.3406,-10.9515,94.6049,-8.90243,-84.7749,88.2154,0.449947,-149.158,76.9203,-2.96186,-168.361,121.556,-8.75917,-105.568,65.9687,-12.3743,176.046,
6.38954,17.6846,33.3406,-10.9515,94.6049,-8.90243,-84.7749,88.2154,0.449947,-149.158,76.9203,-2.96186,-168.361,121.556,-8.75917,-105.568,65.9687,-12.3743,176.046,
5.93125,13.4927,24.8364,-11.7536,93.8516,-9.21224,-84.339,87.9204,0.37524,-149.745,80.359,-3.47031,-168.513,112.757,-2.99753,-107.048,68.6054,-11.0496,177.156,
5.93125,13.4927,24.8364,-11.7536,93.8516,-9.21224,-84.339,87.9204,0.37524,-149.745,80.359,-3.47031,-168.513,112.757,-2.99753,-107.048,68.6054,-11.0496,177.156,
5.94161,12.4581,25.0269,-11.7572,93.6715,-9.69982,-84.1145,87.7299,-0.00681184,-150.801,81.2134,-3.58796,-168.481,112.757,-2.99753,-107.048,69.4562,-10.7882,177.674,
5.94161,12.4581,25.0269,-11.7572,93.6715,-9.69982,-84.1145,87.7299,-0.00681184,-150.801,81.2134,-3.58796,-168.481,112.757,-2.99753,-107.048,69.4562,-10.7882,177.674,
6.51775,13.0343,17.7577,-11.7572,94.2477,-9.96809,-84.3805,87.7299,-0.00681184,-150.801,81.2134,-3.58796,-168.481,105.488,1.08684,-107.735,69.4562,-10.7882,177.674,
6.51775,13.0343,17.7577,-11.7572,94.2477,-9.96809,-84.3805,87.7299,-0.00681184,-150.801,81.2134,-3.58796,-168.481,105.488,1.08684,-107.735,69.4562,-10.7882,177.674,
6.30816,11.7329,9.88676,-13.4048,94.5938,-10.1533,-85.6244,88.2857,-1.20232,-153.736,82.861,-4.08077,-168.87,98.1724,4.81435,-108.462,69.4562,-10.7882,177.674,
6.30816,11.7329,9.88676,-13.4048,94.5938,-10.1533,-85.6244,88.2857,-1.20232,-153.736,82.861,-4.08077,-168.87,98.1724,4.81435,-108.462,69.4562,-10.7882,177.674,
6.23022,10.5826,9.6807,-13.2786,94.722,-10.2014,-86.1156,88.4917,-0.563095,-153.367,84.1394,-4.58689,-169.358,98.1724,4.81435,-108.462,70.8607,-10.5737,177.538,
6.23022,10.5826,9.6807,-13.2786,94.722,-10.2014,-86.1156,88.4917,-0.563095,-153.367,84.1394,-4.58689,-169.358,98.1724,4.81435,-108.462,70.8607,-10.5737,177.538,
6.51722,9.80621,2.97139,-12.7986,95.0507,-10.3288,-86.5438,88.5335,-0.132933,-153.714,85.2445,-4.87897,-169.711,91.5049,7.51234,-110.029,72.4459,-10.2326,177.11,
6.51722,9.80621,2.97139,-12.7986,95.0507,-10.3288,-86.5438,88.5335,-0.132933,-153.714,85.2445,-4.87897,-169.711,91.5049,7.51234,-110.029,72.4459,-10.2326,177.11,
7.46542,10.0622,-0.998398,-12.7986,95.3067,-10.4824,-86.9351,87.8412,-0.705048,-156.062,85.2445,-4.87897,-169.711,86.8428,9.19258,-111.385,72.4459,-10.2326,177.11,
7.46542,10.0622,-0.998398,-12.7986,95.3067,-10.4824,-86.9351,87.8412,-0.705048,-156.062,85.2445,-4.87897,-169.711,86.8428,9.19258,-111.385,72.4459,-10.2326,177.11,
9.72941,6.91571,0.622856,-16.024,95.3857,-10.481,-87.5332,85.6563,-2.33278,-158.782,88.47,-5.97859,-172.035,86.2792,9.18075,-112.204,72.4459,-10.2326,177.11,
9.72941,6.91571,0.622856,-16.024,95.3857,-10.481,-87.5332,85.6563,-2.33278,-158.782,88.47,-5.97859,-172.035,86.2792,9.18075,-112.204,72.4459,-10.2326,177.11,
