4.09517,16.7272,-1.86724,16.0318,99.779,2.97896,-82.3826,95.6838,0.464596,-161.689,83.0517,-6.36581,-173.6,93.8166,9.39432,-115.427,99.0835,-19.2751,170.409,
4.09517,16.7272,-1.86724,16.0318,99.779,2.97896,-82.3826,95.6838,0.464596,-161.689,83.0517,-6.36581,-173.6,93.8166,9.39432,-115.427,99.0835,-19.2751,170.409,
1.63581,16.2117,-4.47497,16.6013,99.2634,3.25812,-82.9282,97.6276,0.908823,-160.216,83.0517,-6.36581,-173.6,93.1526,9.85212,-114.649,99.653,-19.3449,170.694,
1.63581,16.2117,-4.47497,16.6013,99.2634,3.25812,-82.9282,97.6276,0.908823,-160.216,83.0517,-6.36581,-173.6,93.1526,9.85212,-114.649,99.653,-19.3449,170.694,
2.22493,13.5645,-4.01476,13.9405,99.4268,3.22648,-83.1643,97.2019,1.64317,-162.046,85.8623,-4.67547,-169.818,93.1871,9.6024,-114.572,99.8028,-19.7125,170.382,
2.22493,13.5645,-4.01476,13.9405,99.4268,3.22648,-83.1643,97.2019,1.64317,-162.046,85.8623,-4.67547,-169.818,93.1871,9.6024,-114.572,99.8028,-19.7125,170.382,
3.25169,13.7654,-3.06808,13.5151,100.053,3.12877,-84.678,96.8014,2.32437,-162.173,86.2877,-4.51911,-170.046,93.7333,9.38125,-114.699,99.8028,-19.7125,170.382,
3.25169,13.7654,-3.06808,13.5151,100.053,3.12877,-84.678,96.8014,2.32437,-162.173,86.2877,-4.51911,-170.046,93.7333,9.38125,-114.699,99.8028,-19.7125,170.382,
3.33739,13.4623,-2.30116,11.8082,100.139,3.04763,-85.4648,96.8014,2.32437,-162.173,86.6765,-4.32175,-170.58,94.5003,9.05003,-115.007,98.4847,-18.5965,170.091,
3.33739,13.4623,-2.30116,11.8082,100.139,3.04763,-85.4648,96.8014,2.32437,-162.173,86.6765,-4.32175,-170.58,94.5003,9.05003,-115.007,98.4847,-18.5965,170.091,
2.84754,12.726,0.470266,12.3939,99.4025,2.69023,-84.9908,96.555,3.34173,-162.581,86.6765,-4.32175,-170.58,97.0252,7.83649,-115.52,99.0703,-17.9485,170.541,
2.84754,12.726,0.470266,12.3939,99.4025,2.69023,-84.9908,96.555,3.34173,-162.581,86.6765,-4.32175,-170.58,97.0252,7.83649,-115.52,99.0703,-17.9485,170.541,
0.79118,9.27529,1.466,8.77793,99.0458,2.40558,-84.2501,98.2546,2.59193,-158.859,89.7705,-4.31084,-172.539,99.7206,6.46937,-116.089,98.5485,-17.7699,171.656,
0.79118,9.27529,1.466,8.77793,99.0458,2.40558,-84.2501,98.2546,2.59193,-158.859,89.7705,-4.31084,-172.539,99.7206,6.46937,-116.089,98.5485,-17.7699,171.656,
0.381556,8.84942,1.91083,8.04832,99.3496,1.75411,-84.0302,98.968,2.51557,-158.836,90.5002,-4.01646,-174.468,100.879,5.86219,-116.132,98.5485,-17.7699,171.656,
0.381556,8.84942,1.91083,8.04832,99.3496,1.75411,-84.0302,98.968,2.51557,-158.836,90.5002,-4.01646,-174.468,100.879,5.86219,-116.132,98.5485,-17.7699,171.656,
0.585467,9.05333,2.88272,8.2385,99.5535,1.59665,-83.6949,98.968,2.51557,-158.836,90.5002,-4.01646,-174.468,101.851,5.3833,-116.168,98.7387,-16.7682,172.269,
0.585467,9.05333,2.88272,8.2385,99.5535,1.59665,-83.6949,98.968,2.51557,-158.836,90.5002,-4.01646,-174.468,101.851,5.3833,-116.168,98.7387,-16.7682,172.269,
-1.79239,4.98798,4.21097,5.80276,98.1266,1.49845,-84.1038,99.919,3.12107,-163.043,93.1386,-4.151,-178.398,104.13,4.27524,-116.653,98.9414,-16.4591,172.433,
-1.79239,4.98798,4.21097,5.80276,98.1266,1.49845,-84.1038,99.919,3.12107,-163.043,93.1386,-4.151,-178.398,104.13,4.27524,-116.653,98.9414,-16.4591,172.433,
-1.78151,2.79132,6.13786,4.45518,97.588,1.31138,-84.8459,99.3695,3.08025,-164.061,94.7967,-4.21767,-179.955,105.507,3.39161,-116.806,99.2519,-16.0696,172.407,
-1.78151,2.79132,6.13786,4.45518,97.588,1.31138,-84.8459,99.3695,3.08025,-164.061,94.7967,-4.21767,-179.955,105.507,3.39161,-116.806,99.2519,-16.0696,172.407,
-0.397194,2.25189,7.3111,3.70467,97.7991,1.2047,-85.6355,98.1963,3.06276,-165.499,95.5472,-3.96655,179.84,105.507,3.39161,-116.806,99.2519,-16.0696,172.407,
-0.397194,2.25189,7.3111,3.70467,97.7991,1.2047,-85.6355,98.1963,3.06276,-165.499,95.5472,-3.96655,179.84,105.507,3.39161,-116.806,99.2519,-16.0696,172.407,
-0.250657,2.39843,7.3111,4.30709,97.9456,1.16191,-86.1451,98.1963,3.06276,-165.499,95.5472,-3.96655,179.84,105.507,3.39161,-116.806,99.8543,-15.2906,172.55,
-0.250657,2.39843,7.3111,4.30709,97.9456,1.16191,-86.1451,98.1963,3.06276,-165.499,95.5472,-3.96655,179.84,105.507,3.39161,-116.806,99.8543,-15.2906,172.55,
8.31931,0.95754,18.8939,3.46299,98.0054,1.03709,-86.6682,89.686,2.16803,-169.798,97.0478,-3.58592,179.234,108.58,0.84363,-115.179,100.511,-14.4201,172.396,
8.31931,0.95754,18.8939,3.46299,98.0054,1.03709,-86.6682,89.686,2.16803,-169.798,97.0478,-3.58592,179.234,108.58,0.84363,-115.179,100.511,-14.4201,172.396,
9.24869,-1.81301,21.4908,0.872535,97.9546,0.790167,-87.3501,88.7059,2.30723,-169.348,99.7676,-3.22493,178.413,110.197,0.0106454,-114.282,100.64,-14.1705,172.324,
9.24869,-1.81301,21.4908,0.872535,97.9546,0.790167,-87.3501,88.7059,2.30723,-169.348,99.7676,-3.22493,178.413,110.197,0.0106454,-114.282,100.64,-14.1705,172.324,
10.0309,-2.54516,24.28,0.208757,97.9803,0.589931,-88.2402,87.9494,2.71818,-167.894,100.525,-3.03325,178.426,112.229,-0.996659,-113.79,100.734,-13.6832,172.434,
10.0309,-2.54516,24.28,0.208757,97.9803,0.589931,-88.2402,87.9494,2.71818,-167.894,100.525,-3.03325,178.426,112.229,-0.996659,-113.79,100.734,-13.6832,172.434,
12.3822,-2.09513,25.8595,-0.135768,98.4304,-0.032539,-88.2852,86.0481,3.78971,-165.901,100.525,-3.03325,178.426,111.908,0.0362855,-114.438,100.39,-13.0827,172.319,
12.3822,-2.09513,25.8595,-0.135768,98.4304,-0.032539,-88.2852,86.0481,3.78971,-165.901,100.525,-3.03325,178.426,111.908,0.0362855,-114.438,100.39,-13.0827,172.319,
15.2617,-3.41232,23.7551,-2.08917,98.8012,-0.667822,-87.1376,83.5395,4.88516,-166.048,102.213,-2.29039,178.606,107.295,2.77137,-114.386,100.124,-12.7879,172.381,
15.2617,-3.41232,23.7551,-2.08917,98.8012,-0.667822,-87.1376,83.5395,4.88516,-166.048,102.213,-2.29039,178.606,107.295,2.77137,-114.386,100.124,-12.7879,172.381,
16.5969,-5.0066,25.0639,-3.70994,98.8277,-0.796475,-86.7208,82.2308,4.98458,-166.64,103.834,-1.63873,178.725,107.295,2.77137,-114.386,100.124,-12.7879,172.381,
16.5969,-5.0066,25.0639,-3.70994,98.8277,-0.796475,-86.7208,82.2308,4.98458,-166.64,103.834,-1.63873,178.725,107.295,2.77137,-114.386,100.124,-12.7879,172.381,
17.6887,-5.75254,23.5654,-4.82265,98.7869,-1.01341,-85.6705,81.0983,5.0218,-167.016,104.539,-1.28951,178.706,104.664,4.2427,-114.654,99.7168,-12.299,172.079,
17.6887,-5.75254,23.5654,-4.82265,98.7869,-1.01341,-85.6705,81.0983,5.0218,-167.016,104.539,-1.28951,178.706,104.664,4.2427,-114.654,99.7168,-12.299,172.079,
19.5751,-6.10303,13.4593,-5.65506,99.1482,-1.16226,-85.5016,79.5731,5.30018,-167.39,105.251,-1.08762,178.608,93.0324,9.37217,-116.445,99.5962,-11.8868,171.866,
19.5751,-6.10303,13.4593,-5.65506,99.1482,-1.16226,-85.5016,79.5731,5.30018,-167.39,105.251,-1.08762,178.608,93.0324,9.37217,-116.445,99.5962,-11.8868,171.866,
19.5764,-9.94305,8.58185,-9.43842,99.3087,-1.43948,-85.4887,79.7322,5.60869,-167.336,109.252,-0.0668981,177.699,88.3141,11.0819,-117.678,99.8133,-11.2436,171.712,
19.5764,-9.94305,8.58185,-9.43842,99.3087,-1.43948,-85.4887,79.7322,5.60869,-167.336,109.252,-0.0668981,177.699,88.3141,11.0819,-117.678,99.8133,-11.2436,171.712,
19.0338,-11.1525,-1.86263,-10.4747,99.1355,-2.35371,-85.2811,80.1017,5.64569,-168.389,110.288,0.351298,177.317,78.2391,13.8184,-121.886,99.8133,-11.2436,171.712,
19.0338,-11.1525,-1.86263,-10.4747,99.1355,-2.35371,-85.2811,80.1017,5.64569,-168.389,110.288,0.351298,177.317,78.2391,13.8184,-121.886,99.8133,-11.2436,171.712,
19.2775,-11.7407,-1.86263,-10.9406,99.3793,-2.65585,-85.4897,80.1017,5.64569,-168.389,111.12,0.750618,177.023,78.2391,13.8184,-121.886,100.179,-10.4916,171.691,
19.2775,-11.7407,-1.86263,-10.9406,99.3793,-2.65585,-85.4897,80.1017,5.64569,-168.389,111.12,0.750618,177.023,78.2391,13.8184,-121.886,100.179,-10.4916,171.691,
19.5575,-12.7434,-15.423,-11.3869,99.6592,-2.783,-85.745,80.1017,5.64569,-168.389,112.403,1.4337,176.473,64.6787,16.5145,-127.09,101.016,-9.12943,171.268,
19.5575,-12.7434,-15.423,-11.3869,99.6592,-2.783,-85.745,80.1017,5.64569,-168.389,112.403,1.4337,176.473,64.6787,16.5145,-127.09,101.016,-9.12943,171.268,
22.0522,-13.0719,-16.2235,-11.4286,99.8093,-2.85219,-85.8817,77.7571,4.97632,-173.08,112.881,1.41369,176.374,61.5336,17.2689,-128.184,101.453,-8.72105,171.3,
22.0522,-13.0719,-16.2235,-11.4286,99.8093,-2.85219,-85.8817,77.7571,4.97632,-173.08,112.881,1.41369,176.374,61.5336,17.2689,-128.184,101.453,-8.72105,171.3,
29.699,-11.7869,-10.664,-10.8088,100.475,-2.98387,-86.4885,70.7755,3.67521,-176.83,112.261,1.20872,176.357,60.1115,18.7195,-127.528,101.453,-8.72105,171.3,
29.699,-11.7869,-10.664,-10.8088,100.475,-2.98387,-86.4885,70.7755,3.67521,-176.83,112.261,1.20872,176.357,60.1115,18.7195,-127.528,101.453,-8.72105,171.3,
30.2571,-11.2289,-10.664,-8.4649,101.033,-2.71908,-86.6982,70.7755,3.67521,-176.83,112.261,1.20872,176.357,60.1115,18.7195,-127.528,103.797,-5.47134,171.298,
30.2571,-11.2289,-10.664,-8.4649,101.033,-2.71908,-86.6982,70.7755,3.67521,-176.83,112.261,1.20872,176.357,60.1115,18.7195,-127.528,103.797,-5.47134,171.298,
25.9049,-6.08348,-5.25835,-3.69325,101.607,-2.29022,-86.8726,75.7018,3.95828,-172.894,107.69,1.54478,176.591,70.4435,19.4764,-119.629,103.997,-4.29472,170.784,
25.9049,-6.08348,-5.25835,-3.69325,101.607,-2.29022,-86.8726,75.7018,3.95828,-172.894,107.69,1.54478,176.591,70.4435,19.4764,-119.629,103.997,-4.29472,170.784,
26.2156,2.40909,-3.02784,5.9295,102.211,-2.01674,-87.1113,75.9959,4.53651,-173.476,99.8024,2.33042,177.159,72.968,19.106,-118.552,105.732,-2.72357,169.374,
26.2156,2.40909,-3.02784,5.9295,102.211,-2.01674,-87.1113,75.9959,4.53651,-173.476,99.8024,2.33042,177.159,72.968,19.106,-118.552,105.732,-2.72357,169.374,
24.3758,5.90822,-1.74967,10.1106,101.53,-2.27582,-86.4286,77.1537,4.6424,-174.695,95.6213,2.76302,172.523,75.4041,18.7153,-117.831,105.732,-2.72357,169.374,
24.3758,5.90822,-1.74967,10.1106,101.53,-2.27582,-86.4286,77.1537,4.6424,-174.695,95.6213,2.76302,172.523,75.4041,18.7153,-117.831,105.732,-2.72357,169.374,
24.0581,5.59051,-1.74967,15.9516,101.212,-2.42416,-86.1001,77.1537,4.6424,-174.695,95.6213,2.76302,172.523,75.4041,18.7153,-117.831,111.573,1.40261,165.534,
24.0581,5.59051,-1.74967,15.9516,101.212,-2.42416,-86.1001,77.1537,4.6424,-174.695,95.6213,2.76302,172.523,75.4041,18.7153,-117.831,111.573,1.40261,165.534,
15.6547,9.74626,-2.11095,28.8859,100.487,-2.77772,-85.2379,84.8326,6.19327,-171.394,90.741,0.483865,167.893,82.7216,16.6253,-117.164,119.627,6.87691,162.802,
15.6547,9.74626,-2.11095,28.8859,100.487,-2.77772,-85.2379,84.8326,6.19327,-171.394,90.741,0.483865,167.893,82.7216,16.6253,-117.164,119.627,6.87691,162.802,
14.5777,15.3566,-2.32438,34.787,100.964,-2.92075,-85.107,86.3859,6.29366,-170.916,85.607,-1.50171,171.159,84.0615,16.6298,-116.49,120.394,7.25477,162.173,
14.5777,15.3566,-2.32438,34.787,100.964,-2.92075,-85.107,86.3859,6.29366,-170.916,85.607,-1.50171,171.159,84.0615,16.6298,-116.49,120.394,7.25477,162.173,
13.1385,18.5972,-3.10609,34.455,101.357,-2.9429,-85.4072,88.2183,6.34806,-170.326,82.7597,-2.5229,172.525,85.1122,16.5256,-116.171,117.215,5.69231,163.533,
13.1385,18.5972,-3.10609,34.455,101.357,-2.9429,-85.4072,88.2183,6.34806,-170.326,82.7597,-2.5229,172.525,85.1122,16.5256,-116.171,117.215,5.69231,163.533,
12.3624,17.8211,-1.55292,29.1287,100.581,-2.9934,-84.8264,88.2183,6.34806,-170.326,82.7597,-2.5229,172.525,86.6654,15.9239,-116.238,111.888,2.74155,166.439,
12.3624,17.8211,-1.55292,29.1287,100.581,-2.9934,-84.8264,88.2183,6.34806,-170.326,82.7597,-2.5229,172.525,86.6654,15.9239,-116.238,111.888,2.74155,166.439,
8.32852,22.4928,-4.21661,30.5156,100.382,-2.68979,-84.9476,92.0532,6.08988,-169.372,77.8889,-4.58573,174.003,87.8366,15.6919,-116.042,108.405,0.726122,169.012,
8.32852,22.4928,-4.21661,30.5156,100.382,-2.68979,-84.9476,92.0532,6.08988,-169.372,77.8889,-4.58573,174.003,87.8366,15.6919,-116.042,108.405,0.726122,169.012,
2.79409,27.4244,-9.50983,30.7284,100.765,-1.62416,-87.0212,97.9711,6.16355,-165.568,73.3408,-6.36901,176.227,88.4612,15.4855,-115.984,104.069,-1.32108,172.016,
2.79409,27.4244,-9.50983,30.7284,100.765,-1.62416,-87.0212,97.9711,6.16355,-165.568,73.3408,-6.36901,176.227,88.4612,15.4855,-115.984,104.069,-1.32108,172.016,
2.79409,31.4221,-8.81344,23.6582,100.765,-1.62416,-87.0212,97.9711,6.16355,-165.568,69.343,-5.96893,-179.767,89.1576,15.2082,-115.88,93.0012,-4.60113,177.407,
2.79409,31.4221,-8.81344,23.6582,100.765,-1.62416,-87.0212,97.9711,6.16355,-165.568,69.343,-5.96893,-179.767,89.1576,15.2082,-115.88,93.0012,-4.60113,177.407,
-0.885972,30.5079,-10.8332,10.6662,99.8509,-1.42344,-87.2769,100.737,6.16118,-163.755,69.343,-5.96893,-179.767,89.9037,14.9061,-115.767,80.0093,-7.31339,179.611,
-0.885972,30.5079,-10.8332,10.6662,99.8509,-1.42344,-87.2769,100.737,6.16118,-163.755,69.343,-5.96893,-179.767,89.9037,14.9061,-115.767,80.0093,-7.31339,179.611,
-11.2208,34.4664,-18.0191,1.84832,99.3976,-0.648143,-86.6978,110.618,5.67173,-158.065,64.9313,-2.08977,-174.175,92.5993,13.7593,-115.651,66.7796,-11.6389,179.728,
-11.2208,34.4664,-18.0191,1.84832,99.3976,-0.648143,-86.6978,110.618,5.67173,-158.065,64.9313,-2.08977,-174.175,92.5993,13.7593,-115.651,66.7796,-11.6389,179.728,
-12.0376,34.62,-17.1735,1.55462,99.845,-0.202283,-86.353,111.883,5.60033,-157.771,65.225,-1.70008,-173.194,94.7091,12.8152,-115.289,66.7796,-11.6389,179.728,
-12.0376,34.62,-17.1735,1.55462,99.845,-0.202283,-86.353,111.883,5.60033,-157.771,65.225,-1.70008,-173.194,94.7091,12.8152,-115.289,66.7796,-11.6389,179.728,
-11.7656,35.6329,-17.1735,-10.4404,100.117,0.0926328,-85.3695,111.883,5.60033,-157.771,64.4841,-1.74861,-172.455,94.7091,12.8152,-115.289,54.0437,-15.2158,-177.973,
-11.7656,35.6329,-17.1735,-10.4404,100.117,0.0926328,-85.3695,111.883,5.60033,-157.771,64.4841,-1.74861,-172.455,94.7091,12.8152,-115.289,54.0437,-15.2158,-177.973,
-11.8136,35.5848,-12.8739,-21.4969,100.069,0.0856421,-84.1498,111.883,5.60033,-157.771,64.4841,-1.74861,-172.455,99.0086,10.8127,-115.127,42.9872,-17.9515,-175.457,
-11.8136,35.5848,-12.8739,-21.4969,100.069,0.0856421,-84.1498,111.883,5.60033,-157.771,64.4841,-1.74861,-172.455,99.0086,10.8127,-115.127,42.9872,-17.9515,-175.457,
-12.0796,35.5278,-13.0828,-21.4969,100.012,0.0485473,-83.77,112.091,5.57596,-157.438,64.4841,-1.74861,-172.455,99.0086,10.8127,-115.127,42.9872,-17.9515,-175.457,
-12.0796,35.5278,-13.0828,-21.4969,100.012,0.0485473,-83.77,112.091,5.57596,-157.438,64.4841,-1.74861,-172.455,99.0086,10.8127,-115.127,42.9872,-17.9515,-175.457,
-11.3946,43.7558,-5.53387,-10.6623,99.762,-0.122476,-83.0083,111.157,5.05447,-155.036,56.0062,-1.2659,-170.554,105.623,7.93039,-115.376,45.3439,-17.8291,-175.902,
-11.3946,43.7558,-5.53387,-10.6623,99.762,-0.122476,-83.0083,111.157,5.05447,-155.036,56.0062,-1.2659,-170.554,105.623,7.93039,-115.376,45.3439,-17.8291,-175.902,
-11.6913,39.5832,-5.53387,-7.23214,99.4654,-0.631052,-82.2508,111.157,5.05447,-155.036,59.8822,-1.55743,-171.29,105.623,7.93039,-115.376,52.65,-19.0141,-178.57,
-11.6913,39.5832,-5.53387,-7.23214,99.4654,-0.631052,-82.2508,111.157,5.05447,-155.036,59.8822,-1.55743,-171.29,105.623,7.93039,-115.376,52.65,-19.0141,-178.57,
-5.37741,40.0122,5.47528,-2.83177,99.8944,-1.10859,-81.3922,105.272,4.40109,-156.22,59.8822,-1.55743,-171.29,110.747,5.5765,-114.671,57.0504,-16.2389,-179.359,
-5.37741,40.0122,5.47528,-2.83177,99.8944,-1.10859,-81.3922,105.272,4.40109,-156.22,59.8822,-1.55743,-171.29,110.747,5.5765,-114.671,57.0504,-16.2389,-179.359,
0.163349,34.0047,16.5816,-5.84943,99.2104,-1.14827,-80.8057,99.0471,2.76166,-156.686,65.2058,1.74514,-164.592,115.629,1.4073,-111.49,59.3563,-15.3453,179.991,
0.163349,34.0047,16.5816,-5.84943,99.2104,-1.14827,-80.8057,99.0471,2.76166,-156.686,65.2058,1.74514,-164.592,115.629,1.4073,-111.49,59.3563,-15.3453,179.991,
1.81867,30.3111,26.2849,-8.08175,97.7492,-1.19347,-80.5257,95.9306,1.92728,-150.29,67.4381,1.89149,-164.148,122.215,-4.98525,-106.778,59.3563,-15.3453,179.991,
1.81867,30.3111,26.2849,-8.08175,97.7492,-1.19347,-80.5257,95.9306,1.92728,-150.29,67.4381,1.89149,-164.148,122.215,-4.98525,-106.778,59.3563,-15.3453,179.991,
2.60497,27.5046,26.2849,-6.76028,98.5355,-1.45077,-80.3349,95.9306,1.92728,-150.29,71.0309,0.791739,-166.357,122.215,-4.98525,-106.778,64.2707,-16.7531,178.286,
2.60497,27.5046,26.2849,-6.76028,98.5355,-1.45077,-80.3349,95.9306,1.92728,-150.29,71.0309,0.791739,-166.357,122.215,-4.98525,-106.778,64.2707,-16.7531,178.286,
7.59163,25.2005,35.9681,-7.04999,100.484,-1.40983,-80.4205,92.8923,3.6338,-149.638,75.2834,-0.717644,-168.641,128.86,-9.4072,-107.15,68.2334,-15.4012,178.054,
7.59163,25.2005,35.9681,-7.04999,100.484,-1.40983,-80.4205,92.8923,3.6338,-149.638,75.2834,-0.717644,-168.641,128.86,-9.4072,-107.15,68.2334,-15.4012,178.054,
14.9498,22.8289,42.4964,-7.45046,99.8526,-0.688949,-81.6971,84.9028,5.08847,-156.868,77.0237,-0.974097,-168.416,127.399,-8.28537,-107.724,69.5732,-15.3184,176.724,
14.9498,22.8289,42.4964,-7.45046,99.8526,-0.688949,-81.6971,84.9028,5.08847,-156.868,77.0237,-0.974097,-168.416,127.399,-8.28537,-107.724,69.5732,-15.3184,176.724,
12.5961,18.8808,40.0714,-9.0448,97.4988,-1.22887,-81.5073,84.9028,5.08847,-156.868,78.618,-1.12003,-168.844,124.974,-7.30258,-108.188,69.5732,-15.3184,176.724,
12.5961,18.8808,40.0714,-9.0448,97.4988,-1.22887,-81.5073,84.9028,5.08847,-156.868,78.618,-1.12003,-168.844,124.974,-7.30258,-108.188,69.5732,-15.3184,176.724,
14.8525,17.3788,39.8396,-6.39132,97.554,-1.27468,-82.0298,82.7015,5.58186,-157.706,80.1752,-1.32187,-169.518,122.541,-5.83162,-108.643,73.7839,-14.3113,175.489,
14.8525,17.3788,39.8396,-6.39132,97.554,-1.27468,-82.0298,82.7015,5.58186,-157.706,80.1752,-1.32187,-169.518,122.541,-5.83162,-108.643,73.7839,-14.3113,175.489,
17.7007,13.5279,32.5508,-7.74961,96.3278,-1.85809,-81.1652,78.6271,6.76782,-158.292,82.7999,-1.4213,-170.975,111.178,0.352915,-110.691,75.0503,-14.0737,174.854,
17.7007,13.5279,32.5508,-7.74961,96.3278,-1.85809,-81.1652,78.6271,6.76782,-158.292,82.7999,-1.4213,-170.975,111.178,0.352915,-110.691,75.0503,-14.0737,174.854,
19.196,10.476,28.937,-9.46489,96.3278,-1.85809,-81.1652,77.1318,7.64279,-159.077,85.8518,-1.75447,-174.226,106.069,2.61125,-111.593,76.3869,-13.628,174.434,
19.196,10.476,28.937,-9.46489,96.3278,-1.85809,-81.1652,77.1318,7.64279,-159.077,85.8518,-1.75447,-174.226,106.069,2.61125,-111.593,76.3869,-13.628,174.434,
18.8063,7.53984,23.2383,-12.0113,95.9381,-2.01202,-81.1722,77.1318,7.64279,-159.077,88.3983,-1.8252,-175.899,100.37,4.72076,-112.343,76.3869,-13.628,174.434,
18.8063,7.53984,23.2383,-12.0113,95.9381,-2.01202,-81.1722,77.1318,7.64279,-159.077,88.3983,-1.8252,-175.899,100.37,4.72076,-112.343,76.3869,-13.628,174.434,
17.8827,3.29365,23.2408,-9.19277,95.012,-2.80302,-81.7566,77.1293,7.19988,-160.249,91.7183,-1.8251,-177.667,100.37,4.72076,-112.343,82.5256,-10.9464,174.687,
17.8827,3.29365,23.2408,-9.19277,95.012,-2.80302,-81.7566,77.1293,7.19988,-160.249,91.7183,-1.8251,-177.667,100.37,4.72076,-112.343,82.5256,-10.9464,174.687,
15.1624,-5.53238,-4.26735,-16.4036,94.9992,-3.34153,-82.7462,79.8368,5.42103,-163.332,100.532,-1.57791,179.573,75.5694,14.3782,-112.768,84.1279,-10.2738,174.635,
15.1624,-5.53238,-4.26735,-16.4036,94.9992,-3.34153,-82.7462,79.8368,5.42103,-163.332,100.532,-1.57791,179.573,75.5694,14.3782,-112.768,84.1279,-10.2738,174.635,
14.8524,-7.05884,-16.1793,-16.621,95.1866,-3.49973,-83.307,80.3342,5.54956,-163.371,102.245,-1.35185,179.223,64.1548,19.9532,-115.218,85.6244,-9.67708,174.532,
14.8524,-7.05884,-16.1793,-16.621,95.1866,-3.49973,-83.307,80.3342,5.54956,-163.371,102.245,-1.35185,179.223,64.1548,19.9532,-115.218,85.6244,-9.67708,174.532,
15.9364,-7.78527,-15.298,-14.836,95.3893,-3.50924,-83.9577,79.4529,5.48149,-164.482,103.175,-1.47909,179.199,64.1548,19.9532,-115.218,88.3385,-8.58839,173.986,
15.9364,-7.78527,-15.298,-14.836,95.3893,-3.50924,-83.9577,79.4529,5.48149,-164.482,103.175,-1.47909,179.199,64.1548,19.9532,-115.218,88.3385,-8.58839,173.986,
15.9711,-7.75063,-22.6087,-11.9507,95.4239,-3.53253,-84.2199,79.4529,5.48149,-164.482,103.175,-1.47909,179.199,56.8442,23.333,-117.814,91.2238,-7.07099,173.727,
15.9711,-7.75063,-22.6087,-11.9507,95.4239,-3.53253,-84.2199,79.4529,5.48149,-164.482,103.175,-1.47909,179.199,56.8442,23.333,-117.814,91.2238,-7.07099,173.727,
22.657,-7.67737,-15.996,-9.96937,95.4972,-3.54949,-84.2757,72.8402,6.03239,-168.1,103.175,-1.47909,179.199,56.8442,23.333,-117.814,93.2052,-6.16823,173.635,
22.657,-7.67737,-15.996,-9.96937,95.4972,-3.54949,-84.2757,72.8402,6.03239,-168.1,103.175,-1.47909,179.199,56.8442,23.333,-117.814,93.2052,-6.16823,173.635,
19.9809,-5.77744,-11.1003,-6.31942,95.9378,-3.38649,-84.3069,75.9568,7.28149,-165.153,101.715,-0.836386,179.098,64.8565,23.998,-113.434,95.3958,-5.14886,173.472,
19.9809,-5.77744,-11.1003,-6.31942,95.9378,-3.38649,-84.3069,75.9568,7.28149,-165.153,101.715,-0.836386,179.098,64.8565,23.998,-113.434,95.3958,-5.14886,173.472,
15.4652,0.734768,-14.4616,4.39607,96.5952,-2.76486,-84.5609,81.13,7.79482,-163.906,95.8605,0.104199,178.856,66.6683,24.0161,-113.743,100.257,-2.60074,171.852,
15.4652,0.734768,-14.4616,4.39607,96.5952,-2.76486,-84.5609,81.13,7.79482,-163.906,95.8605,0.104199,178.856,66.6683,24.0161,-113.743,100.257,-2.60074,171.852,
16.0092,1.2787,-8.2222,9.10568,97.1392,-2.54345,-85.0173,81.13,7.79482,-163.906,95.8605,0.104199,178.856,72.9078,18.644,-115.655,104.966,1.17715,167.614,
16.0092,1.2787,-8.2222,9.10568,97.1392,-2.54345,-85.0173,81.13,7.79482,-163.906,95.8605,0.104199,178.856,72.9078,18.644,-115.655,104.966,1.17715,167.614,
18.1681,8.22631,-1.37086,17.9226,97.8473,-2.79608,-84.891,79.6792,3.9211,-172.543,89.621,2.27343,173.109,78.3083,18.8235,-113.274,107.544,3.67376,164.077,
18.1681,8.22631,-1.37086,17.9226,97.8473,-2.79608,-84.891,79.6792,3.9211,-172.543,89.621,2.27343,173.109,78.3083,18.8235,-113.274,107.544,3.67376,164.077,
15.8673,8.81752,-0.203983,23.4197,96.1874,-3.50943,-82.948,80.3201,5.18273,-170.726,87.3699,1.18334,165.789,80.1162,18.1534,-113.998,110.79,6.20832,161.738,
15.8673,8.81752,-0.203983,23.4197,96.1874,-3.50943,-82.948,80.3201,5.18273,-170.726,87.3699,1.18334,165.789,80.1162,18.1534,-113.998,110.79,6.20832,161.738,
11.1169,9.08588,-4.82954,29.2054,96.0626,-3.23645,-84.5197,84.9457,6.87599,-169.139,86.9767,-0.333035,165.048,80.1162,18.1534,-113.998,116.182,10.2845,158.358,
11.1169,9.08588,-4.82954,29.2054,96.0626,-3.23645,-84.5197,84.9457,6.87599,-169.139,86.9767,-0.333035,165.048,80.1162,18.1534,-113.998,116.182,10.2845,158.358,
11.3946,9.36366,-2.03116,30.3609,96.3403,-3.07168,-86.2237,84.9457,6.87599,-169.139,86.9767,-0.333035,165.048,82.9145,16.5344,-114.592,117.338,9.90518,158.822,
11.3946,9.36366,-2.03116,30.3609,96.3403,-3.07168,-86.2237,84.9457,6.87599,-169.139,86.9767,-0.333035,165.048,82.9145,16.5344,-114.592,117.338,9.90518,158.822,
1.43658,18.3932,-8.91304,35.0214,96.9784,-3.92371,-87.2298,95.5418,8.81501,-163.46,78.5852,-3.63942,171.393,86.6288,15.8741,-113.196,113.607,8.04875,160.929,
1.43658,18.3932,-8.91304,35.0214,96.9784,-3.92371,-87.2298,95.5418,8.81501,-163.46,78.5852,-3.63942,171.393,86.6288,15.8741,-113.196,113.607,8.04875,160.929,
-1.49386,20.966,-11.2253,37.2637,97.3089,-4.55701,-87.1727,98.8027,8.03063,-162.445,76.3429,-4.67989,171.836,87.5775,15.562,-113.013,113.607,8.04875,160.929,
-1.49386,20.966,-11.2253,37.2637,97.3089,-4.55701,-87.1727,98.8027,8.03063,-162.445,76.3429,-4.67989,171.836,87.5775,15.562,-113.013,113.607,8.04875,160.929,
-1.85802,22.5783,-11.2253,33.917,96.9447,-4.25843,-87.0187,98.8027,8.03063,-162.445,74.3665,-5.9382,172.198,87.5775,15.562,-113.013,108.283,4.88611,164.582,
-1.85802,22.5783,-11.2253,33.917,96.9447,-4.25843,-87.0187,98.8027,8.03063,-162.445,74.3665,-5.9382,172.198,87.5775,15.562,-113.013,108.283,4.88611,164.582,
-5.61017,22.3473,-11.8894,20.5966,96.7138,-4.00565,-87.2656,102.324,7.46285,-161.569,74.3665,-5.9382,172.198,90.4346,14.497,-112.891,94.9631,-0.725105,172.946,
-5.61017,22.3473,-11.8894,20.5966,96.7138,-4.00565,-87.2656,102.324,7.46285,-161.569,74.3665,-5.9382,172.198,90.4346,14.497,-112.891,94.9631,-0.725105,172.946,
-8.71746,29.408,-12.3397,22.1503,96.4241,-3.9868,-87.107,105.142,7.41462,-161.747,67.0162,-6.29306,172.721,92.8019,13.5993,-113.225,89.1665,-2.15999,175.395,
-8.71746,29.408,-12.3397,22.1503,96.4241,-3.9868,-87.107,105.142,7.41462,-161.747,67.0162,-6.29306,172.721,92.8019,13.5993,-113.225,89.1665,-2.15999,175.395,
-8.6891,29.4363,-12.3397,22.1503,96.4525,-3.8569,-87.0975,105.142,7.41462,-161.747,67.0162,-6.29306,172.721,92.8019,13.5993,-113.225,89.1665,-2.15999,175.395,
-8.6891,29.4363,-12.3397,22.1503,96.4525,-3.8569,-87.0975,105.142,7.41462,-161.747,67.0162,-6.29306,172.721,92.8019,13.5993,-113.225,89.1665,-2.15999,175.395,
-9.62194,32.9758,-11.3412,-0.561615,97.0838,-3.39863,-86.8971,106.706,7.09386,-160.729,64.108,-3.98739,176.772,95.3645,12.3302,-113.866,63.5463,-9.35805,177.48,
-9.62194,32.9758,-11.3412,-0.561615,97.0838,-3.39863,-86.8971,106.706,7.09386,-160.729,64.108,-3.98739,176.772,95.3645,12.3302,-113.866,63.5463,-9.35805,177.48,
-12.5183,33.3054,-11.8954,-6.82032,97.5684,-3.05479,-86.7879,110.087,6.46699,-158.721,64.263,-2.16756,178.007,98.1913,11.2447,-114.582,57.4427,-11.7793,178.078,
-12.5183,33.3054,-11.8954,-6.82032,97.5684,-3.05479,-86.7879,110.087,6.46699,-158.721,64.263,-2.16756,178.007,98.1913,11.2447,-114.582,57.4427,-11.7793,178.078,
-12.1262,36.0971,-9.40507,-10.5517,98.4193,-3.08856,-86.1904,110.545,6.31478,-158.235,62.3221,-1.775,178.601,101.14,9.84907,-115.154,51.7704,-13.3291,179.641,
-12.1262,36.0971,-9.40507,-10.5517,98.4193,-3.08856,-86.1904,110.545,6.31478,-158.235,62.3221,-1.775,178.601,101.14,9.84907,-115.154,51.7704,-13.3291,179.641,
-11.4223,42.2383,-7.21271,-4.8026,98.8114,-3.12747,-85.7543,110.234,6.33926,-158.106,56.573,-3.23167,177.883,103.021,9.01027,-115.292,51.7704,-13.3291,179.641,
-11.4223,42.2383,-7.21271,-4.8026,98.8114,-3.12747,-85.7543,110.234,6.33926,-158.106,56.573,-3.23167,177.883,103.021,9.01027,-115.292,51.7704,-13.3291,179.641,
-11.0297,42.631,-2.84735,-7.65179,99.204,-3.28258,-85.0702,110.234,6.33926,-158.106,56.573,-3.23167,177.883,107.386,7.12057,-115.782,48.9213,-16.7678,-176.058,
-11.0297,42.631,-2.84735,-7.65179,99.204,-3.28258,-85.0702,110.234,6.33926,-158.106,56.573,-3.23167,177.883,107.386,7.12057,-115.782,48.9213,-16.7678,-176.058,
-10.7183,42.9423,-0.435232,-5.02556,99.5154,-3.53546,-84.3799,110.234,6.33926,-158.106,56.573,-3.23167,177.883,109.798,6.10535,-116.082,51.5475,-17.8864,-178.201,
-10.7183,42.9423,-0.435232,-5.02556,99.5154,-3.53546,-84.3799,110.234,6.33926,-158.106,56.573,-3.23167,177.883,109.798,6.10535,-116.082,51.5475,-17.8864,-178.201,
-7.91123,42.8279,7.44847,-4.43393,99.6287,-3.62953,-84.1964,107.54,5.9955,-157.847,56.8009,-3.2852,178.821,114.988,3.40564,-115.419,52.367,-17.8235,-178.557,
-7.91123,42.8279,7.44847,-4.43393,99.6287,-3.62953,-84.1964,107.54,5.9955,-157.847,56.8009,-3.2852,178.821,114.988,3.40564,-115.419,52.367,-17.8235,-178.557,
2.07811,32.5502,19.3125,-15.1731,100.09,-3.86465,-83.5149,98.0122,3.75774,-162.011,67.54,-1.08788,179.146,117.325,1.12351,-114.113,52.367,-17.8235,-178.557,
2.07811,32.5502,19.3125,-15.1731,100.09,-3.86465,-83.5149,98.0122,3.75774,-162.011,67.54,-1.08788,179.146,117.325,1.12351,-114.113,52.367,-17.8235,-178.557,
2.15389,32.626,25.1065,-6.64867,100.166,-3.77809,-83.5927,98.0122,3.75774,-162.011,67.54,-1.08788,179.146,123.119,-6.12352,-108.824,60.8913,-15.8721,179.448,
2.15389,32.626,25.1065,-6.64867,100.166,-3.77809,-83.5927,98.0122,3.75774,-162.011,67.54,-1.08788,179.146,123.119,-6.12352,-108.824,60.8913,-15.8721,179.448,
6.89357,33.81,37.3568,-0.213429,99.3635,-3.48604,-84.6172,92.4699,4.71502,-153.782,65.5535,-1.18482,-179.54,129.827,-10.5064,-108.812,65.34,-14.2863,179.948,
6.89357,33.81,37.3568,-0.213429,99.3635,-3.48604,-84.6172,92.4699,4.71502,-153.782,65.5535,-1.18482,-179.54,129.827,-10.5064,-108.812,65.34,-14.2863,179.948,
9.18135,23.2598,41.0315,-8.7968,99.0354,-3.77693,-85.5514,89.8541,5.39101,-156.89,75.7756,-2.0622,178.347,130.886,-10.4818,-110.632,66.9788,-13.1325,-179.867,
9.18135,23.2598,41.0315,-8.7968,99.0354,-3.77693,-85.5514,89.8541,5.39101,-156.89,75.7756,-2.0622,178.347,130.886,-10.4818,-110.632,66.9788,-13.1325,-179.867,
13.3066,23.863,44.6381,-8.7968,99.6385,-2.76429,-86.4308,86.3319,5.65548,-160.121,75.7756,-2.0622,178.347,130.97,-9.96903,-111.329,66.9788,-13.1325,-179.867,
13.3066,23.863,44.6381,-8.7968,99.6385,-2.76429,-86.4308,86.3319,5.65548,-160.121,75.7756,-2.0622,178.347,130.97,-9.96903,-111.329,66.9788,-13.1325,-179.867,
13.3066,23.416,43.2455,-5.96051,99.6385,-2.76429,-86.4308,86.3319,5.65548,-160.121,76.2226,-2.5729,177.006,129.577,-8.83626,-111.926,70.262,-12.5656,178.356,
13.3066,23.416,43.2455,-5.96051,99.6385,-2.76429,-86.4308,86.3319,5.65548,-160.121,76.2226,-2.5729,177.006,129.577,-8.83626,-111.926,70.262,-12.5656,178.356,
22.0685,17.8146,44.6842,-7.37837,98.6558,-2.18232,-86.6543,76.5873,7.32846,-162.36,80.8412,-2.60476,177.602,121.272,-5.10686,-112.601,73.4628,-11.4439,179.302,
22.0685,17.8146,44.6842,-7.37837,98.6558,-2.18232,-86.6543,76.5873,7.32846,-162.36,80.8412,-2.60476,177.602,121.272,-5.10686,-112.601,73.4628,-11.4439,179.302,
22.4785,12.6369,36.875,-10.8527,98.1366,-2.8071,-86.7188,75.6581,8.11086,-161.927,85.4997,-2.57856,175.835,112.533,-1.2212,-112.668,74.647,-10.9526,179.138,
22.4785,12.6369,36.875,-10.8527,98.1366,-2.8071,-86.7188,75.6581,8.11086,-161.927,85.4997,-2.57856,175.835,112.533,-1.2212,-112.668,74.647,-10.9526,179.138,
22.5463,9.38536,37.3124,-10.9766,97.767,-3.42917,-86.2737,75.2207,8.30445,-162.18,88.3816,-2.39392,174.7,112.533,-1.2212,-112.668,77.405,-10.017,178.604,
22.5463,9.38536,37.3124,-10.9766,97.767,-3.42917,-86.2737,75.2207,8.30445,-162.18,88.3816,-2.39392,174.7,112.533,-1.2212,-112.668,77.405,-10.017,178.604,
21.3329,8.17194,20.4998,-7.77305,96.5536,-3.60634,-86.2494,75.2207,8.30445,-162.18,88.3816,-2.39392,174.7,95.7204,5.55499,-112.112,80.6086,-9.02488,178.001,
21.3329,8.17194,20.4998,-7.77305,96.5536,-3.60634,-86.2494,75.2207,8.30445,-162.18,88.3816,-2.39392,174.7,95.7204,5.55499,-112.112,80.6086,-9.02488,178.001,
20.389,-2.5856,7.94602,-14.9642,95.9521,-4.66338,-87.2889,75.5631,4.91853,-167.174,98.5377,-1.95699,170.587,83.5091,11.3581,-110.498,83.5735,-7.93694,177.188,
20.389,-2.5856,7.94602,-14.9642,95.9521,-4.66338,-87.2889,75.5631,4.91853,-167.174,98.5377,-1.95699,170.587,83.5091,11.3581,-110.498,83.5735,-7.93694,177.188,
19.7709,-2.33944,7.08172,-14.9642,96.1983,-4.79519,-87.5662,76.4274,4.79145,-167.171,98.5377,-1.95699,170.587,83.5091,11.3581,-110.498,83.5735,-7.93694,177.188,
19.7709,-2.33944,7.08172,-14.9642,96.1983,-4.79519,-87.5662,76.4274,4.79145,-167.171,98.5377,-1.95699,170.587,83.5091,11.3581,-110.498,83.5735,-7.93694,177.188,
19.1266,-6.22871,0.0282095,-16.5098,96.5323,-4.95546,-88.2459,77.4057,5.12489,-166.55,102.761,-1.44536,169.472,77.4339,14.7567,-110.576,86.2512,-6.86462,176.308,
19.1266,-6.22871,0.0282095,-16.5098,96.5323,-4.95546,-88.2459,77.4057,5.12489,-166.55,102.761,-1.44536,169.472,77.4339,14.7567,-110.576,86.2512,-6.86462,176.308,
20.0933,-6.1091,-16.1639,-13.9007,96.6519,-4.72695,-88.7352,76.5586,6.0451,-166.629,102.761,-1.44536,169.472,60.3947,21.9986,-116.631,88.8603,-5.61128,175.493,
20.0933,-6.1091,-16.1639,-13.9007,96.6519,-4.72695,-88.7352,76.5586,6.0451,-166.629,102.761,-1.44536,169.472,60.3947,21.9986,-116.631,88.8603,-5.61128,175.493,
26.8479,-7.97303,-12.0151,-12.4054,96.8223,-4.51555,-88.7778,69.9744,6.16525,-169.543,104.795,-0.654713,169.635,57.9593,22.432,-118.92,92.39,-3.93517,175.055,
26.8479,-7.97303,-12.0151,-12.4054,96.8223,-4.51555,-88.7778,69.9744,6.16525,-169.543,104.795,-0.654713,169.635,57.9593,22.432,-118.92,92.39,-3.93517,175.055,
28.973,-7.55603,-5.36086,-12.3188,97.1527,-4.31645,-88.572,68.1797,5.32653,-170.794,104.709,-0.309865,169.496,62.8188,22.5783,-116.755,92.39,-3.93517,175.055,
28.973,-7.55603,-5.36086,-12.3188,97.1527,-4.31645,-88.572,68.1797,5.32653,-170.794,104.709,-0.309865,169.496,62.8188,22.5783,-116.755,92.39,-3.93517,175.055,
29.4055,-5.29367,-2.01606,-5.8945,97.5851,-3.88589,-88.4427,68.1797,5.32653,-170.794,102.879,0.346559,169.444,66.1636,22.4612,-115.413,96.9843,-1.57101,174.76,
29.4055,-5.29367,-2.01606,-5.8945,97.5851,-3.88589,-88.4427,68.1797,5.32653,-170.794,102.879,0.346559,169.444,66.1636,22.4612,-115.413,96.9843,-1.57101,174.76,
29.8504,-4.84876,1.8312,-1.1521,98.0301,-3.69035,-88.7798,68.1797,5.32653,-170.794,102.879,0.346559,169.444,70.0109,21.1323,-116.534,101.727,1.41955,172.573,
29.8504,-4.84876,1.8312,-1.1521,98.0301,-3.69035,-88.7798,68.1797,5.32653,-170.794,102.879,0.346559,169.444,70.0109,21.1323,-116.534,101.727,1.41955,172.573,
21.8045,2.07862,-3.79173,7.74424,98.1778,-3.709,-88.8752,76.3733,6.12257,-167.883,96.0992,1.8125,168.994,72.5815,19.6531,-116.429,103.843,3.37422,170.504,
21.8045,2.07862,-3.79173,7.74424,98.1778,-3.709,-88.8752,76.3733,6.12257,-167.883,96.0992,1.8125,168.994,72.5815,19.6531,-116.429,103.843,3.37422,170.504,
20.6435,8.03233,1.52906,16.1749,98.1366,-4.11961,-87.7898,77.493,3.77103,-176.259,90.1042,2.70559,158.666,79.0221,18.3273,-113.983,106.279,5.719,167.661,
20.6435,8.03233,1.52906,16.1749,98.1366,-4.11961,-87.7898,77.493,3.77103,-176.259,90.1042,2.70559,158.666,79.0221,18.3273,-113.983,106.279,5.719,167.661,
19.5948,6.98357,1.52906,22.6041,97.0878,-4.9098,-86.5468,77.493,3.77103,-176.259,90.1042,2.70559,158.666,79.0221,18.3273,-113.983,112.708,10.6569,163.314,
19.5948,6.98357,1.52906,22.6041,97.0878,-4.9098,-86.5468,77.493,3.77103,-176.259,90.1042,2.70559,158.666,79.0221,18.3273,-113.983,112.708,10.6569,163.314,
13.1827,9.3692,2.97203,28.9007,97.3287,-4.95253,-88.0566,84.1459,6.87272,-172.581,87.9595,0.338077,158.426,87.118,14.7029,-115.22,116.86,12.9447,160.794,
13.1827,9.3692,2.97203,28.9007,97.3287,-4.95253,-88.0566,84.1459,6.87272,-172.581,87.9595,0.338077,158.426,87.118,14.7029,-115.22,116.86,12.9447,160.794,
12.4381,15.5299,2.32873,32.0239,98.6409,-5.081,-88.7101,86.2029,6.23238,-172.567,83.1111,-1.0889,162.15,88.5316,14.3305,-114.515,115.135,12.1486,161.517,
12.4381,15.5299,2.32873,32.0239,98.6409,-5.081,-88.7101,86.2029,6.23238,-172.567,83.1111,-1.0889,162.15,88.5316,14.3305,-114.515,115.135,12.1486,161.517,
6.33798,16.0869,-0.966541,34.2239,96.998,-5.94343,-87.9559,90.6601,6.27474,-170.471,80.9111,-2.16759,163.012,89.6935,14.134,-114.109,115.135,12.1486,161.517,
6.33798,16.0869,-0.966541,34.2239,96.998,-5.94343,-87.9559,90.6601,6.27474,-170.471,80.9111,-2.16759,163.012,89.6935,14.134,-114.109,115.135,12.1486,161.517,
6.54979,18.5984,-0.966541,36.5236,97.2099,-5.82828,-88.1382,90.6601,6.27474,-170.471,78.6115,-3.38498,163.45,89.6935,14.134,-114.109,115.135,12.1486,161.517,
6.54979,18.5984,-0.966541,36.5236,97.2099,-5.82828,-88.1382,90.6601,6.27474,-170.471,78.6115,-3.38498,163.45,89.6935,14.134,-114.109,115.135,12.1486,161.517,
2.19019,23.1475,-3.18071,24.4735,97.4709,-4.86401,-89.369,95.2807,6.39981,-168.838,74.3234,-5.98074,164.491,92.1,13.5072,-113.617,98.7969,3.02181,171.43,
2.19019,23.1475,-3.18071,24.4735,97.4709,-4.86401,-89.369,95.2807,6.39981,-168.838,74.3234,-5.98074,164.491,92.1,13.5072,-113.617,98.7969,3.02181,171.43,
-5.0216,29.0293,-8.40017,25.047,97.4239,-4.48893,-89.2121,102.446,5.93304,-164.117,68.3946,-6.37339,170.011,94.0454,12.6843,-113.382,93.4417,0.978762,174.366,
-5.0216,29.0293,-8.40017,25.047,97.4239,-4.48893,-89.2121,102.446,5.93304,-164.117,68.3946,-6.37339,170.011,94.0454,12.6843,-113.382,93.4417,0.978762,174.366,
-7.59409,30.6929,-11.2119,26.4714,97.6632,-4.05872,-88.0063,105.257,5.45376,-161.828,66.9703,-5.37698,172.247,94.0454,12.6843,-113.382,93.4417,0.978762,174.366,
-7.59409,30.6929,-11.2119,26.4714,97.6632,-4.05872,-88.0063,105.257,5.45376,-161.828,66.9703,-5.37698,172.247,94.0454,12.6843,-113.382,93.4417,0.978762,174.366,
-6.14166,32.1454,-9.4499,0.187166,99.1156,-3.46588,-87.8788,105.257,5.45376,-161.828,66.9703,-5.37698,172.247,95.8074,12.1624,-113.413,67.1574,-6.79809,178.969,
-6.14166,32.1454,-9.4499,0.187166,99.1156,-3.46588,-87.8788,105.257,5.45376,-161.828,66.9703,-5.37698,172.247,95.8074,12.1624,-113.413,67.1574,-6.79809,178.969,
-12.1669,34.0048,-13.6637,-5.20841,99.7722,-3.23588,-87.725,111.939,4.82037,-158.472,65.7674,-2.0975,177.16,98.2754,11.0607,-113.766,60.559,-9.64888,179.61,
-12.1669,34.0048,-13.6637,-5.20841,99.7722,-3.23588,-87.725,111.939,4.82037,-158.472,65.7674,-2.0975,177.16,98.2754,11.0607,-113.766,60.559,-9.64888,179.61,
-14.9057,36.5147,-15.2934,-9.63748,100.086,-3.42355,-86.8506,114.992,4.90967,-158.19,63.5717,-1.4481,178.897,99.6988,10.3301,-114.008,53.9343,-11.4834,-178.01,
-14.9057,36.5147,-15.2934,-9.63748,100.086,-3.42355,-86.8506,114.992,4.90967,-158.19,63.5717,-1.4481,178.897,99.6988,10.3301,-114.008,53.9343,-11.4834,-178.01,
-14.3135,39.9197,-13.9373,-7.00476,100.859,-3.5853,-85.591,115.172,5.04293,-157.9,60.939,-1.0042,-179.647,101.235,9.57091,-114.162,53.9343,-11.4834,-178.01,
-14.3135,39.9197,-13.9373,-7.00476,100.859,-3.5853,-85.591,115.172,5.04293,-157.9,60.939,-1.0042,-179.647,101.235,9.57091,-114.162,53.9343,-11.4834,-178.01,
-13.7484,45.5223,-9.63827,-13.3581,101.424,-3.82089,-84.6023,115.172,5.04293,-157.9,55.9015,-0.701131,-178.33,105.534,7.66389,-114.642,42.5434,-13.1236,-171.695,
-13.7484,45.5223,-9.63827,-13.3581,101.424,-3.82089,-84.6023,115.172,5.04293,-157.9,55.9015,-0.701131,-178.33,105.534,7.66389,-114.642,42.5434,-13.1236,-171.695,
-13.252,46.0226,-1.01481,-6.26291,101.185,-4.42778,-83.4657,114.437,4.6365,-156.633,55.1623,-0.782096,-178.327,113.422,4.31963,-115.706,48.8994,-14.7823,-174.927,
-13.252,46.0226,-1.01481,-6.26291,101.185,-4.42778,-83.4657,114.437,4.6365,-156.633,55.1623,-0.782096,-178.327,113.422,4.31963,-115.706,48.8994,-14.7823,-174.927,
-7.37647,42.0864,7.41254,-10.3584,101.344,-4.85854,-82.6685,108.721,3.87209,-157.129,59.2578,-0.980433,-178.534,116.133,2.72262,-115.053,48.8994,-14.7823,-174.927,
-7.37647,42.0864,7.41254,-10.3584,101.344,-4.85854,-82.6685,108.721,3.87209,-157.129,59.2578,-0.980433,-178.534,116.133,2.72262,-115.053,48.8994,-14.7823,-174.927,
-3.09093,40.2119,11.6133,-12.3178,101.429,-4.44309,-82.7208,104.52,3.1119,-158.662,61.2172,-1.49986,-178.754,116.133,2.72262,-115.053,48.8994,-14.7823,-174.927,
-3.09093,40.2119,11.6133,-12.3178,101.429,-4.44309,-82.7208,104.52,3.1119,-158.662,61.2172,-1.49986,-178.754,116.133,2.72262,-115.053,48.8994,-14.7823,-174.927,
-4.91994,38.3829,19.8662,0.573978,99.6001,-4.33697,-82.9828,104.52,3.1119,-158.662,61.2172,-1.49986,-178.754,124.386,-6.51025,-109.38,61.7912,-10.3657,-176.909,
-4.91994,38.3829,19.8662,0.573978,99.6001,-4.33697,-82.9828,104.52,3.1119,-158.662,61.2172,-1.49986,-178.754,124.386,-6.51025,-109.38,61.7912,-10.3657,-176.909,
-0.574669,37.7775,24.2115,3.30631,99.6001,-4.33697,-82.9828,100.175,1.26081,-156.641,61.8225,1.24753,-173.626,124.386,-6.51025,-109.38,65.1288,-10.6627,-178.004,
-0.574669,37.7775,24.2115,3.30631,99.6001,-4.33697,-82.9828,100.175,1.26081,-156.641,61.8225,1.24753,-173.626,124.386,-6.51025,-109.38,65.1288,-10.6627,-178.004,
6.30397,33.8849,37.1151,-0.280148,101.508,-4.40014,-83.0673,95.2036,1.672,-150.672,67.6227,-2.34079,-178.456,132.319,-12.7269,-108.465,67.3425,-10.0411,-177.676,
6.30397,33.8849,37.1151,-0.280148,101.508,-4.40014,-83.0673,95.2036,1.672,-150.672,67.6227,-2.34079,-178.456,132.319,-12.7269,-108.465,67.3425,-10.0411,-177.676,
8.126,31.3758,39.4894,2.17361,100.955,-3.34535,-84.08,92.8293,2.28227,-153.51,69.5795,-3.04943,-179.078,132.319,-12.7269,-108.465,71.7531,-9.42321,-179.841,
8.126,31.3758,39.4894,2.17361,100.955,-3.34535,-84.08,92.8293,2.28227,-153.51,69.5795,-3.04943,-179.078,132.319,-12.7269,-108.465,71.7531,-9.42321,-179.841,
4.88812,28.1379,34.9963,5.72773,97.7174,-4.05726,-84.6562,92.8293,2.28227,-153.51,69.5795,-3.04943,-179.078,127.826,-10.4844,-108.245,75.3073,-8.28946,179.639,
4.88812,28.1379,34.9963,5.72773,97.7174,-4.05726,-84.6562,92.8293,2.28227,-153.51,69.5795,-3.04943,-179.078,127.826,-10.4844,-108.245,75.3073,-8.28946,179.639,
15.3545,19.6543,39.1461,-0.804231,98.3317,-4.44483,-85.8942,82.9771,4.20628,-158.591,78.6774,-2.59735,-179.742,122.123,-7.36122,-107.963,77.8732,-7.08313,-178.671,
15.3545,19.6543,39.1461,-0.804231,98.3317,-4.44483,-85.8942,82.9771,4.20628,-158.591,78.6774,-2.59735,-179.742,122.123,-7.36122,-107.963,77.8732,-7.08313,-178.671,
17.5789,17.7791,37.2521,-2.92124,98.5735,-4.53563,-85.414,80.9946,5.05707,-158.312,80.7944,-2.5112,-179.781,118.247,-5.00054,-108.311,77.8732,-7.08313,-178.671,
17.5789,17.7791,37.2521,-2.92124,98.5735,-4.53563,-85.414,80.9946,5.05707,-158.312,80.7944,-2.5112,-179.781,118.247,-5.00054,-108.311,77.8732,-7.08313,-178.671,
17.3566,14.4084,38.195,-5.12671,97.4083,-4.94371,-85.2091,80.0517,5.76444,-158.116,82.9999,-2.5495,179.783,118.247,-5.00054,-108.311,77.8732,-7.08313,-178.671,
17.3566,14.4084,38.195,-5.12671,97.4083,-4.94371,-85.2091,80.0517,5.76444,-158.116,82.9999,-2.5495,179.783,118.247,-5.00054,-108.311,77.8732,-7.08313,-178.671,
17.5034,9.06119,24.2208,-5.32553,96.3907,-5.60921,-85.3131,78.8872,6.09847,-159.361,87.3295,-2.38505,179.512,103.108,2.92999,-109.735,82.004,-6.12607,-178.692,
17.5034,9.06119,24.2208,-5.32553,96.3907,-5.60921,-85.3131,78.8872,6.09847,-159.361,87.3295,-2.38505,179.512,103.108,2.92999,-109.735,82.004,-6.12607,-178.692,
17.4797,4.6967,11.9976,-8.04895,96.4117,-6.06286,-85.8887,78.9319,5.30996,-162.284,91.715,-1.88128,178.424,90.9296,8.35651,-109.784,83.666,-5.81343,-179.276,
17.4797,4.6967,11.9976,-8.04895,96.4117,-6.06286,-85.8887,78.9319,5.30996,-162.284,91.715,-1.88128,178.424,90.9296,8.35651,-109.784,83.666,-5.81343,-179.276,
16.506,-1.03741,4.33005,-14.0188,96.6474,-6.2776,-86.5269,80.1414,4.86496,-164.143,97.6848,-0.710963,175.078,84.4714,11.355,-110.151,83.666,-5.81343,-179.276,
16.506,-1.03741,4.33005,-14.0188,96.6474,-6.2776,-86.5269,80.1414,4.86496,-164.143,97.6848,-0.710963,175.078,84.4714,11.355,-110.151,83.666,-5.81343,-179.276,
16.7807,-0.762703,-8.62527,-12.4492,96.9221,-6.27741,-87.2199,80.1414,4.86496,-164.143,97.6848,-0.710963,175.078,71.5161,17.3978,-113.15,85.2356,-5.35073,179.618,
16.7807,-0.762703,-8.62527,-12.4492,96.9221,-6.27741,-87.2199,80.1414,4.86496,-164.143,97.6848,-0.710963,175.078,71.5161,17.3978,-113.15,85.2356,-5.35073,179.618,
18.4869,-5.81557,-19.5843,-14.4638,97.4332,-6.12748,-87.3646,78.9462,5.0202,-166.77,103.249,-0.125333,173.494,59.362,20.9957,-119.194,88.785,-4.18671,178.42,
18.4869,-5.81557,-19.5843,-14.4638,97.4332,-6.12748,-87.3646,78.9462,5.0202,-166.77,103.249,-0.125333,173.494,59.362,20.9957,-119.194,88.785,-4.18671,178.42,
22.9944,-6.8754,-19.3333,-14.5493,97.9191,-5.85224,-87.3324,74.9246,4.45897,-169.247,104.794,-0.161146,172.942,55.5913,21.5604,-121.984,90.2452,-3.60793,178.086,
22.9944,-6.8754,-19.3333,-14.5493,97.9191,-5.85224,-87.3324,74.9246,4.45897,-169.247,104.794,-0.161146,172.942,55.5913,21.5604,-121.984,90.2452,-3.60793,178.086,
27.8046,-7.39838,-14.5232,-15.0723,97.9191,-5.85224,-87.3324,70.1144,3.69098,-172.275,105.317,0.0228648,172.652,55.5913,21.5604,-121.984,90.2452,-3.60793,178.086,
27.8046,-7.39838,-14.5232,-15.0723,97.9191,-5.85224,-87.3324,70.1144,3.69098,-172.275,105.317,0.0228648,172.652,55.5913,21.5604,-121.984,90.2452,-3.60793,178.086,
30.2266,-6.40549,-4.30519,-8.17279,98.6267,-5.21021,-87.7618,68.4,2.99723,-174.242,105.032,0.266759,172.497,64.0949,21.5533,-117.909,96.8594,-0.64596,177.746,
30.2266,-6.40549,-4.30519,-8.17279,98.6267,-5.21021,-87.7618,68.4,2.99723,-174.242,105.032,0.266759,172.497,64.0949,21.5533,-117.909,96.8594,-0.64596,177.746,
27.9237,-1.59558,-1.6848,1.43428,98.7713,-5.3133,-87.2128,70.8475,3.30466,-170.972,100.367,1.46637,172.501,69.1627,20.9701,-116.09,101.801,1.99158,175.227,
27.9237,-1.59558,-1.6848,1.43428,98.7713,-5.3133,-87.2128,70.8475,3.30466,-170.972,100.367,1.46637,172.501,69.1627,20.9701,-116.09,101.801,1.99158,175.227,
23.1141,5.10757,-0.280927,10.7431,98.3919,-5.82877,-86.1262,75.2779,3.07393,-170.949,93.2844,4.18411,165.262,74.9969,18.5663,-114.808,104.027,3.84539,172.633,
23.1141,5.10757,-0.280927,10.7431,98.3919,-5.82877,-86.1262,75.2779,3.07393,-170.949,93.2844,4.18411,165.262,74.9969,18.5663,-114.808,104.027,3.84539,172.633,
21.4586,4.61325,-0.387939,11.7972,96.8435,-6.46811,-85.6661,75.3849,1.10952,-175.791,92.2303,4.38747,160.544,74.9969,18.5663,-114.808,104.027,3.84539,172.633,
21.4586,4.61325,-0.387939,11.7972,96.8435,-6.46811,-85.6661,75.3849,1.10952,-175.791,92.2303,4.38747,160.544,74.9969,18.5663,-114.808,104.027,3.84539,172.633,
21.3324,4.48702,8.79401,22.5424,96.7173,-5.67071,-89.0133,75.3849,1.10952,-175.791,92.2303,4.38747,160.544,84.1789,16.0664,-114.408,114.773,13.4485,161.203,
21.3324,4.48702,8.79401,22.5424,96.7173,-5.67071,-89.0133,75.3849,1.10952,-175.791,92.2303,4.38747,160.544,84.1789,16.0664,-114.408,114.773,13.4485,161.203,
17.5065,5.33003,4.12512,22.5424,97.5603,-5.76778,-90.6795,80.0538,3.34212,-173.753,92.2303,4.38747,160.544,84.1789,16.0664,-114.408,114.773,13.4485,161.203,
17.5065,5.33003,4.12512,22.5424,97.5603,-5.76778,-90.6795,80.0538,3.34212,-173.753,92.2303,4.38747,160.544,84.1789,16.0664,-114.408,114.773,13.4485,161.203,
12.4402,13.8038,3.6136,31.4039,98.4018,-6.66906,-89.8565,85.9616,4.30765,-171.11,84.598,0.540254,160.909,89.5751,13.6601,-114.216,116.002,13.802,158.932,
12.4402,13.8038,3.6136,31.4039,98.4018,-6.66906,-89.8565,85.9616,4.30765,-171.11,84.598,0.540254,160.909,89.5751,13.6601,-114.216,116.002,13.802,158.932,
9.81559,15.2017,1.55383,29.4595,97.8369,-7.17462,-88.8487,88.0213,3.92743,-171.218,82.6352,-0.741966,161.266,89.5751,13.6601,-114.216,112.095,11.9147,160.767,
9.81559,15.2017,1.55383,29.4595,97.8369,-7.17462,-88.8487,88.0213,3.92743,-171.218,82.6352,-0.741966,161.266,89.5751,13.6601,-114.216,112.095,11.9147,160.767,
9.67389,15.06,3.92108,24.4865,97.6952,-6.78332,-88.5907,88.0213,3.92743,-171.218,82.6352,-0.741966,161.266,91.9424,12.7436,-115.237,107.122,8.08018,164.359,
9.67389,15.06,3.92108,24.4865,97.6952,-6.78332,-88.5907,88.0213,3.92743,-171.218,82.6352,-0.741966,161.266,91.9424,12.7436,-115.237,107.122,8.08018,164.359,
0.497382,18.8853,-4.38738,25.1135,97.4161,-6.23863,-90.5487,96.9187,3.46775,-168.861,78.5308,-3.70047,161.82,92.5313,12.5756,-115.578,103.644,5.57593,167.378,
0.497382,18.8853,-4.38738,25.1135,97.4161,-6.23863,-90.5487,96.9187,3.46775,-168.861,78.5308,-3.70047,161.82,92.5313,12.5756,-115.578,103.644,5.57593,167.378,
-1.79709,27.8963,-5.60438,29.7212,97.4777,-6.07962,-90.4752,99.2747,3.5385,-168.005,69.5814,-5.35763,168.674,93.6704,12.1418,-116.511,99.3026,3.11548,170.628,
-1.79709,27.8963,-5.60438,29.7212,97.4777,-6.07962,-90.4752,99.2747,3.5385,-168.005,69.5814,-5.35763,168.674,93.6704,12.1418,-116.511,99.3026,3.11548,170.628,
-4.02239,27.9407,-7.87411,29.7212,97.5221,-5.93,-90.2412,101.544,3.48203,-166.839,69.5814,-5.35763,168.674,93.6704,12.1418,-116.511,99.3026,3.11548,170.628,
-4.02239,27.9407,-7.87411,29.7212,97.5221,-5.93,-90.2412,101.544,3.48203,-166.839,69.5814,-5.35763,168.674,93.6704,12.1418,-116.511,99.3026,3.11548,170.628,
-3.5251,28.438,-5.91944,12.7202,98.0194,-5.71385,-89.5731,101.544,3.48203,-166.839,69.5814,-5.35763,168.674,95.625,11.4254,-116.184,82.3016,-2.699,176.747,
-3.5251,28.438,-5.91944,12.7202,98.0194,-5.71385,-89.5731,101.544,3.48203,-166.839,69.5814,-5.35763,168.674,95.625,11.4254,-116.184,82.3016,-2.699,176.747,
-13.7362,32.9054,-15.069,-2.60575,98.6343,-5.31849,-87.9145,112.37,1.72095,-158.641,65.729,-2.45995,174.371,97.3015,10.7545,-115.62,63.1232,-9.81814,177.602,
-13.7362,32.9054,-15.069,-2.60575,98.6343,-5.31849,-87.9145,112.37,1.72095,-158.641,65.729,-2.45995,174.371,97.3015,10.7545,-115.62,63.1232,-9.81814,177.602,
-14.6434,33.9065,-15.136,-1.92785,98.9575,-5.33259,-87.0661,113.601,1.8884,-158.665,65.0511,-2.33864,175.142,98.465,10.1821,-115.489,63.1232,-9.81814,177.602,
-14.6434,33.9065,-15.136,-1.92785,98.9575,-5.33259,-87.0661,113.601,1.8884,-158.665,65.0511,-2.33864,175.142,98.465,10.1821,-115.489,63.1232,-9.81814,177.602,
-14.4038,35.8053,-12.955,-13.6242,99.6994,-5.53198,-86.3222,114.103,2.19747,-159.201,63.8941,-2.67692,175.501,101.148,8.84711,-115.26,50.2699,-13.876,-178.74,
-14.4038,35.8053,-12.955,-13.6242,99.6994,-5.53198,-86.3222,114.103,2.19747,-159.201,63.8941,-2.67692,175.501,101.148,8.84711,-115.26,50.2699,-13.876,-178.74,
-13.6878,36.5214,-9.34943,-23.2753,100.415,-5.91756,-85.0942,114.103,2.19747,-159.201,63.8941,-2.67692,175.501,104.754,7.01679,-115.408,40.6188,-15.3383,-174.924,
-13.6878,36.5214,-9.34943,-23.2753,100.415,-5.91756,-85.0942,114.103,2.19747,-159.201,63.8941,-2.67692,175.501,104.754,7.01679,-115.408,40.6188,-15.3383,-174.924,
-14.1888,49.3101,-7.66442,-9.42169,100.499,-6.39697,-83.862,114.688,2.16149,-157.341,51.1888,-0.926797,179.996,107.023,6.01636,-115.836,41.7671,-15.4588,-174.562,
-14.1888,49.3101,-7.66442,-9.42169,100.499,-6.39697,-83.862,114.688,2.16149,-157.341,51.1888,-0.926797,179.996,107.023,6.01636,-115.836,41.7671,-15.4588,-174.562,
-13.6315,47.0204,-7.09836,-11.7027,100.49,-6.56402,-83.4723,114.122,1.97056,-157.172,53.4697,-0.920969,179.894,107.023,6.01636,-115.836,41.7671,-15.4588,-174.562,
-13.6315,47.0204,-7.09836,-11.7027,100.49,-6.56402,-83.4723,114.122,1.97056,-157.172,53.4697,-0.920969,179.894,107.023,6.01636,-115.836,41.7671,-15.4588,-174.562,
-11.8113,43.4676,-0.106247,-6.44863,100.325,-7.01734,-82.5574,112.136,1.71003,-157.055,56.8573,-0.836466,179.59,112.03,3.79714,-116.338,50.4086,-15.2152,-177.633,
-11.8113,43.4676,-0.106247,-6.44863,100.325,-7.01734,-82.5574,112.136,1.71003,-157.055,56.8573,-0.836466,179.59,112.03,3.79714,-116.338,50.4086,-15.2152,-177.633,
-5.4042,37.3432,13.6372,-6.26364,100.197,-6.60087,-83.2864,105.601,0.71882,-159.333,62.8534,-1.36122,179.44,119.238,-3.0481,-112.597,56.5897,-14.3988,179.266,
-5.4042,37.3432,13.6372,-6.26364,100.197,-6.60087,-83.2864,105.601,0.71882,-159.333,62.8534,-1.36122,179.44,119.238,-3.0481,-112.597,56.5897,-14.3988,179.266,
-2.40791,33.944,20.5079,-5.47036,99.0773,-6.50207,-83.3937,101.485,-1.03833,-156.734,65.1333,0.486365,-178.159,121.993,-7.1162,-109.71,59.6629,-14.1619,178.056,
-2.40791,33.944,20.5079,-5.47036,99.0773,-6.50207,-83.3937,101.485,-1.03833,-156.734,65.1333,0.486365,-178.159,121.993,-7.1162,-109.71,59.6629,-14.1619,178.056,
2.44252,30.5219,27.9665,-10.1052,100.29,-6.45472,-82.9,97.8474,-1.59411,-150.842,69.7681,-1.40634,178.994,125.814,-10.1353,-108.355,59.6629,-14.1619,178.056,
2.44252,30.5219,27.9665,-10.1052,100.29,-6.45472,-82.9,97.8474,-1.59411,-150.842,69.7681,-1.40634,178.994,125.814,-10.1353,-108.355,59.6629,-14.1619,178.056,
3.31771,31.3971,30.7204,-1.45403,101.165,-5.71325,-83.6023,97.8474,-1.59411,-150.842,69.7681,-1.40634,178.994,128.568,-12.3412,-108.085,68.314,-12.7758,175.994,
3.31771,31.3971,30.7204,-1.45403,101.165,-5.71325,-83.6023,97.8474,-1.59411,-150.842,69.7681,-1.40634,178.994,128.568,-12.3412,-108.085,68.314,-12.7758,175.994,
2.75065,30.83,32.8084,-1.45403,100.598,-5.36516,-84.448,97.8474,-1.59411,-150.842,69.7681,-1.40634,178.994,130.656,-13.0077,-109.023,68.314,-12.7758,175.994,
2.75065,30.83,32.8084,-1.45403,100.598,-5.36516,-84.448,97.8474,-1.59411,-150.842,69.7681,-1.40634,178.994,130.656,-13.0077,-109.023,68.314,-12.7758,175.994,
8.00401,19.0514,36.0938,-7.7942,98.1691,-5.99954,-85.3447,90.1651,1.04951,-157.154,79.1177,-2.07182,177.588,126.259,-9.87575,-109.988,71.3235,-12.0688,174.655,
8.00401,19.0514,36.0938,-7.7942,98.1691,-5.99954,-85.3447,90.1651,1.04951,-157.154,79.1177,-2.07182,177.588,126.259,-9.87575,-109.988,71.3235,-12.0688,174.655,
10.5526,17.2245,38.3328,-9.93066,98.4787,-5.99271,-86.3536,87.9261,2.65764,-158.806,81.2542,-1.99721,177.183,126.259,-9.87575,-109.988,71.3235,-12.0688,174.655,
10.5526,17.2245,38.3328,-9.93066,98.4787,-5.99271,-86.3536,87.9261,2.65764,-158.806,81.2542,-1.99721,177.183,126.259,-9.87575,-109.988,71.3235,-12.0688,174.655,
10.0403,16.7122,33.2599,-5.79981,97.9664,-6.00905,-86.8251,87.9261,2.65764,-158.806,81.2542,-1.99721,177.183,121.186,-5.4451,-111.876,75.4544,-10.7456,175.015,
10.0403,16.7122,33.2599,-5.79981,97.9664,-6.00905,-86.8251,87.9261,2.65764,-158.806,81.2542,-1.99721,177.183,121.186,-5.4451,-111.876,75.4544,-10.7456,175.015,
10.0117,10.7663,27.3055,-8.94495,96.0308,-6.59406,-87.5956,86.0191,4.6466,-159.739,85.2645,-1.94844,175.789,113.325,-0.179954,-114.821,76.3196,-10.489,174.986,
10.0117,10.7663,27.3055,-8.94495,96.0308,-6.59406,-87.5956,86.0191,4.6466,-159.739,85.2645,-1.94844,175.789,113.325,-0.179954,-114.821,76.3196,-10.489,174.986,
13.7421,5.58335,21.3686,-13.0983,95.8062,-6.95808,-88.5492,82.0641,5.72448,-165.475,90.2228,-1.58599,173.093,103.433,4.2613,-116.249,77.1245,-10.2436,174.989,
13.7421,5.58335,21.3686,-13.0983,95.8062,-6.95808,-88.5492,82.0641,5.72448,-165.475,90.2228,-1.58599,173.093,103.433,4.2613,-116.249,77.1245,-10.2436,174.989,
15.906,4.47148,22.6417,-15.1011,96.6971,-7.29982,-90.875,80.791,5.57863,-167.79,92.2256,-1.23624,171.764,103.433,4.2613,-116.249,77.1245,-10.2436,174.989,
15.906,4.47148,22.6417,-15.1011,96.6971,-7.29982,-90.875,80.791,5.57863,-167.79,92.2256,-1.23624,171.764,103.433,4.2613,-116.249,77.1245,-10.2436,174.989,
15.906,4.47148,17.2486,-13.3332,96.6971,-7.29982,-90.875,80.791,5.57863,-167.79,92.2256,-1.23624,171.764,98.0396,6.47728,-116.528,78.8924,-9.94509,174.497,
15.906,4.47148,17.2486,-13.3332,96.6971,-7.29982,-90.875,80.791,5.57863,-167.79,92.2256,-1.23624,171.764,98.0396,6.47728,-116.528,78.8924,-9.94509,174.497,
14.7233,-1.68719,-1.45366,-16.6855,96.7506,-7.45794,-92.1102,82.0273,5.22629,-169.648,98.4378,-0.358822,168.624,80.5737,14.0426,-118.131,81.7523,-9.09078,173.53,
14.7233,-1.68719,-1.45366,-16.6855,96.7506,-7.45794,-92.1102,82.0273,5.22629,-169.648,98.4378,-0.358822,168.624,80.5737,14.0426,-118.131,81.7523,-9.09078,173.53,
15.2712,-5.76875,-13.9849,-20.4693,97.6349,-7.15029,-93.6901,82.3637,5.64266,-169.087,103.404,-0.0738356,167.331,68.3787,18.913,-121.84,82.9344,-8.71698,173.241,
15.2712,-5.76875,-13.9849,-20.4693,97.6349,-7.15029,-93.6901,82.3637,5.64266,-169.087,103.404,-0.0738356,167.331,68.3787,18.913,-121.84,82.9344,-8.71698,173.241,
16.4269,-6.23773,-13.3537,-18.9326,98.1594,-6.82929,-94.531,81.7324,5.98442,-169.362,104.397,0.146054,166.825,68.3787,18.913,-121.84,85.4645,-7.73851,172.566,
16.4269,-6.23773,-13.3537,-18.9326,98.1594,-6.82929,-94.531,81.7324,5.98442,-169.362,104.397,0.146054,166.825,68.3787,18.913,-121.84,85.4645,-7.73851,172.566,
16.6757,-5.98899,-26.2224,-15.9003,98.4081,-6.23931,-95.2195,81.7324,5.98442,-169.362,104.397,0.146054,166.825,55.5101,23.8105,-125.368,88.4968,-6.5053,171.902,
16.6757,-5.98899,-26.2224,-15.9003,98.4081,-6.23931,-95.2195,81.7324,5.98442,-169.362,104.397,0.146054,166.825,55.5101,23.8105,-125.368,88.4968,-6.5053,171.902,
27.629,-8.12046,-13.7898,-14.0051,98.4142,-5.73854,-95.8846,70.7852,5.38715,-177.472,106.535,0.65411,164.94,56.9954,24.0394,-124.633,92.5295,-4.71687,171.629,
27.629,-8.12046,-13.7898,-14.0051,98.4142,-5.73854,-95.8846,70.7852,5.38715,-177.472,106.535,0.65411,164.94,56.9954,24.0394,-124.633,92.5295,-4.71687,171.629,
26.3152,-8.18167,-10.6386,-14.0051,98.353,-5.60914,-96.2141,72.0378,5.67483,-175.297,106.535,0.65411,164.94,61.3992,24.297,-122.101,92.5295,-4.71687,171.629,
26.3152,-8.18167,-10.6386,-14.0051,98.353,-5.60914,-96.2141,72.0378,5.67483,-175.297,106.535,0.65411,164.94,61.3992,24.297,-122.101,92.5295,-4.71687,171.629,
23.9338,-3.84895,-9.34592,-5.04558,98.1346,-5.74463,-95.3411,74.2009,5.91527,-172.491,101.984,1.79905,164.501,64.855,24.3861,-120.113,96.938,-2.56847,170.575,
23.9338,-3.84895,-9.34592,-5.04558,98.1346,-5.74463,-95.3411,74.2009,5.91527,-172.491,101.984,1.79905,164.501,64.855,24.3861,-120.113,96.938,-2.56847,170.575,
17.8973,-4.43422,-9.00851,-0.66082,97.5494,-6.33369,-93.9824,79.6521,5.45401,-173.531,101.984,1.79905,164.501,70.6436,20.8512,-121.183,101.323,0.525192,167.117,
17.8973,-4.43422,-9.00851,-0.66082,97.5494,-6.33369,-93.9824,79.6521,5.45401,-173.531,101.984,1.79905,164.501,70.6436,20.8512,-121.183,101.323,0.525192,167.117,
20.4468,4.01097,-0.114757,13.3973,96.6147,-6.60791,-94.0854,76.1679,2.42669,176.736,92.6037,5.36877,157.448,76.0531,19.2005,-119.613,106.001,4.68455,161.719,
20.4468,4.01097,-0.114757,13.3973,96.6147,-6.60791,-94.0854,76.1679,2.42669,176.736,92.6037,5.36877,157.448,76.0531,19.2005,-119.613,106.001,4.68455,161.719,
19.6972,6.37685,1.27728,14.7929,97.5849,-6.29318,-96.4678,77.8878,1.90823,176.022,91.2081,5.70906,153.35,79.165,19.0906,-118.664,106.001,4.68455,161.719,
19.6972,6.37685,1.27728,14.7929,97.5849,-6.29318,-96.4678,77.8878,1.90823,176.022,91.2081,5.70906,153.35,79.165,19.0906,-118.664,106.001,4.68455,161.719,
18.1845,8.55608,0.991076,21.9588,98.3145,-7.3362,-96.0715,80.13,3.93292,179.243,89.7584,5.4425,150.69,81.1211,18.0392,-119.905,111.717,9.47753,156.979,
18.1845,8.55608,0.991076,21.9588,98.3145,-7.3362,-96.0715,80.13,3.93292,179.243,89.7584,5.4425,150.69,81.1211,18.0392,-119.905,111.717,9.47753,156.979,
12.9995,8.27892,-0.168656,25.1951,98.0374,-7.65598,-95.6237,85.0379,5.94173,-177.931,89.7584,5.4425,150.69,84.8692,15.5048,-119.835,114.954,12.4111,154.105,
12.9995,8.27892,-0.168656,25.1951,98.0374,-7.65598,-95.6237,85.0379,5.94173,-177.931,89.7584,5.4425,150.69,84.8692,15.5048,-119.835,114.954,12.4111,154.105,
9.70746,8.49558,-0.273407,25.9652,97.6728,-7.43348,-95.2259,87.9653,5.50355,-175.892,89.1772,3.73822,150.677,87.6919,15.1963,-118.283,115.142,12.2128,153.377,
9.70746,8.49558,-0.273407,25.9652,97.6728,-7.43348,-95.2259,87.9653,5.50355,-175.892,89.1772,3.73822,150.677,87.6919,15.1963,-118.283,115.142,12.2128,153.377,
6.7465,14.7158,-1.21906,32.0617,96.6034,-7.19435,-95.54,89.8569,5.7606,-174.202,81.8876,0.235972,155.326,88.6378,15.0602,-117.976,113.949,11.6522,153.889,
6.7465,14.7158,-1.21906,32.0617,96.6034,-7.19435,-95.54,89.8569,5.7606,-174.202,81.8876,0.235972,155.326,88.6378,15.0602,-117.976,113.949,11.6522,153.889,
4.06063,13.9953,-1.59113,27.6212,95.883,-7.27459,-94.8695,91.8224,5.90797,-173.541,81.8876,0.235972,155.326,90.2312,14.6378,-117.396,109.509,9.39122,155.772,
4.06063,13.9953,-1.59113,27.6212,95.883,-7.27459,-94.8695,91.8224,5.90797,-173.541,81.8876,0.235972,155.326,90.2312,14.6378,-117.396,109.509,9.39122,155.772,
0.59665,17.5886,-3.30413,21.9352,95.5865,-7.14896,-93.9929,94.9899,6.07935,-172.523,77.9979,-2.22421,156.743,91.6857,14.0306,-118.099,99.9332,4.34613,162.94,
0.59665,17.5886,-3.30413,21.9352,95.5865,-7.14896,-93.9929,94.9899,6.07935,-172.523,77.9979,-2.22421,156.743,91.6857,14.0306,-118.099,99.9332,4.34613,162.94,
-3.41007,22.2545,-7.08446,21.5694,96.1889,-6.40146,-93.4188,99.599,5.94421,-168.556,73.9344,-3.34184,160.465,92.5145,13.7079,-118.64,95.5038,2.5324,166.354,
-3.41007,22.2545,-7.08446,21.5694,96.1889,-6.40146,-93.4188,99.599,5.94421,-168.556,73.9344,-3.34184,160.465,92.5145,13.7079,-118.64,95.5038,2.5324,166.354,
-5.15997,26.3803,-8.04627,25.5824,96.3017,-6.21171,-92.5444,101.462,6.1375,-166.773,69.9213,-2.02608,165.952,93.4154,13.4175,-119.128,95.5038,2.5324,166.354,
-5.15997,26.3803,-8.04627,25.5824,96.3017,-6.21171,-92.5444,101.462,6.1375,-166.773,69.9213,-2.02608,165.952,93.4154,13.4175,-119.128,95.5038,2.5324,166.354,
-5.30043,26.2399,-8.04627,15.0075,96.1612,-6.23891,-91.6659,101.462,6.1375,-166.773,69.9213,-2.02608,165.952,93.4154,13.4175,-119.128,84.9289,-0.286724,172.88,
-5.30043,26.2399,-8.04627,15.0075,96.1612,-6.23891,-91.6659,101.462,6.1375,-166.773,69.9213,-2.02608,165.952,93.4154,13.4175,-119.128,84.9289,-0.286724,172.88,
-10.2005,30.4161,-10.3087,1.70456,96.3895,-6.19709,-90.0311,106.59,6.01313,-163.248,65.9734,0.0604648,171.319,96.2813,12.1025,-120.304,67.678,-3.39263,178.219,
-10.2005,30.4161,-10.3087,1.70456,96.3895,-6.19709,-90.0311,106.59,6.01313,-163.248,65.9734,0.0604648,171.319,96.2813,12.1025,-120.304,67.678,-3.39263,178.219,
-14.3947,33.3045,-12.7036,-1.23875,96.5527,-6.19766,-89.4661,110.947,5.94916,-163.054,63.2481,1.73182,174.536,98.2438,11.3939,-120.712,62.0094,-4.70788,178.973,
-14.3947,33.3045,-12.7036,-1.23875,96.5527,-6.19766,-89.4661,110.947,5.94916,-163.054,63.2481,1.73182,174.536,98.2438,11.3939,-120.712,62.0094,-4.70788,178.973,
-15.2021,35.1907,-12.5349,0.642535,96.5575,-6.48492,-88.8467,111.76,5.64234,-162.832,61.3668,1.711,174.819,99.2247,11.1529,-120.838,62.0094,-4.70788,178.973,
-15.2021,35.1907,-12.5349,0.642535,96.5575,-6.48492,-88.8467,111.76,5.64234,-162.832,61.3668,1.711,174.819,99.2247,11.1529,-120.838,62.0094,-4.70788,178.973,
-14.9253,35.4675,-10.5427,-19.9215,96.8344,-6.93598,-87.6604,111.76,5.64234,-162.832,61.3668,1.711,174.819,101.217,10.3932,-120.789,41.4454,-10.8226,-175.76,
-14.9253,35.4675,-10.5427,-19.9215,96.8344,-6.93598,-87.6604,111.76,5.64234,-162.832,61.3668,1.711,174.819,101.217,10.3932,-120.789,41.4454,-10.8226,-175.76,
-16.669,41.8343,-10.479,-18.1077,97.3814,-7.59517,-85.6578,114.05,5.00143,-160.488,55.5471,1.74871,176.787,103.571,9.49814,-120.504,37.4394,-12.1097,-174.779,
-16.669,41.8343,-10.479,-18.1077,97.3814,-7.59517,-85.6578,114.05,5.00143,-160.488,55.5471,1.74871,176.787,103.571,9.49814,-120.504,37.4394,-12.1097,-174.779,
-16.4769,45.0829,-9.15089,-17.3887,97.5734,-7.7836,-85.1589,114.05,5.00143,-160.488,52.4906,1.36864,177.853,104.899,8.90956,-120.326,35.1019,-14.2357,-175.042,
-16.4769,45.0829,-9.15089,-17.3887,97.5734,-7.7836,-85.1589,114.05,5.00143,-160.488,52.4906,1.36864,177.853,104.899,8.90956,-120.326,35.1019,-14.2357,-175.042,
-16.2943,48.3675,-8.15671,-14.6725,98.1419,-8.21428,-83.699,114.436,4.786,-159.348,49.7744,1.50195,178.829,106.28,8.21344,-120.183,35.1019,-14.2357,-175.042,
-16.2943,48.3675,-8.15671,-14.6725,98.1419,-8.21428,-83.699,114.436,4.786,-159.348,49.7744,1.50195,178.829,106.28,8.21344,-120.183,35.1019,-14.2357,-175.042,
-15.907,48.7031,-2.65352,-7.03508,98.4775,-8.57148,-82.2492,114.385,4.66138,-158.565,49.7744,1.50195,178.829,111.731,5.78057,-120.038,42.7393,-15.7673,-177.522,
-15.907,48.7031,-2.65352,-7.03508,98.4775,-8.57148,-82.2492,114.385,4.66138,-158.565,49.7744,1.50195,178.829,111.731,5.78057,-120.038,42.7393,-15.7673,-177.522,
-7.26065,39.9088,8.17145,-12.2684,98.5828,-8.45941,-81.6705,105.843,3.22231,-158.886,58.674,3.14588,-178.265,114.015,4.64406,-119.514,46.4056,-12.6707,-175.976,
-7.26065,39.9088,8.17145,-12.2684,98.5828,-8.45941,-81.6705,105.843,3.22231,-158.886,58.674,3.14588,-178.265,114.015,4.64406,-119.514,46.4056,-12.6707,-175.976,
-6.54399,39.506,14.4774,-11.7544,97.666,-8.08256,-79.8886,104.21,2.28271,-157.696,58.16,4.27074,-177.292,118.687,1.43351,-117.371,46.4056,-12.6707,-175.976,
-6.54399,39.506,14.4774,-11.7544,97.666,-8.08256,-79.8886,104.21,2.28271,-157.696,58.16,4.27074,-177.292,118.687,1.43351,-117.371,46.4056,-12.6707,-175.976,
-5.41923,38.0314,15.6359,-8.45138,97.6323,-8.11591,-76.9424,103.052,1.22235,-155.482,59.6009,6.1293,-175.487,118.687,1.43351,-117.371,51.1495,-10.6325,-175.472,
-5.41923,38.0314,15.6359,-8.45138,97.6323,-8.11591,-76.9424,103.052,1.22235,-155.482,59.6009,6.1293,-175.487,118.687,1.43351,-117.371,51.1495,-10.6325,-175.472,
-4.63824,38.8124,21.3689,-3.18068,98.4133,-7.49709,-76.7473,103.052,1.22235,-155.482,59.6009,6.1293,-175.487,124.42,-7.66349,-108.855,56.4202,-12.4694,-177.861,
-4.63824,38.8124,21.3689,-3.18068,98.4133,-7.49709,-76.7473,103.052,1.22235,-155.482,59.6009,6.1293,-175.487,124.42,-7.66349,-108.855,56.4202,-12.4694,-177.861,
-1.37203,38.98,24.4676,-1.33669,98.5809,-7.18189,-77.567,99.9529,-0.65767,-149.612,59.6009,6.1293,-175.487,124.42,-7.66349,-108.855,58.2642,-11.9615,-177.718,
-1.37203,38.98,24.4676,-1.33669,98.5809,-7.18189,-77.567,99.9529,-0.65767,-149.612,59.6009,6.1293,-175.487,124.42,-7.66349,-108.855,58.2642,-11.9615,-177.718,
1.44458,30.4033,31.8642,-7.88015,98.2065,-7.3808,-78.4705,96.7619,0.188853,-148.164,67.8032,0.591736,179.915,128.626,-11.2361,-106.916,59.9231,-11.6962,-178.492,
1.44458,30.4033,31.8642,-7.88015,98.2065,-7.3808,-78.4705,96.7619,0.188853,-148.164,67.8032,0.591736,179.915,128.626,-11.2361,-106.916,59.9231,-11.6962,-178.492,
3.48828,29.5215,34.5179,-6.0709,98.3508,-7.51565,-79.0159,94.8625,0.586416,-149.952,68.8293,1.05869,-179.177,129.38,-12.2254,-106.089,62.7584,-10.7211,-179.35,
3.48828,29.5215,34.5179,-6.0709,98.3508,-7.51565,-79.0159,94.8625,0.586416,-149.952,68.8293,1.05869,-179.177,129.38,-12.2254,-106.089,62.7584,-10.7211,-179.35,
4.27593,30.3091,31.6172,-3.58808,99.1384,-7.18522,-79.1084,94.8625,0.586416,-149.952,68.8293,1.05869,-179.177,126.48,-11.2621,-104.712,65.2412,-9.6197,-177.464,
4.27593,30.3091,31.6172,-3.58808,99.1384,-7.18522,-79.1084,94.8625,0.586416,-149.952,68.8293,1.05869,-179.177,126.48,-11.2621,-104.712,65.2412,-9.6197,-177.464,
9.33088,24.5123,32.8268,-8.20262,98.5558,-7.76651,-78.6285,89.2249,2.12043,-152.575,74.0434,1.37175,-177.01,122.052,-8.64249,-104.765,65.8408,-9.41593,-177.148,
9.33088,24.5123,32.8268,-8.20262,98.5558,-7.76651,-78.6285,89.2249,2.12043,-152.575,74.0434,1.37175,-177.01,122.052,-8.64249,-104.765,65.8408,-9.41593,-177.148,
