3.04721,13.5818,-7.57479,16.107,99.1806,8.55462,146.83,96.1334,0.383737,78.4305,85.5988,-6.9543,32.6521,88.5586,7.9433,136.94,101.706,-16.1226,14.3152,
3.04721,13.5818,-7.57479,16.107,99.1806,8.55462,146.83,96.1334,0.383737,78.4305,85.5988,-6.9543,32.6521,88.5586,7.9433,136.94,101.706,-16.1226,14.3152,
1.72944,10.5505,-8.28275,12.6969,98.0872,8.6969,143.383,96.3578,0.299544,77.8655,87.5367,-6.9255,29.1953,88.075,8.4311,135.821,100.234,-14.8473,9.34258,
1.72944,10.5505,-8.28275,12.6969,98.0872,8.6969,143.383,96.3578,0.299544,77.8655,87.5367,-6.9255,29.1953,88.075,8.4311,135.821,100.234,-14.8473,9.34258,
1.46879,8.397,-8.3846,10.8041,97.8266,8.69025,140.215,96.3578,0.299544,77.8655,89.4296,-7.39492,26.2635,87.9732,8.53345,135.277,100.234,-14.8473,9.34258,
1.46879,8.397,-8.3846,10.8041,97.8266,8.69025,140.215,96.3578,0.299544,77.8655,89.4296,-7.39492,26.2635,87.9732,8.53345,135.277,100.234,-14.8473,9.34258,
0.807865,7.23064,-9.09149,8.47424,97.7885,8.60563,138.931,96.9806,0.342057,75.6019,90.5578,-7.68196,24.9552,87.8891,8.56142,134.702,99.0321,-14.9597,9.90444,
0.807865,7.23064,-9.09149,8.47424,97.7885,8.60563,138.931,96.9806,0.342057,75.6019,90.5578,-7.68196,24.9552,87.8891,8.56142,134.702,99.0321,-14.9597,9.90444,
0.599551,6.23904,-9.29977,3.47425,97.7369,8.28024,135.91,97.1373,0.332651,74.7475,91.4978,-7.74441,24.1544,87.8376,8.56515,134.171,94.9721,-17.1733,12.0072,
0.599551,6.23904,-9.29977,3.47425,97.7369,8.28024,135.91,97.1373,0.332651,74.7475,91.4978,-7.74441,24.1544,87.8376,8.56515,134.171,94.9721,-17.1733,12.0072,
0.576656,6.33557,-9.49152,0.871005,97.8334,8.21419,134.955,97.2568,0.283946,73.985,91.4978,-7.74441,24.1544,87.7652,8.5464,133.672,92.3689,-17.8238,15.0343,
0.576656,6.33557,-9.49152,0.871005,97.8334,8.21419,134.955,97.2568,0.283946,73.985,91.4978,-7.74441,24.1544,87.7652,8.5464,133.672,92.3689,-17.8238,15.0343,
0.539613,6.83576,-9.89695,0.38283,97.9073,8.18775,134.491,97.3677,-0.0589241,72.4602,91.0715,-8.13742,25.7748,87.4707,8.28271,132.757,91.4544,-17.8422,15.97,
0.539613,6.83576,-9.89695,0.38283,97.9073,8.18775,134.491,97.3677,-0.0589241,72.4602,91.0715,-8.13742,25.7748,87.4707,8.28271,132.757,91.4544,-17.8422,15.97,
1.04136,8.45363,-10.1954,1.06398,98.2582,8.04316,132.967,97.2168,-0.932972,71.5117,89.8046,-8.58404,29.7638,87.0214,7.96878,132.236,90.8686,-17.8021,16.2531,
1.04136,8.45363,-10.1954,1.06398,98.2582,8.04316,132.967,97.2168,-0.932972,71.5117,89.8046,-8.58404,29.7638,87.0214,7.96878,132.236,90.8686,-17.8021,16.2531,
1.48597,8.44975,-10.0876,-0.367625,98.595,8.06497,131.888,97.109,-1.18762,71.5326,90.1453,-8.43906,28.7477,87.0214,7.96878,132.236,89.7776,-17.5159,16.2194,
1.48597,8.44975,-10.0876,-0.367625,98.595,8.06497,131.888,97.109,-1.18762,71.5326,90.1453,-8.43906,28.7477,87.0214,7.96878,132.236,89.7776,-17.5159,16.2194,
1.95127,7.83301,-10.6751,-2.57587,99.0603,8.04581,130.431,97.109,-1.18762,71.5326,91.2273,-8.76409,26.1443,86.434,7.72321,132.147,88.6514,-17.5335,16.0357,
1.95127,7.83301,-10.6751,-2.57587,99.0603,8.04581,130.431,97.109,-1.18762,71.5326,91.2273,-8.76409,26.1443,86.434,7.72321,132.147,88.6514,-17.5335,16.0357,
2.71095,7.69278,-10.7065,-3.93674,99.4768,7.75997,130.079,96.7658,-1.60317,71.9016,91.784,-9.5424,25.3581,86.0594,7.44866,132.013,87.8473,-17.5374,15.6624,
2.71095,7.69278,-10.7065,-3.93674,99.4768,7.75997,130.079,96.7658,-1.60317,71.9016,91.784,-9.5424,25.3581,86.0594,7.44866,132.013,87.8473,-17.5374,15.6624,
3.74898,8.60603,-10.3723,-3.62749,100.081,7.46754,130.058,96.3318,-1.94856,72.2127,91.4748,-9.88092,26.396,85.9596,7.20675,131.873,87.8473,-17.5374,15.6624,
3.74898,8.60603,-10.3723,-3.62749,100.081,7.46754,130.058,96.3318,-1.94856,72.2127,91.4748,-9.88092,26.396,85.9596,7.20675,131.873,87.8473,-17.5374,15.6624,
4.22841,8.99364,-10.2804,-3.62749,100.468,7.35122,129.966,96.24,-2.18497,72.2035,91.4748,-9.88092,26.396,85.9596,7.20675,131.873,87.8473,-17.5374,15.6624,
4.22841,8.99364,-10.2804,-3.62749,100.468,7.35122,129.966,96.24,-2.18497,72.2035,91.4748,-9.88092,26.396,85.9596,7.20675,131.873,87.8473,-17.5374,15.6624,
4.86432,9.48275,-10.3079,-4.20684,100.96,7.15513,129.545,96.0959,-2.3991,72.1091,91.4774,-9.99066,26.9078,85.788,6.65937,131.52,87.2706,-16.8925,15.4569,
4.86432,9.48275,-10.3079,-4.20684,100.96,7.15513,129.545,96.0959,-2.3991,72.1091,91.4774,-9.99066,26.9078,85.788,6.65937,131.52,87.2706,-16.8925,15.4569,
5.90169,8.14718,-9.77324,-6.30024,101.363,6.69177,128.711,95.4616,-2.75056,71.6504,93.2162,-10.4884,25.6075,85.6884,5.49393,131.346,86.9159,-16.5976,15.9849,
5.90169,8.14718,-9.77324,-6.30024,101.363,6.69177,128.711,95.4616,-2.75056,71.6504,93.2162,-10.4884,25.6075,85.6884,5.49393,131.346,86.9159,-16.5976,15.9849,
8.34962,7.55268,-7.79681,-6.97427,101.443,6.21399,127.831,93.0932,-3.04897,70.5572,93.8902,-10.6081,24.9958,85.2964,5.09576,133.352,86.9159,-16.5976,15.9849,
8.34962,7.55268,-7.79681,-6.97427,101.443,6.21399,127.831,93.0932,-3.04897,70.5572,93.8902,-10.6081,24.9958,85.2964,5.09576,133.352,86.9159,-16.5976,15.9849,
9.70757,7.58251,-6.49388,-7.47114,101.473,5.91459,127.079,91.7651,-3.06573,69.5075,93.8902,-10.6081,24.9958,85.2712,4.46868,135.467,86.419,-17.0937,16.0199,
9.70757,7.58251,-6.49388,-7.47114,101.473,5.91459,127.079,91.7651,-3.06573,69.5075,93.8902,-10.6081,24.9958,85.2712,4.46868,135.467,86.419,-17.0937,16.0199,
13.1264,5.67758,-0.91502,-9.27232,101.226,5.18783,124.861,88.0996,-2.68355,67.1146,95.5485,-10.9923,34.1169,87.1846,1.78658,137.874,86.2762,-17.3255,16.1434,
13.1264,5.67758,-0.91502,-9.27232,101.226,5.18783,124.861,88.0996,-2.68355,67.1146,95.5485,-10.9923,34.1169,87.1846,1.78658,137.874,86.2762,-17.3255,16.1434,
13.1264,4.21834,-0.91502,-10.8257,101.226,5.18783,124.861,88.0996,-2.68355,67.1146,97.0077,-11.5471,32.3645,87.1846,1.78658,137.874,86.182,-17.6036,16.2639,
13.1264,4.21834,-0.91502,-10.8257,101.226,5.18783,124.861,88.0996,-2.68355,67.1146,97.0077,-11.5471,32.3645,87.1846,1.78658,137.874,86.182,-17.6036,16.2639,
17.1075,3.57147,4.24315,-11.4726,101.226,5.18783,124.861,84.1186,-1.56561,62.1449,97.6546,-11.9316,31.6147,88.3617,1.17158,137.7,86.182,-17.6036,16.2639,
17.1075,3.57147,4.24315,-11.4726,101.226,5.18783,124.861,84.1186,-1.56561,62.1449,97.6546,-11.9316,31.6147,88.3617,1.17158,137.7,86.182,-17.6036,16.2639,
17.0427,2.94795,7.83309,-12.0447,101.226,5.18783,124.861,84.1833,-0.189795,60.34,98.2781,-12.4463,30.9848,92.0164,-0.607897,132.624,86.2334,-18.0753,16.3345,
17.0427,2.94795,7.83309,-12.0447,101.226,5.18783,124.861,84.1833,-0.189795,60.34,98.2781,-12.4463,30.9848,92.0164,-0.607897,132.624,86.2334,-18.0753,16.3345,
17.1928,2.14248,14.9906,-13.2515,101.376,5.02673,123.659,84.1833,-0.189795,60.34,99.2336,-13.1128,30.1361,99.1739,0.342396,110.898,85.9821,-18.2495,16.1899,
17.1928,2.14248,14.9906,-13.2515,101.376,5.02673,123.659,84.1833,-0.189795,60.34,99.2336,-13.1128,30.1361,99.1739,0.342396,110.898,85.9821,-18.2495,16.1899,
21.0932,-1.51171,20.6739,-16.0602,100.375,3.06142,112.792,79.2816,3.90258,42.2036,101.887,-13.3817,25.4248,99.9555,2.18147,100.458,85.8263,-18.3103,16.0347,
21.0932,-1.51171,20.6739,-16.0602,100.375,3.06142,112.792,79.2816,3.90258,42.2036,101.887,-13.3817,25.4248,99.9555,2.18147,100.458,85.8263,-18.3103,16.0347,
22.8685,-1.59659,22.534,-16.4696,100.29,2.84887,112.202,77.4215,4.03603,38.2334,101.887,-13.3817,25.4248,99.9555,2.18147,100.458,85.417,-18.5076,14.8137,
22.8685,-1.59659,22.534,-16.4696,100.29,2.84887,112.202,77.4215,4.03603,38.2334,101.887,-13.3817,25.4248,99.9555,2.18147,100.458,85.417,-18.5076,14.8137,
22.9409,-1.52416,21.5757,-16.5788,100.362,2.51279,110.876,77.4215,4.03603,38.2334,101.887,-13.3817,25.4248,98.9972,3.00312,97.6892,85.3078,-18.5091,14.2304,
22.9409,-1.52416,21.5757,-16.5788,100.362,2.51279,110.876,77.4215,4.03603,38.2334,101.887,-13.3817,25.4248,98.9972,3.00312,97.6892,85.3078,-18.5091,14.2304,
26.7532,-2.83246,20.8925,-18.4351,100.74,2.2012,107.993,73.9869,4.05523,31.0186,103.573,-13.3818,21.3632,94.8794,5.5393,93.8541,85.1374,-18.5513,13.1015,
26.7532,-2.83246,20.8925,-18.4351,100.74,2.2012,107.993,73.9869,4.05523,31.0186,103.573,-13.3818,21.3632,94.8794,5.5393,93.8541,85.1374,-18.5513,13.1015,
30.9661,-3.40559,17.0891,-19.136,100.868,1.85518,104.911,69.9017,3.16596,23.8103,104.273,-13.1832,18.6654,86.9908,10.1126,86.5256,85.1374,-18.5513,13.1015,
30.9661,-3.40559,17.0891,-19.136,100.868,1.85518,104.911,69.9017,3.16596,23.8103,104.273,-13.1832,18.6654,86.9908,10.1126,86.5256,85.1374,-18.5513,13.1015,
31.0944,-4.36676,17.6164,-19.1694,100.469,1.28366,101.311,69.3744,3.08033,22.9215,104.836,-13.2068,16.8637,86.9908,10.1126,86.5256,85.6662,-18.44,12.4839,
31.0944,-4.36676,17.6164,-19.1694,100.469,1.28366,101.311,69.3744,3.08033,22.9215,104.836,-13.2068,16.8637,86.9908,10.1126,86.5256,85.6662,-18.44,12.4839,
30.6242,-6.88773,7.83253,-20.2137,99.9986,1.01361,99.0352,69.3744,3.08033,22.9215,106.886,-13.0783,13.8179,77.207,14.4115,75.2984,86.6726,-17.714,12.9147,
30.6242,-6.88773,7.83253,-20.2137,99.9986,1.01361,99.0352,69.3744,3.08033,22.9215,106.886,-13.0783,13.8179,77.207,14.4115,75.2984,86.6726,-17.714,12.9147,
29.621,-8.35226,0.277184,-20.6309,99.6728,0.915756,96.4351,70.0518,3.10072,19.6998,108.025,-12.816,11.1784,70.329,16.2003,69.3845,87.3942,-17.3943,13.1771,
29.621,-8.35226,0.277184,-20.6309,99.6728,0.915756,96.4351,70.0518,3.10072,19.6998,108.025,-12.816,11.1784,70.329,16.2003,69.3845,87.3942,-17.3943,13.1771,
28.3285,-8.58605,-4.16605,-20.9016,99.7097,0.829479,94.1923,71.3813,3.15876,16.7215,108.296,-12.8341,9.91875,67.2152,16.7963,66.839,87.3942,-17.3943,13.1771,
28.3285,-8.58605,-4.16605,-20.9016,99.7097,0.829479,94.1923,71.3813,3.15876,16.7215,108.296,-12.8341,9.91875,67.2152,16.7963,66.839,87.3942,-17.3943,13.1771,
29.0634,-8.55877,-6.31425,-18.4406,99.737,0.804391,93.7101,70.6736,2.57557,15.0857,108.296,-12.8341,9.91875,64.3593,17.1932,64.3721,89.8552,-16.3875,13.4588,
29.0634,-8.55877,-6.31425,-18.4406,99.737,0.804391,93.7101,70.6736,2.57557,15.0857,108.296,-12.8341,9.91875,64.3593,17.1932,64.3721,89.8552,-16.3875,13.4588,
28.6429,-10.2968,-9.20697,-15.559,99.3165,0.875381,91.618,70.6736,2.57557,15.0857,109.613,-12.9613,7.54888,61.4666,17.8661,60.9315,94.0543,-14.0511,13.3239,
28.6429,-10.2968,-9.20697,-15.559,99.3165,0.875381,91.618,70.6736,2.57557,15.0857,109.613,-12.9613,7.54888,61.4666,17.8661,60.9315,94.0543,-14.0511,13.3239,
31.7551,-11.2808,-5.0365,-14.9719,99.0678,0.992992,90.2233,67.3127,-0.164541,9.79165,110.349,-12.4634,5.88734,62.2763,17.8164,60.6682,95.3768,-13.3047,13.1513,
31.7551,-11.2808,-5.0365,-14.9719,99.0678,0.992992,90.2233,67.3127,-0.164541,9.79165,110.349,-12.4634,5.88734,62.2763,17.8164,60.6682,95.3768,-13.3047,13.1513,
31.2108,-11.4701,-3.87035,-14.9821,98.8887,0.813667,89.564,67.678,-0.151446,9.68456,110.359,-12.1358,5.30071,63.8076,17.5757,60.7387,95.3768,-13.3047,13.1513,
31.2108,-11.4701,-3.87035,-14.9821,98.8887,0.813667,89.564,67.678,-0.151446,9.68456,110.359,-12.1358,5.30071,63.8076,17.5757,60.7387,95.3768,-13.3047,13.1513,
30.5019,-11.5252,1.49305,-9.58932,98.8336,0.741685,89.436,68.3318,0.196226,9.95731,110.359,-12.1358,5.30071,69.8248,17.0859,61.5696,100.77,-10.2556,11.7901,
30.5019,-11.5252,1.49305,-9.58932,98.8336,0.741685,89.436,68.3318,0.196226,9.95731,110.359,-12.1358,5.30071,69.8248,17.0859,61.5696,100.77,-10.2556,11.7901,
30.0594,-9.15881,2.49044,-4.86527,98.3911,0.223032,89.1138,68.3318,0.196226,9.95731,107.55,-10.8944,5.32359,70.8222,16.5881,60.7577,102.685,-9.31073,10.6945,
30.0594,-9.15881,2.49044,-4.86527,98.3911,0.223032,89.1138,68.3318,0.196226,9.95731,107.55,-10.8944,5.32359,70.8222,16.5881,60.7577,102.685,-9.31073,10.6945,
30.087,-9.13113,2.49044,-4.86527,98.4188,0.00496896,89.1844,68.3318,0.196226,9.95731,107.55,-10.8944,5.32359,70.8222,16.5881,60.7577,102.685,-9.31073,10.6945,
30.087,-9.13113,2.49044,-4.86527,98.4188,0.00496896,89.1844,68.3318,0.196226,9.95731,107.55,-10.8944,5.32359,70.8222,16.5881,60.7577,102.685,-9.31073,10.6945,
24.6684,-1.68932,0.119163,3.9668,98.8979,-0.0165461,89.4535,74.2295,1.31153,7.59725,100.587,-10.1716,8.40374,74.3487,14.3038,60.3903,104.554,-8.11931,9.25169,
24.6684,-1.68932,0.119163,3.9668,98.8979,-0.0165461,89.4535,74.2295,1.31153,7.59725,100.587,-10.1716,8.40374,74.3487,14.3038,60.3903,104.554,-8.11931,9.25169,
23.5875,-1.72794,1.2264,13.9419,98.8592,-0.0615161,90.0338,75.2718,-0.220628,5.8951,100.587,-10.1716,8.40374,76.4982,14.2512,61.7744,114.529,-0.489287,0.317024,
23.5875,-1.72794,1.2264,13.9419,98.8592,-0.0615161,90.0338,75.2718,-0.220628,5.8951,100.587,-10.1716,8.40374,76.4982,14.2512,61.7744,114.529,-0.489287,0.317024,
24.2135,9.92118,7.66797,27.9545,99.4853,0.103781,89.6243,75.2718,-0.220628,5.8951,89.5641,-10.9818,3.02433,82.9398,14.7805,63.7975,117.519,1.68358,-1.20452,
24.2135,9.92118,7.66797,27.9545,99.4853,0.103781,89.6243,75.2718,-0.220628,5.8951,89.5641,-10.9818,3.02433,82.9398,14.7805,63.7975,117.519,1.68358,-1.20452,
17.9446,12.7775,4.86967,33.0547,99.2737,0.36515,88.2974,81.3291,3.23758,10.4955,86.4962,-11.7854,3.23663,86.1987,13.2417,63.7783,119.551,3.47887,-2.16783,
17.9446,12.7775,4.86967,33.0547,99.2737,0.36515,88.2974,81.3291,3.23758,10.4955,86.4962,-11.7854,3.23663,86.1987,13.2417,63.7783,119.551,3.47887,-2.16783,
16.4044,15.5902,4.06761,37.8164,98.5356,0.75907,87.7878,82.1311,3.21357,10.8223,82.9453,-12.1253,5.64177,86.1987,13.2417,63.7783,120.762,6.15833,-5.57124,
16.4044,15.5902,4.06761,37.8164,98.5356,0.75907,87.7878,82.1311,3.21357,10.8223,82.9453,-12.1253,5.64177,86.1987,13.2417,63.7783,120.762,6.15833,-5.57124,
14.5879,15.3143,5.28059,33.5215,98.2596,1.22285,87.6388,83.6718,3.22075,11.3734,82.9453,-12.1253,5.64177,88.9524,12.1137,63.3965,116.467,4.69917,-5.97298,
14.5879,15.3143,5.28059,33.5215,98.2596,1.22285,87.6388,83.6718,3.22075,11.3734,82.9453,-12.1253,5.64177,88.9524,12.1137,63.3965,116.467,4.69917,-5.97298,
10.4134,22.2538,3.62923,38.3387,97.868,1.68398,87.3746,87.4546,2.98852,12.0795,75.6142,-12.0655,12.3623,91.0838,11.3479,62.5716,113.953,3.12119,-4.9515,
10.4134,22.2538,3.62923,38.3387,97.868,1.68398,87.3746,87.4546,2.98852,12.0795,75.6142,-12.0655,12.3623,91.0838,11.3479,62.5716,113.953,3.12119,-4.9515,
5.93597,31.5643,1.70496,45.3176,97.0839,2.19182,86.8053,91.148,3.27163,14.3121,65.5196,-14.0632,16.6966,92.8529,11.0907,62.3038,110.837,1.13977,-3.48411,
5.93597,31.5643,1.70496,45.3176,97.0839,2.19182,86.8053,91.148,3.27163,14.3121,65.5196,-14.0632,16.6966,92.8529,11.0907,62.3038,110.837,1.13977,-3.48411,
4.52712,32.1512,-0.290783,36.9865,97.6708,2.64176,86.0048,93.1437,3.36096,15.8404,65.5196,-14.0632,16.6966,92.8529,11.0907,62.3038,102.506,-3.06066,0.632371,
4.52712,32.1512,-0.290783,36.9865,97.6708,2.64176,86.0048,93.1437,3.36096,15.8404,65.5196,-14.0632,16.6966,92.8529,11.0907,62.3038,102.506,-3.06066,0.632371,
2.59109,32.3506,-0.250115,25.9408,97.8702,2.7758,86.1108,95.2791,3.43887,17.2821,65.5196,-14.0632,16.6966,95.029,10.7206,61.1226,91.4604,-6.79441,4.71505,
2.59109,32.3506,-0.250115,25.9408,97.8702,2.7758,86.1108,95.2791,3.43887,17.2821,65.5196,-14.0632,16.6966,95.029,10.7206,61.1226,91.4604,-6.79441,4.71505,
-1.47284,35.0823,-3.26209,15.8702,98.1049,2.85615,87.14,99.5777,3.31062,19.9669,63.0225,-10.5582,23.0692,96.3156,10.3229,61.2595,78.8928,-10.228,6.09396,
-1.47284,35.0823,-3.26209,15.8702,98.1049,2.85615,87.14,99.5777,3.31062,19.9669,63.0225,-10.5582,23.0692,96.3156,10.3229,61.2595,78.8928,-10.228,6.09396,
-5.71301,33.9159,-7.37301,14.138,98.6706,2.89732,87.4782,104.384,3.34145,21.3134,64.7548,-9.63454,23.5782,97.0106,10.0789,61.481,78.8928,-10.228,6.09396,
-5.71301,33.9159,-7.37301,14.138,98.6706,2.89732,87.4782,104.384,3.34145,21.3134,64.7548,-9.63454,23.5782,97.0106,10.0789,61.481,78.8928,-10.228,6.09396,
-7.91299,34.2789,-9.93609,14.138,99.0337,2.77595,87.6107,106.947,3.35897,21.3639,64.7548,-9.63454,23.5782,97.0106,10.0789,61.481,78.8928,-10.228,6.09396,
-7.91299,34.2789,-9.93609,14.138,99.0337,2.77595,87.6107,106.947,3.35897,21.3639,64.7548,-9.63454,23.5782,97.0106,10.0789,61.481,78.8928,-10.228,6.09396,
-9.55977,31.6476,-9.16842,-19.0827,99.4373,2.37369,88.1429,108.997,3.32597,21.3511,67.7897,-9.43595,24.2107,99.8287,9.16948,62.2778,48.707,-19.8677,10.1504,
-9.55977,31.6476,-9.16842,-19.0827,99.4373,2.37369,88.1429,108.997,3.32597,21.3511,67.7897,-9.43595,24.2107,99.8287,9.16948,62.2778,48.707,-19.8677,10.1504,
-10.3702,34.7484,-7.80716,-20.3802,99.8828,1.82463,89.1767,110.253,3.64461,21.2435,65.1344,-8.08866,26.3098,102.446,7.95157,62.4107,44.7542,-20.9611,11.2527,
-10.3702,34.7484,-7.80716,-20.3802,99.8828,1.82463,89.1767,110.253,3.64461,21.2435,65.1344,-8.08866,26.3098,102.446,7.95157,62.4107,44.7542,-20.9611,11.2527,
-10.8616,35.6997,-6.83462,-19.4972,99.9511,1.7609,89.9759,110.813,3.74109,22.5787,64.2514,-8.60521,26.8953,103.978,7.21344,62.2959,44.7542,-20.9611,11.2527,
-10.8616,35.6997,-6.83462,-19.4972,99.9511,1.7609,89.9759,110.813,3.74109,22.5787,64.2514,-8.60521,26.8953,103.978,7.21344,62.2959,44.7542,-20.9611,11.2527,
-10.563,35.4356,-6.27187,-18.9124,99.687,1.86049,89.9364,110.25,3.79801,22.7712,64.2514,-8.60521,26.8953,103.978,7.21344,62.2959,45.339,-23.6975,9.46192,
-10.563,35.4356,-6.27187,-18.9124,99.687,1.86049,89.9364,110.25,3.79801,22.7712,64.2514,-8.60521,26.8953,103.978,7.21344,62.2959,45.339,-23.6975,9.46192,
-11.5846,31.2995,3.33583,-15.8273,98.6653,2.0137,89.9239,110.25,3.79801,22.7712,67.3658,-10.2931,24.5049,113.586,3.35224,61.5964,51.5386,-23.047,8.65224,
-11.5846,31.2995,3.33583,-15.8273,98.6653,2.0137,89.9239,110.25,3.79801,22.7712,67.3658,-10.2931,24.5049,113.586,3.35224,61.5964,51.5386,-23.047,8.65224,
-7.11521,24.7505,8.38994,-19.726,98.0806,1.88285,90.4599,105.196,3.26669,22.398,73.3302,-13.0367,20.5833,113.586,3.35224,61.5964,53.6041,-21.8415,8.04152,
-7.11521,24.7505,8.38994,-19.726,98.0806,1.88285,90.4599,105.196,3.26669,22.398,73.3302,-13.0367,20.5833,113.586,3.35224,61.5964,53.6041,-21.8415,8.04152,
1.87253,17.6151,22.1099,-26.9608,98.18,1.7238,91.0869,96.3075,0.786755,21.0101,80.5649,-12.2289,23.2789,118.417,-0.358298,64.0177,53.6041,-21.8415,8.04152,
1.87253,17.6151,22.1099,-26.9608,98.18,1.7238,91.0869,96.3075,0.786755,21.0101,80.5649,-12.2289,23.2789,118.417,-0.358298,64.0177,53.6041,-21.8415,8.04152,
3.86825,18.2273,25.5748,-22.898,98.7922,1.72301,91.466,94.9239,-0.0851469,24.9328,80.5649,-12.2289,23.2789,120.499,-3.82676,67.096,57.667,-19.4274,6.52676,
3.86825,18.2273,25.5748,-22.898,98.7922,1.72301,91.466,94.9239,-0.0851469,24.9328,80.5649,-12.2289,23.2789,120.499,-3.82676,67.096,57.667,-19.4274,6.52676,
3.72518,18.3757,34.5266,-15.4768,98.6491,2.10708,90.9056,94.9239,-0.0851469,24.9328,80.2735,-10.5747,24.2091,129.451,-12.8428,71.9103,64.7967,-21.0043,4.36485,
3.72518,18.3757,34.5266,-15.4768,98.6491,2.10708,90.9056,94.9239,-0.0851469,24.9328,80.2735,-10.5747,24.2091,129.451,-12.8428,71.9103,64.7967,-21.0043,4.36485,
8.85868,10.8165,41.3032,-20.9064,97.5951,2.16392,90.4331,88.7364,2.59967,29.4751,86.7785,-13.3704,20.4449,130.04,-13.2457,71.4739,65.8721,-20.2146,4.5137,
8.85868,10.8165,41.3032,-20.9064,97.5951,2.16392,90.4331,88.7364,2.59967,29.4751,86.7785,-13.3704,20.4449,130.04,-13.2457,71.4739,65.8721,-20.2146,4.5137,
11.1101,8.35572,45.4457,-22.6115,96.8393,1.80108,90.1538,85.7292,3.03662,26.5985,88.4836,-14.8221,19.3108,131.175,-13.745,71.0533,65.8721,-20.2146,4.5137,
11.1101,8.35572,45.4457,-22.6115,96.8393,1.80108,90.1538,85.7292,3.03662,26.5985,88.4836,-14.8221,19.3108,131.175,-13.745,71.0533,65.8721,-20.2146,4.5137,
12.4758,7.15436,44.6584,-16.254,95.638,0.993477,89.8597,83.1622,3.41931,24.4357,88.4836,-14.8221,19.3108,127.821,-10.4237,68.9478,72.2296,-19.0624,-0.197598,
12.4758,7.15436,44.6584,-16.254,95.638,0.993477,89.8597,83.1622,3.41931,24.4357,88.4836,-14.8221,19.3108,127.821,-10.4237,68.9478,72.2296,-19.0624,-0.197598,
12.2232,6.90177,42.6075,-15.3097,95.3854,0.845933,89.6313,83.1622,3.41931,24.4357,88.4836,-14.8221,19.3108,125.77,-8.39142,67.5864,73.1739,-18.3514,-0.0191179,
12.2232,6.90177,42.6075,-15.3097,95.3854,0.845933,89.6313,83.1622,3.41931,24.4357,88.4836,-14.8221,19.3108,125.77,-8.39142,67.5864,73.1739,-18.3514,-0.0191179,
19.0482,0.576777,47.6276,-19.7437,94.7246,0.636129,88.0541,75.6764,5.69079,19.2639,94.1479,-15.6506,13.1573,123.304,-5.99039,66.1216,74.4041,-17.8746,-0.407665,
19.0482,0.576777,47.6276,-19.7437,94.7246,0.636129,88.0541,75.6764,5.69079,19.2639,94.1479,-15.6506,13.1573,123.304,-5.99039,66.1216,74.4041,-17.8746,-0.407665,
20.1347,-0.0864539,45.0316,-20.5622,94.8799,-0.0276828,86.3566,74.7452,5.82712,17.8394,94.9663,-15.6754,13.2855,119.777,-3.66852,64.9801,74.4041,-17.8746,-0.407665,
20.1347,-0.0864539,45.0316,-20.5622,94.8799,-0.0276828,86.3566,74.7452,5.82712,17.8394,94.9663,-15.6754,13.2855,119.777,-3.66852,64.9801,74.4041,-17.8746,-0.407665,
21.2368,0.169383,41.7121,-15.4541,95.1357,-0.372222,85.8428,73.8989,5.44847,15.9473,94.9663,-15.6754,13.2855,115.611,-1.32805,63.9876,79.5122,-14.9706,-0.118644,
21.2368,0.169383,41.7121,-15.4541,95.1357,-0.372222,85.8428,73.8989,5.44847,15.9473,94.9663,-15.6754,13.2855,115.611,-1.32805,63.9876,79.5122,-14.9706,-0.118644,
21.7492,-3.94256,26.002,-18.7889,95.6482,-0.30486,84.7558,73.8989,5.44847,15.9473,99.5907,-15.1502,7.53748,99.901,5.09897,63.0096,80.8018,-14.3736,-0.325244,
21.7492,-3.94256,26.002,-18.7889,95.6482,-0.30486,84.7558,73.8989,5.44847,15.9473,99.5907,-15.1502,7.53748,99.901,5.09897,63.0096,80.8018,-14.3736,-0.325244,
23.5863,-4.94725,15.9508,-18.777,95.836,-0.275295,84.432,72.2497,2.62122,9.16344,100.783,-14.9217,6.74274,88.2005,10.1323,64.914,82.0062,-13.8041,-0.399003,
23.5863,-4.94725,15.9508,-18.777,95.836,-0.275295,84.432,72.2497,2.62122,9.16344,100.783,-14.9217,6.74274,88.2005,10.1323,64.914,82.0062,-13.8041,-0.399003,
23.317,-5.34681,15.0141,-19.844,96.5034,-0.254222,83.8152,73.1863,2.67135,9.53843,101.85,-14.7025,6.31314,88.2005,10.1323,64.914,82.0062,-13.8041,-0.399003,
23.317,-5.34681,15.0141,-19.844,96.5034,-0.254222,83.8152,73.1863,2.67135,9.53843,101.85,-14.7025,6.31314,88.2005,10.1323,64.914,82.0062,-13.8041,-0.399003,
23.3369,-6.49972,-3.38202,-19.6554,97.5427,0.226124,83.3308,74.2059,3.03322,10.5092,104.042,-14.2048,2.1466,70.8238,19.8435,64.1376,84.387,-12.6603,-0.43969,
23.3369,-6.49972,-3.38202,-19.6554,97.5427,0.226124,83.3308,74.2059,3.03322,10.5092,104.042,-14.2048,2.1466,70.8238,19.8435,64.1376,84.387,-12.6603,-0.43969,
22.667,-7.59466,-9.6534,-15.734,97.7764,0.492393,82.9834,75.1094,4.38831,12.0408,105.371,-13.9141,1.17321,65.456,21.9961,62.2262,89.6371,-10.2338,-1.57822,
22.667,-7.59466,-9.6534,-15.734,97.7764,0.492393,82.9834,75.1094,4.38831,12.0408,105.371,-13.9141,1.17321,65.456,21.9961,62.2262,89.6371,-10.2338,-1.57822,
30.2106,-7.84077,-8.55534,-16.0016,97.7979,0.695744,82.2386,67.5873,6.13579,8.49694,105.639,-13.8577,0.948281,59.0319,24.0787,59.0237,89.6371,-10.2338,-1.57822,
30.2106,-7.84077,-8.55534,-16.0016,97.7979,0.695744,82.2386,67.5873,6.13579,8.49694,105.639,-13.8577,0.948281,59.0319,24.0787,59.0237,89.6371,-10.2338,-1.57822,
32.0664,-7.89458,-6.89451,-10.3934,97.9929,0.879331,81.4126,65.9264,5.41078,7.7212,105.887,-13.6957,0.36964,59.0319,24.0787,59.0237,95.494,-7.36278,-2.20599,
32.0664,-7.89458,-6.89451,-10.3934,97.9929,0.879331,81.4126,65.9264,5.41078,7.7212,105.887,-13.6957,0.36964,59.0319,24.0787,59.0237,95.494,-7.36278,-2.20599,
31.7475,-8.35782,2.78868,-8.22307,97.6739,0.483156,82.8462,65.9264,5.41078,7.7212,106.032,-13.2486,-4.27136,68.7151,22.199,62.084,97.8086,-6.20992,-2.57148,
31.7475,-8.35782,2.78868,-8.22307,97.6739,0.483156,82.8462,65.9264,5.41078,7.7212,106.032,-13.2486,-4.27136,68.7151,22.199,62.084,97.8086,-6.20992,-2.57148,
27.6613,-5.9775,3.19372,-0.65039,97.3658,0.158669,83.6021,69.7046,5.04776,10.3421,103.343,-12.7064,-3.92216,72.8983,21.015,62.0623,102.693,-3.28185,-4.75744,
27.6613,-5.9775,3.19372,-0.65039,97.3658,0.158669,83.6021,69.7046,5.04776,10.3421,103.343,-12.7064,-3.92216,72.8983,21.015,62.0623,102.693,-3.28185,-4.75744,
23.0318,-3.6631,-0.997073,2.10269,96.9272,-0.0275598,83.7907,73.8954,4.78447,10.9221,100.59,-12.2329,-1.45201,72.8983,21.015,62.0623,102.693,-3.28185,-4.75744,
23.0318,-3.6631,-0.997073,2.10269,96.9272,-0.0275598,83.7907,73.8954,4.78447,10.9221,100.59,-12.2329,-1.45201,72.8983,21.015,62.0623,102.693,-3.28185,-4.75744,
23.094,0.611806,0.969178,10.331,97.3753,-0.261751,83.1789,74.2813,0.701259,2.18692,96.7634,-11.5605,1.32668,75.2505,19.5709,62.452,107.094,1.25755,-10.1452,
23.094,0.611806,0.969178,10.331,97.3753,-0.261751,83.1789,74.2813,0.701259,2.18692,96.7634,-11.5605,1.32668,75.2505,19.5709,62.452,107.094,1.25755,-10.1452,
23.9334,6.21815,8.38185,24.2884,98.2147,-0.451352,83.1874,74.2813,0.701259,2.18692,91.9966,-10.7729,-9.40412,82.6631,18.0327,64.8065,116.285,9.46582,-15.9603,
23.9334,6.21815,8.38185,24.2884,98.2147,-0.451352,83.1874,74.2813,0.701259,2.18692,91.9966,-10.7729,-9.40412,82.6631,18.0327,64.8065,116.285,9.46582,-15.9603,
19.6624,6.14163,6.11224,25.3436,98.1382,-0.791988,83.8195,78.4758,3.57764,6.73179,91.9966,-10.7729,-9.40412,84.588,17.29,64.573,117.34,10.3946,-15.9707,
19.6624,6.14163,6.11224,25.3436,98.1382,-0.791988,83.8195,78.4758,3.57764,6.73179,91.9966,-10.7729,-9.40412,84.588,17.29,64.573,117.34,10.3946,-15.9707,
13.1732,13.7624,3.69413,33.8645,97.2381,-1.50733,84.2281,84.0649,5.31908,8,83.4757,-13.3808,-12.8663,87.7591,15.7305,64.639,117.34,10.3946,-15.9707,
13.1732,13.7624,3.69413,33.8645,97.2381,-1.50733,84.2281,84.0649,5.31908,8,83.4757,-13.3808,-12.8663,87.7591,15.7305,64.639,117.34,10.3946,-15.9707,
11.436,17.9154,3.97566,36.0216,97.2599,-1.48837,84.4627,85.8239,5.13924,8.37534,79.3446,-13.1025,-8.36306,89.7996,14.6814,65.247,115.366,8.65683,-13.3553,
11.436,17.9154,3.97566,36.0216,97.2599,-1.48837,84.4627,85.8239,5.13924,8.37534,79.3446,-13.1025,-8.36306,89.7996,14.6814,65.247,115.366,8.65683,-13.3553,
11.0487,17.5281,3.97566,33.7172,96.8727,-1.35722,84.5408,85.8239,5.13924,8.37534,79.3446,-13.1025,-8.36306,89.7996,14.6814,65.247,113.062,7.4405,-11.3562,
11.0487,17.5281,3.97566,33.7172,96.8727,-1.35722,84.5408,85.8239,5.13924,8.37534,79.3446,-13.1025,-8.36306,89.7996,14.6814,65.247,113.062,7.4405,-11.3562,
2.4368,32.1689,-1.26327,42.004,96.2429,-0.499008,85.8595,93.8061,5.79361,14.1539,64.074,-14.08,3.71319,92.5429,14.2746,66.8322,106.078,4.65456,-6.60702,
2.4368,32.1689,-1.26327,42.004,96.2429,-0.499008,85.8595,93.8061,5.79361,14.1539,64.074,-14.08,3.71319,92.5429,14.2746,66.8322,106.078,4.65456,-6.60702,
0.44985,34.2033,-2.29849,44.1376,96.1437,-0.27961,86.9589,95.6938,6.04824,15.9474,61.9404,-13.6707,6.6006,93.3953,14.1338,67.4371,106.078,4.65456,-6.60702,
0.44985,34.2033,-2.29849,44.1376,96.1437,-0.27961,86.9589,95.6938,6.04824,15.9474,61.9404,-13.6707,6.6006,93.3953,14.1338,67.4371,106.078,4.65456,-6.60702,
-0.0753153,35.4885,-2.28818,29.4235,97.4289,0.053827,87.3786,97.5042,6.18567,17.7289,61.9404,-13.6707,6.6006,95.216,13.4298,68.0549,91.3639,-0.128073,-0.397457,
-0.0753153,35.4885,-2.28818,29.4235,97.4289,0.053827,87.3786,97.5042,6.18567,17.7289,61.9404,-13.6707,6.6006,95.216,13.4298,68.0549,91.3639,-0.128073,-0.397457,
0.890482,40.417,-0.28592,21.3479,98.3947,0.455802,88.7369,97.5042,6.18567,17.7289,57.9777,-9.37836,13.6454,97.2183,12.6452,68.3066,79.3256,-3.97288,1.78849,
0.890482,40.417,-0.28592,21.3479,98.3947,0.455802,88.7369,97.5042,6.18567,17.7289,57.9777,-9.37836,13.6454,97.2183,12.6452,68.3066,79.3256,-3.97288,1.78849,
-8.62958,38.9352,-8.63881,13.7702,98.3194,0.325414,90.7233,106.949,6.31437,22.5567,59.3842,-6.88421,15.0966,98.3102,12.1976,68.0937,73.1545,-6.52911,2.18165,
-8.62958,38.9352,-8.63881,13.7702,98.3194,0.325414,90.7233,106.949,6.31437,22.5567,59.3842,-6.88421,15.0966,98.3102,12.1976,68.0937,73.1545,-6.52911,2.18165,
-9.58443,37.6424,-8.5917,12.3166,98.4803,0.280259,91.1259,108.065,6.30717,22.7412,60.8378,-6.41133,15.4645,99.473,11.6943,67.6694,73.1545,-6.52911,2.18165,
-9.58443,37.6424,-8.5917,12.3166,98.4803,0.280259,91.1259,108.065,6.30717,22.7412,60.8378,-6.41133,15.4645,99.473,11.6943,67.6694,73.1545,-6.52911,2.18165,
-9.95818,38.048,-6.80826,0.116349,98.8859,0.142386,91.7628,108.844,6.23902,22.8794,60.8378,-6.41133,15.4645,102.036,10.5141,66.4749,60.9542,-11.7766,4.98873,
-9.95818,38.048,-6.80826,0.116349,98.8859,0.142386,91.7628,108.844,6.23902,22.8794,60.8378,-6.41133,15.4645,102.036,10.5141,66.4749,60.9542,-11.7766,4.98873,
-10.1259,35.6495,-3.41317,-17.7485,98.7182,-0.109362,92.1328,108.844,6.23902,22.8794,63.0687,-8.76561,14.9546,105.431,9.20828,64.9418,45.3202,-16.093,10.6308,
-10.1259,35.6495,-3.41317,-17.7485,98.7182,-0.109362,92.1328,108.844,6.23902,22.8794,63.0687,-8.76561,14.9546,105.431,9.20828,64.9418,45.3202,-16.093,10.6308,
-11.5636,35.6504,-2.60965,-20.3983,98.5404,-0.670931,92.9606,110.104,5.86769,24.3007,62.89,-9.47495,16.124,107.494,8.45915,64.2187,42.4917,-17.2694,11.5322,
-11.5636,35.6504,-2.60965,-20.3983,98.5404,-0.670931,92.9606,110.104,5.86769,24.3007,62.89,-9.47495,16.124,107.494,8.45915,64.2187,42.4917,-17.2694,11.5322,
-10.1058,35.9607,0.222944,-20.8489,99.3013,-0.959813,93.6121,109.407,5.82116,24.8776,63.3406,-10.3556,16.6762,109.63,7.663,63.6641,42.4917,-17.2694,11.5322,
-10.1058,35.9607,0.222944,-20.8489,99.3013,-0.959813,93.6121,109.407,5.82116,24.8776,63.3406,-10.3556,16.6762,109.63,7.663,63.6641,42.4917,-17.2694,11.5322,
-7.19954,35.9686,5.3759,-11.3491,99.3092,-0.982368,93.5994,106.509,5.62573,24.6418,63.3406,-10.3556,16.6762,111.885,6.80028,63.3131,51.9915,-18.7057,7.64043,
-7.19954,35.9686,5.3759,-11.3491,99.3092,-0.982368,93.5994,106.509,5.62573,24.6418,63.3406,-10.3556,16.6762,111.885,6.80028,63.3131,51.9915,-18.7057,7.64043,
-8.74651,21.597,12.9393,-23.0766,97.7622,-0.517906,92.8217,106.509,5.62573,24.6418,76.1652,-13.2415,8.12567,119.448,2.62239,64.8111,53.0886,-18.8127,7.58733,
-8.74651,21.597,12.9393,-23.0766,97.7622,-0.517906,92.8217,106.509,5.62573,24.6418,76.1652,-13.2415,8.12567,119.448,2.62239,64.8111,53.0886,-18.8127,7.58733,
-2.63054,16.1875,19.5478,-27.9936,97.2698,-0.553857,92.798,99.9003,3.60175,21.7736,81.0822,-12.1925,9.12212,119.448,2.62239,64.8111,53.0886,-18.8127,7.58733,
-2.63054,16.1875,19.5478,-27.9936,97.2698,-0.553857,92.798,99.9003,3.60175,21.7736,81.0822,-12.1925,9.12212,119.448,2.62239,64.8111,53.0886,-18.8127,7.58733,
2.31399,17.3327,29.1096,-24.7312,96.8467,-0.775332,93.6313,94.5327,0.165505,31.6581,79.514,-10.1386,16.6603,123.642,-3.96648,70.0966,54.7827,-17.3534,8.00769,
2.31399,17.3327,29.1096,-24.7312,96.8467,-0.775332,93.6313,94.5327,0.165505,31.6581,79.514,-10.1386,16.6603,123.642,-3.96648,70.0966,54.7827,-17.3534,8.00769,
5.21617,19.6045,38.4281,-19.4107,98.0133,0.499157,92.7823,92.7971,0.303818,35.8494,78.4087,-10.8864,10.7961,131.225,-12.6996,74.0449,58.9981,-15.646,7.61772,
5.21617,19.6045,38.4281,-19.4107,98.0133,0.499157,92.7823,92.7971,0.303818,35.8494,78.4087,-10.8864,10.7961,131.225,-12.6996,74.0449,58.9981,-15.646,7.61772,
3.66916,10.7847,39.614,-21.8924,96.4663,0.914186,91.4159,92.7971,0.303818,35.8494,85.6816,-14.4653,3.72401,132.411,-13.7159,73.2522,63.7891,-15.9242,6.48946,
3.66916,10.7847,39.614,-21.8924,96.4663,0.914186,91.4159,92.7971,0.303818,35.8494,85.6816,-14.4653,3.72401,132.411,-13.7159,73.2522,63.7891,-15.9242,6.48946,
10.1157,6.79565,46.0138,-22.6906,94.6665,0.588793,90.6787,84.5507,2.79947,27.5308,87.8708,-16.142,2.23011,130.565,-12.9643,73.4259,65.1802,-15.1065,6.62048,
10.1157,6.79565,46.0138,-22.6906,94.6665,0.588793,90.6787,84.5507,2.79947,27.5308,87.8708,-16.142,2.23011,130.565,-12.9643,73.4259,65.1802,-15.1065,6.62048,
13.8012,6.41538,50.0795,-16.3852,94.2862,0.0522083,90.7034,80.485,3.74514,24.0486,87.8708,-16.142,2.23011,130.565,-12.9643,73.4259,71.4857,-13.7207,2.70461,
13.8012,6.41538,50.0795,-16.3852,94.2862,0.0522083,90.7034,80.485,3.74514,24.0486,87.8708,-16.142,2.23011,130.565,-12.9643,73.4259,71.4857,-13.7207,2.70461,
13.324,5.93822,45.5054,-15.2663,93.809,-0.252639,90.7535,80.485,3.74514,24.0486,87.8708,-16.142,2.23011,125.99,-9.68975,71.463,72.6046,-13.1479,2.62363,
13.324,5.93822,45.5054,-15.2663,93.809,-0.252639,90.7535,80.485,3.74514,24.0486,87.8708,-16.142,2.23011,125.99,-9.68975,71.463,72.6046,-13.1479,2.62363,
16.9828,1.00431,39.055,-18.507,93.4728,-0.48951,90.136,76.49,5.25638,19.9705,92.4685,-16.1601,-0.975394,115.545,-3.66116,68.401,73.9615,-12.794,1.94619,
16.9828,1.00431,39.055,-18.507,93.4728,-0.48951,90.136,76.49,5.25638,19.9705,92.4685,-16.1601,-0.975394,115.545,-3.66116,68.401,73.9615,-12.794,1.94619,
20.9511,-0.124357,37.964,-18.7582,94.0403,-1.11663,88.127,73.0892,4.42482,14.7299,94.1646,-16.8021,-2.74943,111.053,-1.39747,67.1852,75.4064,-12.3113,1.31422,
20.9511,-0.124357,37.964,-18.7582,94.0403,-1.11663,88.127,73.0892,4.42482,14.7299,94.1646,-16.8021,-2.74943,111.053,-1.39747,67.1852,75.4064,-12.3113,1.31422,
21.4409,0.365412,37.964,-15.9796,94.53,-1.82827,86.8417,73.0892,4.42482,14.7299,94.1646,-16.8021,-2.74943,111.053,-1.39747,67.1852,78.185,-11.0084,1.01983,
21.4409,0.365412,37.964,-15.9796,94.53,-1.82827,86.8417,73.0892,4.42482,14.7299,94.1646,-16.8021,-2.74943,111.053,-1.39747,67.1852,78.185,-11.0084,1.01983,
23.3482,-2.9722,18.654,-15.4694,95.0729,-2.11282,85.607,71.7246,3.63057,12.33,98.0451,-16.2485,-5.47053,90.3786,8.03451,66.6742,82.5757,-9.06716,1.31481,
23.3482,-2.9722,18.654,-15.4694,95.0729,-2.11282,85.607,71.7246,3.63057,12.33,98.0451,-16.2485,-5.47053,90.3786,8.03451,66.6742,82.5757,-9.06716,1.31481,
23.5738,-5.62645,13.1443,-17.0306,95.365,-1.95514,84.9466,71.7912,2.51874,10.287,100.991,-15.7038,-7.31525,84.9356,10.8221,66.0128,83.9608,-8.38912,1.6677,
23.5738,-5.62645,13.1443,-17.0306,95.365,-1.95514,84.9466,71.7912,2.51874,10.287,100.991,-15.7038,-7.31525,84.9356,10.8221,66.0128,83.9608,-8.38912,1.6677,
23.037,-6.9164,7.03497,-18.4452,95.4896,-1.9368,84.7861,72.4527,2.68027,10.9511,102.406,-15.3704,-7.88859,79.4876,13.6369,64.7852,83.9608,-8.38912,1.6677,
23.037,-6.9164,7.03497,-18.4452,95.4896,-1.9368,84.7861,72.4527,2.68027,10.9511,102.406,-15.3704,-7.88859,79.4876,13.6369,64.7852,83.9608,-8.38912,1.6677,
21.65,-6.55166,-0.0861107,-16.0773,95.8544,-1.94588,84.6569,74.2044,3.09073,12.5438,102.406,-15.3704,-7.88859,74.1182,16.3181,63.2225,86.3287,-7.41381,1.76324,
21.65,-6.55166,-0.0861107,-16.0773,95.8544,-1.94588,84.6569,74.2044,3.09073,12.5438,102.406,-15.3704,-7.88859,74.1182,16.3181,63.2225,86.3287,-7.41381,1.76324,
22.4773,-8.77825,-12.3138,-16.7388,96.6641,-1.86773,84.7879,74.1868,3.3126,12.3333,105.442,-14.8467,-1.00489,61.873,21.2132,58.7519,88.7035,-6.42621,1.36959,
22.4773,-8.77825,-12.3138,-16.7388,96.6641,-1.86773,84.7879,74.1868,3.3126,12.3333,105.442,-14.8467,-1.00489,61.873,21.2132,58.7519,88.7035,-6.42621,1.36959,
25.7721,-8.46338,-8.3769,-14.1343,97.1402,-1.62239,84.7675,71.3681,4.42368,10.4339,105.604,-14.4971,-1.51775,62.9912,20.9261,58.8412,91.4693,-5.06038,0.957572,
25.7721,-8.46338,-8.3769,-14.1343,97.1402,-1.62239,84.7675,71.3681,4.42368,10.4339,105.604,-14.4971,-1.51775,62.9912,20.9261,58.8412,91.4693,-5.06038,0.957572,
29.7251,-8.16436,-1.39358,-14.0567,97.3616,-1.55867,84.7702,67.6365,4.87603,8.47523,105.526,-14.0781,-2.32638,66.2429,20.172,59.7929,91.4693,-5.06038,0.957572,
29.7251,-8.16436,-1.39358,-14.0567,97.3616,-1.55867,84.7702,67.6365,4.87603,8.47523,105.526,-14.0781,-2.32638,66.2429,20.172,59.7929,91.4693,-5.06038,0.957572,
28.4015,-7.11559,-1.3173,-7.67595,98.4104,-1.40297,84.2504,70.0088,4.61084,10.1321,105.526,-14.0781,-2.32638,68.6915,21.1587,61.9445,97.85,-1.96944,-0.796156,
28.4015,-7.11559,-1.3173,-7.67595,98.4104,-1.40297,84.2504,70.0088,4.61084,10.1321,105.526,-14.0781,-2.32638,68.6915,21.1587,61.9445,97.85,-1.96944,-0.796156,
27.6368,0.263081,3.17862,7.21758,97.6456,-1.68053,84.8918,70.0088,4.61084,10.1321,97.3825,-12.1353,-0.940288,73.1874,20.1882,64.7571,104.6,3.46792,-6.71178,
27.6368,0.263081,3.17862,7.21758,97.6456,-1.68053,84.8918,70.0088,4.61084,10.1321,97.3825,-12.1353,-0.940288,73.1874,20.1882,64.7571,104.6,3.46792,-6.71178,
23.1291,5.29244,4.15752,12.5482,97.3443,-1.86412,84.8374,74.2152,2.46784,5.78677,92.0519,-10.9028,-3.95703,78.3728,19.0687,67.415,104.6,3.46792,-6.71178,
23.1291,5.29244,4.15752,12.5482,97.3443,-1.86412,84.8374,74.2152,2.46784,5.78677,92.0519,-10.9028,-3.95703,78.3728,19.0687,67.415,104.6,3.46792,-6.71178,
20.5003,5.06445,8.38238,23.2076,97.1163,-2.2547,84.1966,76.616,4.05946,9.24246,92.0519,-10.9028,-3.95703,84.9984,17.1664,68.6675,115.259,12.5959,-14.8689,
20.5003,5.06445,8.38238,23.2076,97.1163,-2.2547,84.1966,76.616,4.05946,9.24246,92.0519,-10.9028,-3.95703,84.9984,17.1664,68.6675,115.259,12.5959,-14.8689,
20.7314,9.63624,10.0496,28.6601,97.3474,-2.57292,83.7457,76.616,4.05946,9.24246,87.7112,-12.1645,-11.8822,86.6655,16.4657,69.2503,116.371,13.2676,-14.6155,
20.7314,9.63624,10.0496,28.6601,97.3474,-2.57292,83.7457,76.616,4.05946,9.24246,87.7112,-12.1645,-11.8822,86.6655,16.4657,69.2503,116.371,13.2676,-14.6155,
14.5805,19.6806,6.12107,38.3662,97.8607,-3.33638,83.8963,83.2802,6.10252,12.2495,78.1801,-12.735,-3.22594,89.4013,15.6924,70.586,116.546,13.1767,-14.4907,
14.5805,19.6806,6.12107,38.3662,97.8607,-3.33638,83.8963,83.2802,6.10252,12.2495,78.1801,-12.735,-3.22594,89.4013,15.6924,70.586,116.546,13.1767,-14.4907,
13.6221,23.5512,4.61337,41.6874,98.4101,-3.64917,84.0465,84.7879,5.9451,12.7513,74.8589,-12.4895,0.090877,89.4013,15.6924,70.586,116.546,13.1767,-14.4907,
13.6221,23.5512,4.61337,41.6874,98.4101,-3.64917,84.0465,84.7879,5.9451,12.7513,74.8589,-12.4895,0.090877,89.4013,15.6924,70.586,116.546,13.1767,-14.4907,
12.6412,24.2517,6.17773,38.202,99.1106,-3.75617,84.5418,86.4693,5.82674,13.3493,74.8589,-12.4895,0.090877,92.6471,14.5033,71.7885,113.061,11.7545,-12.4377,
12.6412,24.2517,6.17773,38.202,99.1106,-3.75617,84.5418,86.4693,5.82674,13.3493,74.8589,-12.4895,0.090877,92.6471,14.5033,71.7885,113.061,11.7545,-12.4377,
12.6923,31.7002,8.09946,37.4188,99.1616,-3.7076,85.135,86.4693,5.82674,13.3493,67.4615,-13.4333,6.29658,94.5688,13.6938,72.5244,104.88,7.57252,-5.24365,
12.6923,31.7002,8.09946,37.4188,99.1616,-3.7076,85.135,86.4693,5.82674,13.3493,67.4615,-13.4333,6.29658,94.5688,13.6938,72.5244,104.88,7.57252,-5.24365,
8.53632,34.8647,5.66571,37.452,98.4355,-3.57614,86.3108,89.8991,6.57399,16.2051,63.5708,-12.9865,12.0494,95.5648,13.2346,72.8228,101.023,5.96763,-2.15721,
8.53632,34.8647,5.66571,37.452,98.4355,-3.57614,86.3108,89.8991,6.57399,16.2051,63.5708,-12.9865,12.0494,95.5648,13.2346,72.8228,101.023,5.96763,-2.15721,
2.88939,36.354,0.264562,29.7273,98.1897,-3.24642,87.7261,95.3003,7.29135,21.0002,61.8357,-11.7045,15.4734,95.5648,13.2346,72.8228,91.563,3.19162,3.81772,
2.88939,36.354,0.264562,29.7273,98.1897,-3.24642,87.7261,95.3003,7.29135,21.0002,61.8357,-11.7045,15.4734,95.5648,13.2346,72.8228,91.563,3.19162,3.81772,
0.956275,38.7881,0.598486,20.3642,98.6315,-2.74903,88.6719,97.6752,7.35352,22.8308,59.8434,-8.81645,20.5146,98.2737,11.7792,73.007,80.2076,0.630631,6.79897,
0.956275,38.7881,0.598486,20.3642,98.6315,-2.74903,88.6719,97.6752,7.35352,22.8308,59.8434,-8.81645,20.5146,98.2737,11.7792,73.007,80.2076,0.630631,6.79897,
-2.93697,38.0838,-2.66278,12.7412,99.4489,-2.35099,89.4736,102.386,7.08658,25.4534,61.3652,-6.97097,21.9346,99.7231,10.8883,72.1617,74.1064,-1.0975,7.07324,
-2.93697,38.0838,-2.66278,12.7412,99.4489,-2.35099,89.4736,102.386,7.08658,25.4534,61.3652,-6.97097,21.9346,99.7231,10.8883,72.1617,74.1064,-1.0975,7.07324,
-5.92587,37.0309,-5.42916,5.11792,99.9313,-2.17554,91.3946,105.857,6.62092,25.738,62.9004,-6.82593,21.573,100.428,10.443,71.4792,68.0183,-3.49843,6.82423,
-5.92587,37.0309,-5.42916,5.11792,99.9313,-2.17554,91.3946,105.857,6.62092,25.738,62.9004,-6.82593,21.573,100.428,10.443,71.4792,68.0183,-3.49843,6.82423,
-5.92587,35.452,-4.65884,3.53908,99.9313,-2.17554,91.3946,105.857,6.62092,25.738,64.4792,-6.83318,20.8903,101.198,10.0552,70.7574,68.0183,-3.49843,6.82423,
-5.92587,35.452,-4.65884,3.53908,99.9313,-2.17554,91.3946,105.857,6.62092,25.738,64.4792,-6.83318,20.8903,101.198,10.0552,70.7574,68.0183,-3.49843,6.82423,
-7.44364,33.5217,-4.23917,-23.3604,100.062,-2.20302,93.0391,107.505,6.16525,25.752,66.54,-7.03918,20.0305,103.266,9.0616,69.5661,43.1796,-14.8372,10.7897,
-7.44364,33.5217,-4.23917,-23.3604,100.062,-2.20302,93.0391,107.505,6.16525,25.752,66.54,-7.03918,20.0305,103.266,9.0616,69.5661,43.1796,-14.8372,10.7897,
-7.76539,38.8654,-2.29186,-17.8138,100.522,-2.27,93.7866,108.287,6.22762,25.9253,61.6567,-10.7261,21.1004,105.996,7.61561,68.6737,43.8429,-16.0796,9.78953,
-7.76539,38.8654,-2.29186,-17.8138,100.522,-2.27,93.7866,108.287,6.22762,25.9253,61.6567,-10.7261,21.1004,105.996,7.61561,68.6737,43.8429,-16.0796,9.78953,
-8.04663,37.8334,-0.990181,-19.1709,100.847,-2.34017,93.865,108.894,5.68266,27.3009,63.0138,-11.7958,20.0005,107.904,6.68767,68.4179,43.8429,-16.0796,9.78953,
-8.04663,37.8334,-0.990181,-19.1709,100.847,-2.34017,93.865,108.894,5.68266,27.3009,63.0138,-11.7958,20.0005,107.904,6.68767,68.4179,43.8429,-16.0796,9.78953,
-4.33608,38.0306,2.52316,-12.416,101.044,-2.66416,94.2153,105.38,4.7651,27.4607,63.0138,-11.7958,20.0005,107.904,6.68767,68.4179,50.5978,-17.7675,5.83397,
-4.33608,38.0306,2.52316,-12.416,101.044,-2.66416,94.2153,105.38,4.7651,27.4607,63.0138,-11.7958,20.0005,107.904,6.68767,68.4179,50.5978,-17.7675,5.83397,
-4.33797,38.0287,11.4464,-7.04862,101.042,-3.19019,95.078,105.38,4.7651,27.4607,63.0138,-11.7958,20.0005,116.827,1.1048,70.0761,55.9652,-17.884,3.23064,
-4.33797,38.0287,11.4464,-7.04862,101.042,-3.19019,95.078,105.38,4.7651,27.4607,63.0138,-11.7958,20.0005,116.827,1.1048,70.0761,55.9652,-17.884,3.23064,
-3.99525,23.9666,11.4464,-19.8653,101.385,-3.38263,95.6188,105.38,4.7651,27.4607,77.4186,-13.3007,13.4241,116.827,1.1048,70.0761,57.5533,-16.1239,3.46089,
-3.99525,23.9666,11.4464,-19.8653,101.385,-3.38263,95.6188,105.38,4.7651,27.4607,77.4186,-13.3007,13.4241,116.827,1.1048,70.0761,57.5533,-16.1239,3.46089,
2.63619,22.512,21.8989,-21.7131,101.778,-3.4896,95.9254,99.1422,3.15182,25.6161,79.2664,-11.5282,17.4263,121.041,-4.84724,74.3255,57.5533,-16.1239,3.46089,
2.63619,22.512,21.8989,-21.7131,101.778,-3.4896,95.9254,99.1422,3.15182,25.6161,79.2664,-11.5282,17.4263,121.041,-4.84724,74.3255,57.5533,-16.1239,3.46089,
8.33888,23.6294,31.798,-14.2537,100.838,-3.13861,95.1702,92.499,0.52907,36.276,77.2085,-10.4374,21.0744,124.297,-7.85465,75.8307,62.9548,-16.8063,1.70356,
8.33888,23.6294,31.798,-14.2537,100.838,-3.13861,95.1702,92.499,0.52907,36.276,77.2085,-10.4374,21.0744,124.297,-7.85465,75.8307,62.9548,-16.8063,1.70356,
7.47859,21.6483,37.5987,-13.6527,99.9776,-3.20241,95.4847,92.499,0.52907,36.276,78.3293,-11.482,18.0571,130.098,-12.8618,75.7579,64.6766,-16.0226,2.06916,
7.47859,21.6483,37.5987,-13.6527,99.9776,-3.20241,95.4847,92.499,0.52907,36.276,78.3293,-11.482,18.0571,130.098,-12.8618,75.7579,64.6766,-16.0226,2.06916,
14.0254,15.4255,42.1186,-18.5198,101.106,-3.17101,95.465,87.0806,2.74586,30.5705,85.6806,-14.238,12.0454,129.199,-11.8584,74.7424,67.1607,-14.6065,1.93759,
14.0254,15.4255,42.1186,-18.5198,101.106,-3.17101,95.465,87.0806,2.74586,30.5705,85.6806,-14.238,12.0454,129.199,-11.8584,74.7424,67.1607,-14.6065,1.93759,
18.5548,13.7275,46.5238,-19.0384,101.23,-2.82383,95.1246,82.6754,3.64203,26.1274,87.5027,-15.5226,11.1025,129.199,-11.8584,74.7424,68.4643,-14.5041,0.740658,
18.5548,13.7275,46.5238,-19.0384,101.23,-2.82383,95.1246,82.6754,3.64203,26.1274,87.5027,-15.5226,11.1025,129.199,-11.8584,74.7424,68.4643,-14.5041,0.740658,
19.1714,12.5012,43.7837,-14.9049,99.9612,-1.90352,92.9714,80.7898,4.21582,24.7325,87.46,-16.4279,10.9967,124.574,-8.78822,72.6995,72.5551,-13.7153,-1.06491,
19.1714,12.5012,43.7837,-14.9049,99.9612,-1.90352,92.9714,80.7898,4.21582,24.7325,87.46,-16.4279,10.9967,124.574,-8.78822,72.6995,72.5551,-13.7153,-1.06491,
18.5203,11.8501,43.7837,-13.7964,99.3101,-1.80043,92.466,80.7898,4.21582,24.7325,87.46,-16.4279,10.9967,124.574,-8.78822,72.6995,73.6636,-13.4774,-1.6563,
18.5203,11.8501,43.7837,-13.7964,99.3101,-1.80043,92.466,80.7898,4.21582,24.7325,87.46,-16.4279,10.9967,124.574,-8.78822,72.6995,73.6636,-13.4774,-1.6563,
23.1149,5.98434,37.8949,-18.1392,99.0175,-1.84394,92.0878,75.9026,5.81525,19.5715,93.0332,-16.0089,6.37755,113.797,-3.26978,69.454,74.894,-12.9529,-1.85674,
23.1149,5.98434,37.8949,-18.1392,99.0175,-1.84394,92.0878,75.9026,5.81525,19.5715,93.0332,-16.0089,6.37755,113.797,-3.26978,69.454,74.894,-12.9529,-1.85674,
23.3613,4.25974,34.2353,-18.8206,97.9743,-2.3885,91.3,74.613,5.09079,16.8296,93.7146,-15.9649,5.63718,108.848,-1.28896,68.8222,74.894,-12.9529,-1.85674,
23.3613,4.25974,34.2353,-18.8206,97.9743,-2.3885,91.3,74.613,5.09079,16.8296,93.7146,-15.9649,5.63718,108.848,-1.28896,68.8222,74.894,-12.9529,-1.85674,
23.4512,0.893013,24.3276,-15.7938,96.9456,-2.69971,89.7912,73.4944,4.10486,14.1838,96.0526,-15.7635,2.32968,97.822,3.00528,69.3902,80.2588,-10.1304,-1.68182,
23.4512,0.893013,24.3276,-15.7938,96.9456,-2.69971,89.7912,73.4944,4.10486,14.1838,96.0526,-15.7635,2.32968,97.822,3.00528,69.3902,80.2588,-10.1304,-1.68182,
23.4552,-1.51263,7.44642,-16.7766,96.9495,-3.2128,87.3297,73.4944,4.10486,14.1838,98.4622,-15.7777,-0.169912,80.9408,12.248,71.5868,81.6856,-9.47729,-1.70022,
23.4552,-1.51263,7.44642,-16.7766,96.9495,-3.2128,87.3297,73.4944,4.10486,14.1838,98.4622,-15.7777,-0.169912,80.9408,12.248,71.5868,81.6856,-9.47729,-1.70022,
23.511,-4.11299,1.79653,-18.31,97.3041,-3.91139,84.9552,73.7931,2.11255,12.801,101.417,-15.5043,-2.73701,75.5897,15.8629,71.2956,83.1071,-8.81381,-1.7226,
23.511,-4.11299,1.79653,-18.31,97.3041,-3.91139,84.9552,73.7931,2.11255,12.801,101.417,-15.5043,-2.73701,75.5897,15.8629,71.2956,83.1071,-8.81381,-1.7226,
23.6166,-4.00735,1.79653,-18.31,97.4097,-3.91994,84.6037,73.7931,2.11255,12.801,101.417,-15.5043,-2.73701,75.5897,15.8629,71.2956,83.1071,-8.81381,-1.7226,
23.6166,-4.00735,1.79653,-18.31,97.4097,-3.91994,84.6037,73.7931,2.11255,12.801,101.417,-15.5043,-2.73701,75.5897,15.8629,71.2956,83.1071,-8.81381,-1.7226,
23.4824,-5.80933,-12.6246,-16.3125,97.6755,-3.80593,83.9038,74.1931,2.49421,13.7764,103.485,-15.0736,-3.81658,61.5685,22.8134,65.98,87.1724,-7.08467,-2.44991,
23.4824,-5.80933,-12.6246,-16.3125,97.6755,-3.80593,83.9038,74.1931,2.49421,13.7764,103.485,-15.0736,-3.81658,61.5685,22.8134,65.98,87.1724,-7.08467,-2.44991,
25.1341,-6.46108,-13.9885,-13.3661,98.431,-3.51073,82.4985,73.2969,3.70791,15.0583,104.892,-14.8233,-4.25142,59.3084,23.6752,64.6283,91.526,-4.521,-2.95151,
25.1341,-6.46108,-13.9885,-13.3661,98.431,-3.51073,82.4985,73.2969,3.70791,15.0583,104.892,-14.8233,-4.25142,59.3084,23.6752,64.6283,91.526,-4.521,-2.95151,
31.5682,-6.50298,-1.97188,-14.0255,99.0485,-3.29599,82.2958,67.4803,6.58541,13.9021,105.551,-14.0984,-5.11725,65.5084,22.7765,66.7457,91.526,-4.521,-2.95151,
31.5682,-6.50298,-1.97188,-14.0255,99.0485,-3.29599,82.2958,67.4803,6.58541,13.9021,105.551,-14.0984,-5.11725,65.5084,22.7765,66.7457,91.526,-4.521,-2.95151,
32.5547,-6.4837,-1.00465,-14.0255,99.0677,-3.09171,82.2987,66.5131,6.34792,12.9474,105.551,-14.0984,-5.11725,65.5084,22.7765,66.7457,91.526,-4.521,-2.95151,
32.5547,-6.4837,-1.00465,-14.0255,99.0677,-3.09171,82.2987,66.5131,6.34792,12.9474,105.551,-14.0984,-5.11725,65.5084,22.7765,66.7457,91.526,-4.521,-2.95151,
30.1364,-6.33663,1.15187,-5.65521,99.2148,-3.08803,82.3063,69.0784,6.00756,13.4424,105.551,-14.0984,-5.11725,70.2303,22.2905,67.5707,99.8962,0.271717,-4.88027,
30.1364,-6.33663,1.15187,-5.65521,99.2148,-3.08803,82.3063,69.0784,6.00756,13.4424,105.551,-14.0984,-5.11725,70.2303,22.2905,67.5707,99.8962,0.271717,-4.88027,
30.1462,0.643862,6.8,3.37366,99.2246,-3.23004,82.5422,69.0784,6.00756,13.4424,98.5807,-12.1361,-2.81168,75.8784,18.9508,65.4316,101.954,2.00137,-6.3393,
30.1462,0.643862,6.8,3.37366,99.2246,-3.23004,82.5422,69.0784,6.00756,13.4424,98.5807,-12.1361,-2.81168,75.8784,18.9508,65.4316,101.954,2.00137,-6.3393,
26.2079,4.12231,5.68744,8.81816,99.0749,-3.47048,83.4501,72.867,4.16637,11.2202,94.9526,-11.302,-1.1131,78.5545,18.569,66.7459,103.771,4.04866,-8.65641,
26.2079,4.12231,5.68744,8.81816,99.0749,-3.47048,83.4501,72.867,4.16637,11.2202,94.9526,-11.302,-1.1131,78.5545,18.569,66.7459,103.771,4.04866,-8.65641,
27.7689,6.49515,10.2725,16.749,98.754,-3.84869,84.1322,70.9851,2.08359,6.47725,92.2589,-10.7092,-1.85445,81.2576,18.3856,67.7522,109.008,8.88458,-13.218,
27.7689,6.49515,10.2725,16.749,98.754,-3.84869,84.1322,70.9851,2.08359,6.47725,92.2589,-10.7092,-1.85445,81.2576,18.3856,67.7522,109.008,8.88458,-13.218,
25.9858,13.2179,14.3234,30.1392,98.4392,-4.19334,84.4293,72.4534,1.48154,4.81474,85.2213,-12.5856,-10.1801,86.7768,15.2471,66.8986,115.361,13.8647,-16.4075,
25.9858,13.2179,14.3234,30.1392,98.4392,-4.19334,84.4293,72.4534,1.48154,4.81474,85.2213,-12.5856,-10.1801,86.7768,15.2471,66.8986,115.361,13.8647,-16.4075,
19.2307,20.6394,8.80883,37.0481,98.7651,-4.52051,84.3247,79.5344,5.73235,10.6606,78.1257,-12.6182,-4.06402,88.3433,14.7279,67.2061,115.174,13.3408,-17.2451,
19.2307,20.6394,8.80883,37.0481,98.7651,-4.52051,84.3247,79.5344,5.73235,10.6606,78.1257,-12.6182,-4.06402,88.3433,14.7279,67.2061,115.174,13.3408,-17.2451,
16.76,24.7142,7.12456,40.6248,99.2632,-4.65159,83.9061,82.5031,5.73217,11.6363,74.549,-12.4666,-1.20333,89.6277,14.411,67.1139,115.174,13.3408,-17.2451,
16.76,24.7142,7.12456,40.6248,99.2632,-4.65159,83.9061,82.5031,5.73217,11.6363,74.549,-12.4666,-1.20333,89.6277,14.411,67.1139,115.174,13.3408,-17.2451,
12.1328,24.6049,2.60658,40.6248,99.1539,-5.21518,84.7914,87.0211,5.90385,13.0909,74.549,-12.4666,-1.20333,89.6277,14.411,67.1139,115.174,13.3408,-17.2451,
12.1328,24.6049,2.60658,40.6248,99.1539,-5.21518,84.7914,87.0211,5.90385,13.0909,74.549,-12.4666,-1.20333,89.6277,14.411,67.1139,115.174,13.3408,-17.2451,
12.0517,24.5239,3.67327,36.0421,99.0729,-5.41212,84.7117,87.0211,5.90385,13.0909,74.549,-12.4666,-1.20333,90.6944,14.0317,66.602,110.591,11.6073,-16.3329,
12.0517,24.5239,3.67327,36.0421,99.0729,-5.41212,84.7117,87.0211,5.90385,13.0909,74.549,-12.4666,-1.20333,90.6944,14.0317,66.602,110.591,11.6073,-16.3329,
8.14488,30.1797,2.01939,35.8086,99.2311,-5.15094,84.0913,91.0862,5.8742,13.8183,69.0514,-13.1055,1.95925,93.1056,13.0358,66.3251,104.86,8.76478,-13.4627,
8.14488,30.1797,2.01939,35.8086,99.2311,-5.15094,84.0913,91.0862,5.8742,13.8183,69.0514,-13.1055,1.95925,93.1056,13.0358,66.3251,104.86,8.76478,-13.4627,
1.79812,35.5557,-2.46201,33.3295,98.8813,-4.7933,83.8894,97.0831,5.91779,18.5025,63.3255,-14.021,8.81806,94.6211,12.5086,65.6703,96.655,4.91011,-9.25053,
1.79812,35.5557,-2.46201,33.3295,98.8813,-4.7933,83.8894,97.0831,5.91779,18.5025,63.3255,-14.021,8.81806,94.6211,12.5086,65.6703,96.655,4.91011,-9.25053,
-1.09879,35.3252,-4.27082,22.4959,98.6507,-4.2093,84.7112,99.7495,5.79513,20.9205,63.3255,-14.021,8.81806,95.4787,12.2684,65.4724,85.8214,1.01684,-3.92505,
-1.09879,35.3252,-4.27082,22.4959,98.6507,-4.2093,84.7112,99.7495,5.79513,20.9205,63.3255,-14.021,8.81806,95.4787,12.2684,65.4724,85.8214,1.01684,-3.92505,
-1.59261,34.1452,-2.39426,2.31929,98.1569,-3.74698,85.9953,99.7495,5.79513,20.9205,64.0117,-9.41082,15.6524,97.3552,11.4071,65.486,66.331,-5.6341,0.484876,
-1.59261,34.1452,-2.39426,2.31929,98.1569,-3.74698,85.9953,99.7495,5.79513,20.9205,64.0117,-9.41082,15.6524,97.3552,11.4071,65.486,66.331,-5.6341,0.484876,
-7.46377,33.1454,-5.18522,-5.47722,98.6454,-3.40094,86.3984,106.109,5.69724,23.7992,65.5,-8.44837,16.3227,100.924,9.88074,65.8778,60.0227,-8.41932,2.12286,
-7.46377,33.1454,-5.18522,-5.47722,98.6454,-3.40094,86.3984,106.109,5.69724,23.7992,65.5,-8.44837,16.3227,100.924,9.88074,65.8778,60.0227,-8.41932,2.12286,
-9.47684,33.477,-8.10017,-6.04746,99.5472,-2.96335,87.0736,109.024,5.68251,24.2912,66.0702,-7.2532,17.7775,100.924,9.88074,65.8778,60.0227,-8.41932,2.12286,
-9.47684,33.477,-8.10017,-6.04746,99.5472,-2.96335,87.0736,109.024,5.68251,24.2912,66.0702,-7.2532,17.7775,100.924,9.88074,65.8778,60.0227,-8.41932,2.12286,
-9.88858,33.7061,-7.40508,-18.2699,99.7763,-2.91499,87.3831,109.665,5.51258,24.7497,66.0702,-7.2532,17.7775,102.26,9.14312,66.0434,47.8002,-10.7583,7.80466,
-9.88858,33.7061,-7.40508,-18.2699,99.7763,-2.91499,87.3831,109.665,5.51258,24.7497,66.0702,-7.2532,17.7775,102.26,9.14312,66.0434,47.8002,-10.7583,7.80466,
-9.45767,39.1445,-2.78962,-18.7299,100.207,-3.01284,89.054,109.665,5.51258,24.7497,61.0627,-6.44698,21.5238,106.875,6.65603,65.9637,42.3328,-11.9624,10.7704,
-9.45767,39.1445,-2.78962,-18.7299,100.207,-3.01284,89.054,109.665,5.51258,24.7497,61.0627,-6.44698,21.5238,106.875,6.65603,65.9637,42.3328,-11.9624,10.7704,
-8.88168,38.242,1.72842,-17.1694,100.578,-3.00408,90.4784,109.459,4.8435,26.9333,62.3356,-6.57594,19.6436,111.188,4.6974,65.5274,45.1662,-12.0685,10.0909,
-8.88168,38.242,1.72842,-17.1694,100.578,-3.00408,90.4784,109.459,4.8435,26.9333,62.3356,-6.57594,19.6436,111.188,4.6974,65.5274,45.1662,-12.0685,10.0909,
-5.80274,38.2082,4.84118,-17.1694,100.544,-3.35412,92.3424,106.347,4.52084,26.7212,62.3356,-6.57594,19.6436,111.188,4.6974,65.5274,45.1662,-12.0685,10.0909,
-5.80274,38.2082,4.84118,-17.1694,100.544,-3.35412,92.3424,106.347,4.52084,26.7212,62.3356,-6.57594,19.6436,111.188,4.6974,65.5274,45.1662,-12.0685,10.0909,
-2.40345,37.8492,15.8032,-6.81533,100.185,-3.79808,93.2771,102.588,3.8746,25.3925,62.3356,-6.57594,19.6436,118.391,-0.273128,67.9174,55.5203,-11.8173,4.06841,
-2.40345,37.8492,15.8032,-6.81533,100.185,-3.79808,93.2771,102.588,3.8746,25.3925,62.3356,-6.57594,19.6436,118.391,-0.273128,67.9174,55.5203,-11.8173,4.06841,
-1.50611,35.4819,20.2486,-7.28251,101.082,-4.37233,94.4314,102.588,3.8746,25.3925,65.6002,-4.77201,21.5724,122.837,-7.4869,73.3137,58.3177,-11.3149,3.28142,
-1.50611,35.4819,20.2486,-7.28251,101.082,-4.37233,94.4314,102.588,3.8746,25.3925,65.6002,-4.77201,21.5724,122.837,-7.4869,73.3137,58.3177,-11.3149,3.28142,
-1.34535,34.1791,20.2486,-5.77178,101.243,-4.30625,94.3609,102.588,3.8746,25.3925,67.0638,-5.16402,21.1699,122.837,-7.4869,73.3137,61.292,-11.6651,2.20137,
-1.34535,34.1791,20.2486,-5.77178,101.243,-4.30625,94.3609,102.588,3.8746,25.3925,67.0638,-5.16402,21.1699,122.837,-7.4869,73.3137,61.292,-11.6651,2.20137,
5.98527,30.8723,31.3435,-4.2017,100.429,-4.03608,93.7897,94.4438,0.942374,32.6768,69.5568,-7.98778,17.6115,125.787,-10.798,75.4505,65.3551,-10.348,1.94387,
5.98527,30.8723,31.3435,-4.2017,100.429,-4.03608,93.7897,94.4438,0.942374,32.6768,69.5568,-7.98778,17.6115,125.787,-10.798,75.4505,65.3551,-10.348,1.94387,
8.62897,27.7527,38.2878,-3.91799,100.757,-4.6612,94.959,92.128,2.22653,33.7624,73.0043,-10.2537,14.6881,130.416,-14.333,76.5064,69.0863,-10.2189,-0.551461,
8.62897,27.7527,38.2878,-3.91799,100.757,-4.6612,94.959,92.128,2.22653,33.7624,73.0043,-10.2537,14.6881,130.416,-14.333,76.5064,69.0863,-10.2189,-0.551461,
9.75229,25.1967,37.4823,-6.20364,101.88,-4.45344,94.6743,92.128,2.22653,33.7624,76.6836,-10.1302,13.9228,129.61,-13.7172,77.0461,70.48,-9.82937,-1.13281,
9.75229,25.1967,37.4823,-6.20364,101.88,-4.45344,94.6743,92.128,2.22653,33.7624,76.6836,-10.1302,13.9228,129.61,-13.7172,77.0461,70.48,-9.82937,-1.13281,
18.0349,20.6917,42.2177,-9.1611,101.522,-4.52097,94.168,83.487,4.37374,28.5528,80.8302,-10.1635,12.6336,125.705,-10.9691,77.0917,71.6691,-9.52408,-1.33164,
18.0349,20.6917,42.2177,-9.1611,101.522,-4.52097,94.168,83.487,4.37374,28.5528,80.8302,-10.1635,12.6336,125.705,-10.9691,77.0917,71.6691,-9.52408,-1.33164,
19.3472,20.0292,41.9453,-7.26766,100.859,-4.78921,93.7714,81.5122,6.18741,28.0987,80.8302,-10.1635,12.6336,123.458,-8.77825,76.8317,73.5625,-8.8808,-1.147,
19.3472,20.0292,41.9453,-7.26766,100.859,-4.78921,93.7714,81.5122,6.18741,28.0987,80.8302,-10.1635,12.6336,123.458,-8.77825,76.8317,73.5625,-8.8808,-1.147,
19.0787,19.7606,39.0128,-7.26766,100.591,-4.9025,93.2771,81.5122,6.18741,28.0987,80.8302,-10.1635,12.6336,120.525,-6.08334,76.162,73.5625,-8.8808,-1.147,
19.0787,19.7606,39.0128,-7.26766,100.591,-4.9025,93.2771,81.5122,6.18741,28.0987,80.8302,-10.1635,12.6336,120.525,-6.08334,76.162,73.5625,-8.8808,-1.147,
18.2033,10.6216,26.1206,-12.975,99.7155,-5.1955,92.0847,81.5122,6.18741,28.0987,89.0939,-11.2533,7.45169,107.633,2.42661,73.6351,76.1189,-8.27904,-1.43674,
18.2033,10.6216,26.1206,-12.975,99.7155,-5.1955,92.0847,81.5122,6.18741,28.0987,89.0939,-11.2533,7.45169,107.633,2.42661,73.6351,76.1189,-8.27904,-1.43674,
19.7704,9.88077,23.1484,-12.1716,98.9747,-5.30111,91.8839,79.2043,6.99763,24.8372,89.0939,-11.2533,7.45169,102.353,4.88901,73.6962,76.9223,-8.13323,-1.30461,
19.7704,9.88077,23.1484,-12.1716,98.9747,-5.30111,91.8839,79.2043,6.99763,24.8372,89.0939,-11.2533,7.45169,102.353,4.88901,73.6962,76.9223,-8.13323,-1.30461,
19.0918,6.78026,12.4217,-12.202,97.6841,-5.46596,91.5111,78.5923,5.78766,21.182,90.9038,-11.3753,5.99877,91.014,10.2217,74.4183,78.7018,-7.76025,-1.24097,
19.0918,6.78026,12.4217,-12.202,97.6841,-5.46596,91.5111,78.5923,5.78766,21.182,90.9038,-11.3753,5.99877,91.014,10.2217,74.4183,78.7018,-7.76025,-1.24097,
18.4738,-2.25681,0.10359,-18.0649,97.341,-5.60549,91.3572,78.8673,5.38884,20.2027,99.5978,-11.534,-2.18377,78.9709,16.3966,73.5408,81.5329,-6.36178,-1.66097,
18.4738,-2.25681,0.10359,-18.0649,97.341,-5.60549,91.3572,78.8673,5.38884,20.2027,99.5978,-11.534,-2.18377,78.9709,16.3966,73.5408,81.5329,-6.36178,-1.66097,
16.7393,-5.12144,-7.42369,-19.346,96.9808,-6.37362,89.4771,80.2414,5.57563,20.4792,102.102,-11.5243,-2.11666,72.8177,19.1591,71.0374,82.7562,-5.87919,-1.77926,
16.7393,-5.12144,-7.42369,-19.346,96.9808,-6.37362,89.4771,80.2414,5.57563,20.4792,102.102,-11.5243,-2.11666,72.8177,19.1591,71.0374,82.7562,-5.87919,-1.77926,
20.2239,-5.54568,-9.90353,-19.7703,96.9808,-6.37362,89.4771,76.7569,5.45909,17.1264,102.526,-11.5991,-1.5766,66.8533,21.0996,67.7453,82.7562,-5.87919,-1.77926,
20.2239,-5.54568,-9.90353,-19.7703,96.9808,-6.37362,89.4771,76.7569,5.45909,17.1264,102.526,-11.5991,-1.5766,66.8533,21.0996,67.7453,82.7562,-5.87919,-1.77926,
24.0032,-5.49553,-14.8682,-19.7703,97.0309,-6.53976,88.6947,73.0278,5.22272,13.8597,102.526,-11.5991,-1.5766,58.1595,22.6919,62.1229,82.7562,-5.87919,-1.77926,
24.0032,-5.49553,-14.8682,-19.7703,97.0309,-6.53976,88.6947,73.0278,5.22272,13.8597,102.526,-11.5991,-1.5766,58.1595,22.6919,62.1229,82.7562,-5.87919,-1.77926,
24.087,-5.41165,-10.1834,-17.0735,97.1148,-6.74121,87.6844,73.0278,5.22272,13.8597,102.526,-11.5991,-1.5766,62.8444,21.5372,62.7182,85.4529,-4.50968,-2.19485,
24.087,-5.41165,-10.1834,-17.0735,97.1148,-6.74121,87.6844,73.0278,5.22272,13.8597,102.526,-11.5991,-1.5766,62.8444,21.5372,62.7182,85.4529,-4.50968,-2.19485,
24.7683,-5.53646,-6.64775,-14.6687,97.7961,-6.79026,87.0751,73.0278,5.22272,13.8597,103.333,-11.3821,-1.32408,66.38,21.6882,64.9591,88.6638,-2.74362,-2.40405,
24.7683,-5.53646,-6.64775,-14.6687,97.7961,-6.79026,87.0751,73.0278,5.22272,13.8597,103.333,-11.3821,-1.32408,66.38,21.6882,64.9591,88.6638,-2.74362,-2.40405,
25.3499,-3.81817,-4.02815,-9.13077,98.3777,-6.79046,86.9818,73.0278,5.22272,13.8597,102.196,-10.8427,-1.44538,68.9996,21.8613,66.259,93.0651,-0.491546,-2.71391,
25.3499,-3.81817,-4.02815,-9.13077,98.3777,-6.79046,86.9818,73.0278,5.22272,13.8597,102.196,-10.8427,-1.44538,68.9996,21.8613,66.259,93.0651,-0.491546,-2.71391,
29.433,-1.13192,4.52293,2.45841,98.6002,-6.74726,87.0051,69.1672,3.18614,9.69831,99.7321,-10.3928,-0.123896,73.6901,20.0163,66.9711,102.191,6.49189,-9.3508,
29.433,-1.13192,4.52293,2.45841,98.6002,-6.74726,87.0051,69.1672,3.18614,9.69831,99.7321,-10.3928,-0.123896,73.6901,20.0163,66.9711,102.191,6.49189,-9.3508,
21.6092,5.41323,1.83389,10.9306,99.2111,-6.02919,86.8527,77.6019,4.9814,16.1958,93.7979,-9.25049,2.32151,79.4358,18.4494,69.4924,104.729,9.112,-12.016,
21.6092,5.41323,1.83389,10.9306,99.2111,-6.02919,86.8527,77.6019,4.9814,16.1958,93.7979,-9.25049,2.32151,79.4358,18.4494,69.4924,104.729,9.112,-12.016,
21.6092,9.8748,1.83389,15.3922,99.2111,-6.02919,86.8527,77.6019,4.9814,16.1958,89.3363,-8.48098,-2.15459,79.4358,18.4494,69.4924,104.729,9.112,-12.016,
21.6092,9.8748,1.83389,15.3922,99.2111,-6.02919,86.8527,77.6019,4.9814,16.1958,89.3363,-8.48098,-2.15459,79.4358,18.4494,69.4924,104.729,9.112,-12.016,
16.6551,11.7875,1.84575,20.3179,99.23,-5.85591,86.8396,82.5749,6.9411,12.9347,87.4425,-9.14481,-6.42119,84.4207,17.0596,69.0408,107.76,11.3994,-13.2611,
16.6551,11.7875,1.84575,20.3179,99.23,-5.85591,86.8396,82.5749,6.9411,12.9347,87.4425,-9.14481,-6.42119,84.4207,17.0596,69.0408,107.76,11.3994,-13.2611,
14.5542,13.6488,3.87183,27.9864,98.7646,-6.08312,87.5927,84.2104,6.5483,12.0428,85.1158,-10.0827,-8.34989,88.0823,14.9832,68.2034,113.102,14.6483,-15.2605,
14.5542,13.6488,3.87183,27.9864,98.7646,-6.08312,87.5927,84.2104,6.5483,12.0428,85.1158,-10.0827,-8.34989,88.0823,14.9832,68.2034,113.102,14.6483,-15.2605,
13.518,12.6127,6.52892,24.2977,97.7285,-6.46194,88.7248,84.2104,6.5483,12.0428,85.1158,-10.0827,-8.34989,90.7394,13.7971,68.6489,109.414,13.2917,-15.6202,
13.518,12.6127,6.52892,24.2977,97.7285,-6.46194,88.7248,84.2104,6.5483,12.0428,85.1158,-10.0827,-8.34989,90.7394,13.7971,68.6489,109.414,13.2917,-15.6202,
12.9253,24.1543,7.43981,34.1249,97.1357,-6.27517,86.926,84.2104,6.5483,12.0428,72.9815,-9.99066,1.33296,91.6503,13.4793,68.4172,107.106,12.274,-15.4476,
12.9253,24.1543,7.43981,34.1249,97.1357,-6.27517,86.926,84.2104,6.5483,12.0428,72.9815,-9.99066,1.33296,91.6503,13.4793,68.4172,107.106,12.274,-15.4476,
9.54287,26.6473,4.58594,36.4052,97.3485,-6.23962,86.2859,87.8056,5.49597,12.8893,70.7011,-10.4409,2.17034,92.3916,13.2012,67.9979,107.106,12.274,-15.4476,
9.54287,26.6473,4.58594,36.4052,97.3485,-6.23962,86.2859,87.8056,5.49597,12.8893,70.7011,-10.4409,2.17034,92.3916,13.2012,67.9979,107.106,12.274,-15.4476,
7.87612,29.2716,2.98268,32.3293,97.8969,-6.51749,85.5205,90.0208,5.44275,13.651,68.6253,-11.2292,2.65486,93.0034,12.9894,67.7243,100.955,8.77659,-13.3979,
7.87612,29.2716,2.98268,32.3293,97.8969,-6.51749,85.5205,90.0208,5.44275,13.651,68.6253,-11.2292,2.65486,93.0034,12.9894,67.7243,100.955,8.77659,-13.3979,
7.87114,30.6121,3.92783,14.6407,97.8919,-6.60893,85.4575,90.0208,5.44275,13.651,67.2797,-13.0765,3.92884,93.9486,12.6195,66.7859,81.9205,-0.185502,-4.79209,
7.87114,30.6121,3.92783,14.6407,97.8919,-6.60893,85.4575,90.0208,5.44275,13.651,67.2797,-13.0765,3.92884,93.9486,12.6195,66.7859,81.9205,-0.185502,-4.79209,
0.853889,31.4432,-1.71882,15.7281,97.6356,-6.5688,84.8976,96.7817,5.66933,16.473,66.1924,-11.8333,9.31752,95.0628,12.3539,65.9486,81.9205,-0.185502,-4.79209,
0.853889,31.4432,-1.71882,15.7281,97.6356,-6.5688,84.8976,96.7817,5.66933,16.473,66.1924,-11.8333,9.31752,95.0628,12.3539,65.9486,81.9205,-0.185502,-4.79209,
-3.61542,31.5794,-5.48342,3.58258,97.5901,-6.04524,84.5459,101.206,5.52132,19.2458,66.0107,-10.8621,11.2435,95.7221,12.1528,65.9312,69.5933,-5.06496,-2.17416,
-3.61542,31.5794,-5.48342,3.58258,97.5901,-6.04524,84.5459,101.206,5.52132,19.2458,66.0107,-10.8621,11.2435,95.7221,12.1528,65.9312,69.5933,-5.06496,-2.17416,
-13.4784,27.5535,-12.0965,-12.4704,97.2051,-5.1766,83.7749,110.683,4.94215,23.3893,69.6516,-8.86473,14.1099,98.587,10.9129,66.4224,57.1812,-10.3822,0.999169,
-13.4784,27.5535,-12.0965,-12.4704,97.2051,-5.1766,83.7749,110.683,4.94215,23.3893,69.6516,-8.86473,14.1099,98.587,10.9129,66.4224,57.1812,-10.3822,0.999169,
-13.4198,26.8573,-10.8719,-24.4134,97.2637,-4.91248,83.8703,110.683,4.94215,23.3893,70.4063,-8.89758,14.8353,99.8115,10.3046,66.6039,45.993,-13.111,5.83774,
-13.4198,26.8573,-10.8719,-24.4134,97.2637,-4.91248,83.8703,110.683,4.94215,23.3893,70.4063,-8.89758,14.8353,99.8115,10.3046,66.6039,45.993,-13.111,5.83774,
-15.6094,28.3747,-10.5781,-23.0772,97.4449,-4.72795,84.1543,113.054,4.52964,25.0155,69.0702,-8.76827,15.4237,102.476,9.0263,66.7844,45.993,-13.111,5.83774,
-15.6094,28.3747,-10.5781,-23.0772,97.4449,-4.72795,84.1543,113.054,4.52964,25.0155,69.0702,-8.76827,15.4237,102.476,9.0263,66.7844,45.993,-13.111,5.83774,
-15.6094,31.9072,-9.04959,-19.5447,97.4449,-4.72795,84.1543,113.054,4.52964,25.0155,65.5377,-9.0307,16.5525,104.005,8.31454,66.6229,45.993,-13.111,5.83774,
-15.6094,31.9072,-9.04959,-19.5447,97.4449,-4.72795,84.1543,113.054,4.52964,25.0155,65.5377,-9.0307,16.5525,104.005,8.31454,66.6229,45.993,-13.111,5.83774,
-14.4575,33.3517,-5.19836,-19.0926,98.8894,-4.20886,85.3443,113.347,4.59472,25.8758,65.5377,-9.0307,16.5525,108.149,6.54653,65.9638,46.4451,-14.4956,7.26449,
-14.4575,33.3517,-5.19836,-19.0926,98.8894,-4.20886,85.3443,113.347,4.59472,25.8758,65.5377,-9.0307,16.5525,108.149,6.54653,65.9638,46.4451,-14.4956,7.26449,
-10.9736,33.8884,2.68826,-14.866,99.426,-3.9882,86.1737,110.4,4.50943,26.4426,65.5377,-9.0307,16.5525,113.088,4.3609,65.8838,50.6717,-13.7465,6.75519,
-10.9736,33.8884,2.68826,-14.866,99.426,-3.9882,86.1737,110.4,4.50943,26.4426,65.5377,-9.0307,16.5525,113.088,4.3609,65.8838,50.6717,-13.7465,6.75519,
-7.16716,34.1738,9.01608,-14.866,99.7114,-4.04547,86.8096,106.879,4.27181,24.788,65.5377,-9.0307,16.5525,115.895,2.91622,66.1575,50.6717,-13.7465,6.75519,
-7.16716,34.1738,9.01608,-14.866,99.7114,-4.04547,86.8096,106.879,4.27181,24.788,65.5377,-9.0307,16.5525,115.895,2.91622,66.1575,50.6717,-13.7465,6.75519,
-3.6131,34.721,14.6271,-14.866,100.259,-4.14521,87.4952,103.872,3.94896,22.7144,65.5377,-9.0307,16.5525,118.499,1.09442,66.91,50.6717,-13.7465,6.75519,
-3.6131,34.721,14.6271,-14.866,100.259,-4.14521,87.4952,103.872,3.94896,22.7144,65.5377,-9.0307,16.5525,118.499,1.09442,66.91,50.6717,-13.7465,6.75519,
1.35862,30.1247,23.1427,-9.39675,100.835,-4.22496,88.5889,99.4762,1.48735,24.0645,70.7101,-10.8295,12.761,122.619,-5.49628,72.1711,61.3134,-11.0917,3.10803,
1.35862,30.1247,23.1427,-9.39675,100.835,-4.22496,88.5889,99.4762,1.48735,24.0645,70.7101,-10.8295,12.761,122.619,-5.49628,72.1711,61.3134,-11.0917,3.10803,
1.37168,30.1378,28.8314,-9.39675,100.848,-4.28604,88.997,99.4762,1.48735,24.0645,70.7101,-10.8295,12.761,128.308,-11.6335,75.1706,61.3134,-11.0917,3.10803,
1.37168,30.1378,28.8314,-9.39675,100.848,-4.28604,88.997,99.4762,1.48735,24.0645,70.7101,-10.8295,12.761,128.308,-11.6335,75.1706,61.3134,-11.0917,3.10803,
3.75471,26.4865,32.3232,-8.56782,100.781,-4.36349,89.4001,97.0263,-0.153114,32.1278,74.2945,-10.4042,13.0787,129.35,-12.6558,75.6426,65.7266,-9.07074,3.74871,
3.75471,26.4865,32.3232,-8.56782,100.781,-4.36349,89.4001,97.0263,-0.153114,32.1278,74.2945,-10.4042,13.0787,129.35,-12.6558,75.6426,65.7266,-9.07074,3.74871,
3.10273,31.5719,32.6406,3.75391,100.129,-5.00994,91.0034,97.0263,-0.153114,32.1278,68.5571,-5.18962,21.9349,129.667,-12.9231,76.1757,72.311,-6.66379,3.3931,
3.10273,31.5719,32.6406,3.75391,100.129,-5.00994,91.0034,97.0263,-0.153114,32.1278,68.5571,-5.18962,21.9349,129.667,-12.9231,76.1757,72.311,-6.66379,3.3931,
5.44574,31.5605,31.4075,3.75391,100.118,-5.20402,91.3319,94.6719,0.645211,34.2394,68.5571,-5.18962,21.9349,126.079,-10.7278,76.5744,72.311,-6.66379,3.3931,
5.44574,31.5605,31.4075,3.75391,100.118,-5.20402,91.3319,94.6719,0.645211,34.2394,68.5571,-5.18962,21.9349,126.079,-10.7278,76.5744,72.311,-6.66379,3.3931,
10.4775,28.0078,33.7624,1.57491,100.575,-5.49149,91.7931,90.0975,1.39213,29.5056,72.5672,-8.27334,17.9703,123.86,-8.82607,76.4626,74.1421,-5.97634,3.93113,
10.4775,28.0078,33.7624,1.57491,100.575,-5.49149,91.7931,90.0975,1.39213,29.5056,72.5672,-8.27334,17.9703,123.86,-8.82607,76.4626,74.1421,-5.97634,3.93113,
13.2739,25.3728,33.7613,-0.983071,100.498,-5.12967,91.0787,87.2241,2.12606,27.7923,75.1252,-10.3775,15.3768,120.985,-6.41751,75.9987,74.1421,-5.97634,3.93113,
13.2739,25.3728,33.7613,-0.983071,100.498,-5.12967,91.0787,87.2241,2.12606,27.7923,75.1252,-10.3775,15.3768,120.985,-6.41751,75.9987,74.1421,-5.97634,3.93113,
12.4389,24.5379,25.7983,0.372885,99.6631,-5.15309,91.434,87.2241,2.12606,27.7923,75.1252,-10.3775,15.3768,113.022,-1.43489,75.4744,75.4981,-5.70208,3.28871,
12.4389,24.5379,25.7983,0.372885,99.6631,-5.15309,91.434,87.2241,2.12606,27.7923,75.1252,-10.3775,15.3768,113.022,-1.43489,75.4744,75.4981,-5.70208,3.28871,
12.0636,24.1626,20.9249,1.00498,99.2878,-5.36015,92.0946,87.2241,2.12606,27.7923,75.1252,-10.3775,15.3768,108.149,0.933905,75.4098,76.1302,-5.59353,3.05956,
12.0636,24.1626,20.9249,1.00498,99.2878,-5.36015,92.0946,87.2241,2.12606,27.7923,75.1252,-10.3775,15.3768,108.149,0.933905,75.4098,76.1302,-5.59353,3.05956,
15.1305,23.8417,12.3712,1.94317,100.057,-5.46722,93.2239,84.9266,3.33621,27.4944,76.2154,-10.7451,15.485,97.2978,5.38195,76.7108,78.1586,-5.23234,2.29072,
15.1305,23.8417,12.3712,1.94317,100.057,-5.46722,93.2239,84.9266,3.33621,27.4944,76.2154,-10.7451,15.485,97.2978,5.38195,76.7108,78.1586,-5.23234,2.29072,
15.5353,19.0822,7.28936,-2.63437,99.8751,-4.85102,91.9599,84.3398,3.48239,27.0766,80.7929,-10.1115,14.272,91.6292,7.87049,77.4622,78.1586,-5.23234,2.29072,
15.5353,19.0822,7.28936,-2.63437,99.8751,-4.85102,91.9599,84.3398,3.48239,27.0766,80.7929,-10.1115,14.272,91.6292,7.87049,77.4622,78.1586,-5.23234,2.29072,
14.2464,13.4272,-9.21459,-2.84948,98.2724,-5.08657,91.0035,84.0259,2.93309,25.4018,84.8452,-10.7857,12.1615,74.8113,15.7064,75.0069,81.9957,-3.54365,1.90105,
14.2464,13.4272,-9.21459,-2.84948,98.2724,-5.08657,91.0035,84.0259,2.93309,25.4018,84.8452,-10.7857,12.1615,74.8113,15.7064,75.0069,81.9957,-3.54365,1.90105,
12.9008,7.11435,-19.6154,-6.90083,97.2101,-5.97157,91.251,84.3093,2.35165,24.1396,90.0958,-10.8975,9.94745,64.6939,19.1049,70.5728,83.195,-3.13563,1.74996,
12.9008,7.11435,-19.6154,-6.90083,97.2101,-5.97157,91.251,84.3093,2.35165,24.1396,90.0958,-10.8975,9.94745,64.6939,19.1049,70.5728,83.195,-3.13563,1.74996,
11.9438,6.57678,-20.0348,-5.54103,96.6726,-6.37173,90.6639,84.7287,1.90204,23.1484,90.0958,-10.8975,9.94745,64.6939,19.1049,70.5728,84.5548,-2.66891,1.63377,
11.9438,6.57678,-20.0348,-5.54103,96.6726,-6.37173,90.6639,84.7287,1.90204,23.1484,90.0958,-10.8975,9.94745,64.6939,19.1049,70.5728,84.5548,-2.66891,1.63377,
12.0436,5.02036,-23.5233,-7.00894,96.5841,-6.4706,90.378,84.5405,1.93586,23.2688,91.5637,-10.8574,9.10439,61.0172,20.3026,68.728,84.5548,-2.66891,1.63377,
12.0436,5.02036,-23.5233,-7.00894,96.5841,-6.4706,90.378,84.5405,1.93586,23.2688,91.5637,-10.8574,9.10439,61.0172,20.3026,68.728,84.5548,-2.66891,1.63377,
12.4394,2.00226,-23.5233,-7.16336,96.9799,-6.92673,88.9203,84.5405,1.93586,23.2688,94.9776,-11.2548,5.77211,61.0172,20.3026,68.728,87.8142,-1.18951,1.28506,
12.4394,2.00226,-23.5233,-7.16336,96.9799,-6.92673,88.9203,84.5405,1.93586,23.2688,94.9776,-11.2548,5.77211,61.0172,20.3026,68.728,87.8142,-1.18951,1.28506,
18.3371,0.799532,-21.1052,-2.57322,97.5481,-7.25333,87.7492,79.211,0.727776,21.0202,96.7486,-11.3887,4.23178,58.1058,20.1877,65.9946,94.1753,1.67327,0.305325,
18.3371,0.799532,-21.1052,-2.57322,97.5481,-7.25333,87.7492,79.211,0.727776,21.0202,96.7486,-11.3887,4.23178,58.1058,20.1877,65.9946,94.1753,1.67327,0.305325,
23.5469,-0.756512,-10.5533,-2.16724,97.8344,-7.33257,87.275,74.2875,-0.694581,15.6172,98.5909,-11.2626,3.00249,63.7341,18.0517,66.1397,96.4236,2.73021,-0.450122,
23.5469,-0.756512,-10.5533,-2.16724,97.8344,-7.33257,87.275,74.2875,-0.694581,15.6172,98.5909,-11.2626,3.00249,63.7341,18.0517,66.1397,96.4236,2.73021,-0.450122,
23.5469,0.3484,-6.85191,3.0243,97.8344,-7.33257,87.275,74.2875,-0.694581,15.6172,97.486,-10.8894,4.74839,67.4356,18.1295,68.6439,100.51,5.22697,-2.57692,
23.5469,0.3484,-6.85191,3.0243,97.8344,-7.33257,87.275,74.2875,-0.694581,15.6172,97.486,-10.8894,4.74839,67.4356,18.1295,68.6439,100.51,5.22697,-2.57692,
24.1226,0.902664,1.37506,5.89542,98.4101,-6.98508,86.924,74.2875,-0.694581,15.6172,97.5074,-11.1614,1.66401,75.6625,17.1252,72.3609,103.403,8.3769,-5.80379,
24.1226,0.902664,1.37506,5.89542,98.4101,-6.98508,86.924,74.2875,-0.694581,15.6172,97.5074,-11.1614,1.66401,75.6625,17.1252,72.3609,103.403,8.3769,-5.80379,
24.1614,0.941398,5.18107,7.20481,98.4488,-6.8664,86.9267,74.2875,-0.694581,15.6172,97.5074,-11.1614,1.66401,79.4685,15.2024,71.0714,104.712,9.85271,-7.31716,
24.1614,0.941398,5.18107,7.20481,98.4488,-6.8664,86.9267,74.2875,-0.694581,15.6172,97.5074,-11.1614,1.66401,79.4685,15.2024,71.0714,104.712,9.85271,-7.31716,
26.3984,0.774452,9.02155,9.19961,98.2819,-6.36263,86.8129,71.8835,-3.62262,14.6262,97.5074,-11.1614,1.66401,80.9051,14.4199,70.4701,106.707,10.8197,-8.41514,
26.3984,0.774452,9.02155,9.19961,98.2819,-6.36263,86.8129,71.8835,-3.62262,14.6262,97.5074,-11.1614,1.66401,80.9051,14.4199,70.4701,106.707,10.8197,-8.41514,
22.338,1.71078,7.02722,12.7718,98.3606,-5.83169,86.3015,76.0227,-3.84605,15.0827,96.6498,-11.1462,-0.0681257,83.0499,13.7247,69.3463,109.422,12.954,-11.7798,
22.338,1.71078,7.02722,12.7718,98.3606,-5.83169,86.3015,76.0227,-3.84605,15.0827,96.6498,-11.1462,-0.0681257,83.0499,13.7247,69.3463,109.422,12.954,-11.7798,
22.689,2.68235,8.7832,13.6664,98.4376,-5.55579,85.6983,75.7486,-2.61963,15.6538,95.7553,-10.8896,0.0506986,84.5318,13.3578,68.1936,109.422,12.954,-11.7798,
22.689,2.68235,8.7832,13.6664,98.4376,-5.55579,85.6983,75.7486,-2.61963,15.6538,95.7553,-10.8896,0.0506986,84.5318,13.3578,68.1936,109.422,12.954,-11.7798,
22.6464,3.56001,9.43802,9.8948,98.3949,-5.07679,85.2743,75.7486,-2.61963,15.6538,94.8349,-10.5629,-0.0497137,85.1866,13.1481,67.8411,104.73,13.391,-15.5692,
22.6464,3.56001,9.43802,9.8948,98.3949,-5.07679,85.2743,75.7486,-2.61963,15.6538,94.8349,-10.5629,-0.0497137,85.1866,13.1481,67.8411,104.73,13.391,-15.5692,
22.6464,6.34012,9.9875,12.6749,98.3949,-5.07679,85.2743,75.7486,-2.61963,15.6538,92.0548,-9.77901,-1.27964,85.7361,12.9395,67.3997,104.73,13.391,-15.5692,
22.6464,6.34012,9.9875,12.6749,98.3949,-5.07679,85.2743,75.7486,-2.61963,15.6538,92.0548,-9.77901,-1.27964,85.7361,12.9395,67.3997,104.73,13.391,-15.5692,
19.0512,8.10423,7.14387,14.708,98.126,-4.8536,85.8369,79.0747,-0.921093,15.4184,90.0217,-8.4746,-4.12917,86.2186,12.8069,66.9752,104.73,13.391,-15.5692,
19.0512,8.10423,7.14387,14.708,98.126,-4.8536,85.8369,79.0747,-0.921093,15.4184,90.0217,-8.4746,-4.12917,86.2186,12.8069,66.9752,104.73,13.391,-15.5692,
19.0512,8.78093,8.0478,10.9677,98.126,-4.8536,85.8369,79.0747,-0.921093,15.4184,89.345,-8.16617,-5.46532,87.1225,12.6938,66.8218,100.313,11.5818,-15.6627,
19.0512,8.78093,8.0478,10.9677,98.126,-4.8536,85.8369,79.0747,-0.921093,15.4184,89.345,-8.16617,-5.46532,87.1225,12.6938,66.8218,100.313,11.5818,-15.6627,
13.866,9.35655,3.61335,-0.605009,98.126,-4.8536,85.8369,84.2599,1.19314,16.3306,88.7694,-8.38839,-6.06304,87.8733,12.4697,66.9044,88.1644,5.21926,-10.8953,
13.866,9.35655,3.61335,-0.605009,98.126,-4.8536,85.8369,84.2599,1.19314,16.3306,88.7694,-8.38839,-6.06304,87.8733,12.4697,66.9044,88.1644,5.21926,-10.8953,
9.78045,12.005,0.230854,2.39963,97.7697,-4.90169,86.0426,87.9893,1.44982,16.1505,85.7648,-8.05547,-1.71161,88.2201,12.3544,66.9675,88.1644,5.21926,-10.8953,
9.78045,12.005,0.230854,2.39963,97.7697,-4.90169,86.0426,87.9893,1.44982,16.1505,85.7648,-8.05547,-1.71161,88.2201,12.3544,66.9675,88.1644,5.21926,-10.8953,
6.75191,12.3185,-0.492901,-3.11905,96.1306,-5.04012,85.4893,89.3787,1.72067,16.987,83.8121,-6.82251,0.929475,88.8858,11.981,67.1135,80.693,2.11748,-9.97737,
6.75191,12.3185,-0.492901,-3.11905,96.1306,-5.04012,85.4893,89.3787,1.72067,16.987,83.8121,-6.82251,0.929475,88.8858,11.981,67.1135,80.693,2.11748,-9.97737,
6.90986,13.102,0.21819,-12.3895,96.2885,-4.94915,84.5423,89.3787,1.72067,16.987,83.1866,-6.6094,1.37952,89.5969,11.6193,67.359,70.7971,-1.94652,-5.96472,
6.90986,13.102,0.21819,-12.3895,96.2885,-4.94915,84.5423,89.3787,1.72067,16.987,83.1866,-6.6094,1.37952,89.5969,11.6193,67.359,70.7971,-1.94652,-5.96472,
6.77433,14.3233,-0.189946,-14.2166,97.3053,-5.27821,83.622,90.5309,2.04744,17.3874,82.9819,-6.94249,1.66406,90.341,11.118,67.6041,68.7653,-2.50402,-3.95083,
6.77433,14.3233,-0.189946,-14.2166,97.3053,-5.27821,83.622,90.5309,2.04744,17.3874,82.9819,-6.94249,1.66406,90.341,11.118,67.6041,68.7653,-2.50402,-3.95083,
5.99596,13.9177,-1.07358,-14.7275,97.4105,-5.7246,83.6346,91.4146,2.2333,17.1776,83.4928,-6.79207,2.2923,90.341,11.118,67.6041,68.7653,-2.50402,-3.95083,
5.99596,13.9177,-1.07358,-14.7275,97.4105,-5.7246,83.6346,91.4146,2.2333,17.1776,83.4928,-6.79207,2.2923,90.341,11.118,67.6041,68.7653,-2.50402,-3.95083,
5.4801,12.4639,-0.401443,-13.6413,97.361,-5.8474,83.6662,91.8809,2.25786,16.9185,84.897,-6.1095,3.33461,91.4794,10.3359,67.6969,71.2558,-2.09711,-1.06079,
5.4801,12.4639,-0.401443,-13.6413,97.361,-5.8474,83.6662,91.8809,2.25786,16.9185,84.897,-6.1095,3.33461,91.4794,10.3359,67.6969,71.2558,-2.09711,-1.06079,
5.64847,10.0509,-0.0150542,-14.2713,97.5293,-4.7833,83.7728,91.8809,2.25786,16.9185,87.4784,-6.36043,2.19832,91.8658,9.92089,67.6444,73.2071,-0.738704,2.35194,
5.64847,10.0509,-0.0150542,-14.2713,97.5293,-4.7833,83.7728,91.8809,2.25786,16.9185,87.4784,-6.36043,2.19832,91.8658,9.92089,67.6444,73.2071,-0.738704,2.35194,
5.25401,9.84333,0.109225,-14.4789,97.5293,-4.7833,83.7728,92.2753,2.20515,16.6602,87.686,-4.60569,8.43806,92.3846,9.38525,67.9609,73.2071,-0.738704,2.35194,
5.25401,9.84333,0.109225,-14.4789,97.5293,-4.7833,83.7728,92.2753,2.20515,16.6602,87.686,-4.60569,8.43806,92.3846,9.38525,67.9609,73.2071,-0.738704,2.35194,
6.03093,10.8739,0.109225,-13.7446,98.3063,-4.15078,83.1163,92.2753,2.20515,16.6602,87.4324,-4.1089,9.93534,92.3846,9.38525,67.9609,73.6878,-0.00111702,2.63568,
6.03093,10.8739,0.109225,-13.7446,98.3063,-4.15078,83.1163,92.2753,2.20515,16.6602,87.4324,-4.1089,9.93534,92.3846,9.38525,67.9609,73.6878,-0.00111702,2.63568,
