61.5368,32.1922,26.9014,-47.9311,136.322,7.69992,80.9455,74.7854,-2.54204,171.247,104.13,7.3872,156.834,101.687,2.15411,-44.3634,56.199,31.9721,-165.075,
61.5368,32.1922,26.9014,-47.9311,136.322,7.69992,80.9455,74.7854,-2.54204,171.247,104.13,7.3872,156.834,101.687,2.15411,-44.3634,56.199,31.9721,-165.075,
61.8717,32.5271,26.9014,-47.4941,136.657,7.6523,81.3792,74.7854,-2.54204,171.247,104.13,7.3872,156.834,101.687,2.15411,-44.3634,56.6359,31.4414,-165.22,
61.8717,32.5271,26.9014,-47.4941,136.657,7.6523,81.3792,74.7854,-2.54204,171.247,104.13,7.3872,156.834,101.687,2.15411,-44.3634,56.6359,31.4414,-165.22,
65.0174,32.6485,30.2139,-48.0511,137.336,7.76807,82.1823,72.3182,-3.37258,169.858,104.687,7.21836,157.385,102.532,2.74409,-44.0245,56.6359,31.4414,-165.22,
65.0174,32.6485,30.2139,-48.0511,137.336,7.76807,82.1823,72.3182,-3.37258,169.858,104.687,7.21836,157.385,102.532,2.74409,-44.0245,56.6359,31.4414,-165.22,
57.6554,34.1212,26.621,-35.5976,137.832,8.08211,83.5246,80.1764,-1.04837,170.461,103.71,7.76601,158.663,106.797,6.2279,-41.8666,68.1129,31.8171,-155.292,
57.6554,34.1212,26.621,-35.5976,137.832,8.08211,83.5246,80.1764,-1.04837,170.461,103.71,7.76601,158.663,106.797,6.2279,-41.8666,68.1129,31.8171,-155.292,
56.476,38.1366,28.4796,-28.2563,136.652,5.62462,85.8905,80.1764,-1.04837,170.461,98.5157,8.852,157.937,108.656,8.01235,-41.8179,70.2594,29.6457,-155.512,
56.476,38.1366,28.4796,-28.2563,136.652,5.62462,85.8905,80.1764,-1.04837,170.461,98.5157,8.852,157.937,108.656,8.01235,-41.8179,70.2594,29.6457,-155.512,
54.8124,37.3174,34.7033,-25.4141,134.351,4.37539,86.9281,79.5389,-1.42738,166.355,97.0339,8.61899,157.447,114.242,16.1546,-44.3394,71.6198,27.6513,-155.448,
54.8124,37.3174,34.7033,-25.4141,134.351,4.37539,86.9281,79.5389,-1.42738,166.355,97.0339,8.61899,157.447,114.242,16.1546,-44.3394,71.6198,27.6513,-155.448,
58.1871,40.692,38.3631,-25.4141,137.726,5.40824,87.4183,79.5389,-1.42738,166.355,97.0339,8.61899,157.447,117.902,18.7729,-44.6882,71.6198,27.6513,-155.448,
58.1871,40.692,38.3631,-25.4141,137.726,5.40824,87.4183,79.5389,-1.42738,166.355,97.0339,8.61899,157.447,117.902,18.7729,-44.6882,71.6198,27.6513,-155.448,
53.2073,45.1024,38.8202,-14.691,139.32,5.78122,87.8931,86.1129,0.898425,169.288,94.2178,6.87788,155.981,124.933,20.3548,-40.0242,79.5268,24.8216,-153.842,
53.2073,45.1024,38.8202,-14.691,139.32,5.78122,87.8931,86.1129,0.898425,169.288,94.2178,6.87788,155.981,124.933,20.3548,-40.0242,79.5268,24.8216,-153.842,
51.9944,45.6026,37.6072,-12.9584,139.32,5.78122,87.8931,87.3259,1.61332,170.466,93.7177,5.81373,156.162,124.933,20.3548,-40.0242,80.7593,23.8552,-153.594,
51.9944,45.6026,37.6072,-12.9584,139.32,5.78122,87.8931,87.3259,1.61332,170.466,93.7177,5.81373,156.162,124.933,20.3548,-40.0242,80.7593,23.8552,-153.594,
48.1691,46.0144,39.5635,-8.72024,136.716,5.15358,89.0587,88.5473,2.15649,171.537,90.702,4.25172,159.081,128.111,14.1661,-31.1169,81.9818,23.2773,-152.875,
48.1691,46.0144,39.5635,-8.72024,136.716,5.15358,89.0587,88.5473,2.15649,171.537,90.702,4.25172,159.081,128.111,14.1661,-31.1169,81.9818,23.2773,-152.875,
45.182,43.0273,38.0298,-6.97989,133.729,4.36439,89.8766,88.5473,2.15649,171.537,90.702,4.25172,159.081,126.577,11.672,-28.6963,83.7221,22.0224,-152.243,
45.182,43.0273,38.0298,-6.97989,133.729,4.36439,89.8766,88.5473,2.15649,171.537,90.702,4.25172,159.081,126.577,11.672,-28.6963,83.7221,22.0224,-152.243,
37.7481,46.2739,25.6084,-2.59469,132.591,4.48939,89.7865,94.8425,2.21151,172.281,86.3168,2.43711,162.152,120.451,7.34427,-25.2308,83.7221,22.0224,-152.243,
37.7481,46.2739,25.6084,-2.59469,132.591,4.48939,89.7865,94.8425,2.21151,172.281,86.3168,2.43711,162.152,120.451,7.34427,-25.2308,83.7221,22.0224,-152.243,
36.3465,55.1983,24.0555,7.23723,132.742,4.98718,90.6053,96.3954,2.32274,173.114,77.5436,0.256926,165.28,120.451,7.34427,-25.2308,84.7808,19.7306,-154.298,
36.3465,55.1983,24.0555,7.23723,132.742,4.98718,90.6053,96.3954,2.32274,173.114,77.5436,0.256926,165.28,120.451,7.34427,-25.2308,84.7808,19.7306,-154.298,
34.1251,57.3799,2.6387,10.2203,131.94,5.20282,91.4758,97.8152,2.33375,174.023,74.5605,-0.229571,166.438,100.454,-0.560031,-21.715,84.7808,19.7306,-154.298,
34.1251,57.3799,2.6387,10.2203,131.94,5.20282,91.4758,97.8152,2.33375,174.023,74.5605,-0.229571,166.438,100.454,-0.560031,-21.715,84.7808,19.7306,-154.298,
34.2756,57.5304,2.6387,10.2203,132.091,5.39125,91.8723,97.8152,2.33375,174.023,74.5605,-0.229571,166.438,100.454,-0.560031,-21.715,84.7808,19.7306,-154.298,
34.2756,57.5304,2.6387,10.2203,132.091,5.39125,91.8723,97.8152,2.33375,174.023,74.5605,-0.229571,166.438,100.454,-0.560031,-21.715,84.7808,19.7306,-154.298,
31.5065,64.0683,-13.3586,16.9427,132.507,5.53263,92.1938,101,1.54651,177.043,68.4386,2.40776,172.667,87.6418,-5.16632,-20.1704,85.3814,17.9982,-156.974,
31.5065,64.0683,-13.3586,16.9427,132.507,5.53263,92.1938,101,1.54651,177.043,68.4386,2.40776,172.667,87.6418,-5.16632,-20.1704,85.3814,17.9982,-156.974,
28.2079,64.5022,-23.1181,18.8952,132.32,5.32122,93.1274,104.112,0.830908,179.389,67.8179,3.05079,173.667,80.994,-7.97036,-19.2013,86.7131,17.1242,-156.884,
28.2079,64.5022,-23.1181,18.8952,132.32,5.32122,93.1274,104.112,0.830908,179.389,67.8179,3.05079,173.667,80.994,-7.97036,-19.2013,86.7131,17.1242,-156.884,
27.7325,64.665,-35.6601,19.5334,131.845,4.68622,94.6341,104.112,0.830908,179.389,67.1797,3.51373,174.672,68.4521,-12.3018,-13.6021,86.7131,17.1242,-156.884,
27.7325,64.665,-35.6601,19.5334,131.845,4.68622,94.6341,104.112,0.830908,179.389,67.1797,3.51373,174.672,68.4521,-12.3018,-13.6021,86.7131,17.1242,-156.884,
27.4485,67.8005,-44.8761,25.2133,131.924,4.21015,95.6019,104.475,1.03863,179.984,64.1232,3.66591,177.243,59.5992,-13.661,-8.72859,89.3366,15.8959,-156.588,
27.4485,67.8005,-44.8761,25.2133,131.924,4.21015,95.6019,104.475,1.03863,179.984,64.1232,3.66591,177.243,59.5992,-13.661,-8.72859,89.3366,15.8959,-156.588,
25.0493,72.484,-48.145,37.2037,131.072,3.31573,96.7078,106.022,0.977319,-179.492,58.5877,3.30716,-179.793,57.8774,-14.756,-8.67355,95.7914,13.3791,-156.15,
25.0493,72.484,-48.145,37.2037,131.072,3.31573,96.7078,106.022,0.977319,-179.492,58.5877,3.30716,-179.793,57.8774,-14.756,-8.67355,95.7914,13.3791,-156.15,
23.5763,73.4945,-48.7078,41.6211,130.161,2.84512,97.1074,106.585,0.507579,-178.975,56.667,3.27027,-179.396,57.8774,-14.756,-8.67355,98.2881,12.3513,-156.057,
23.5763,73.4945,-48.7078,41.6211,130.161,2.84512,97.1074,106.585,0.507579,-178.975,56.667,3.27027,-179.396,57.8774,-14.756,-8.67355,98.2881,12.3513,-156.057,
23.0884,70.8246,-42.4401,39.4391,129.674,2.67962,97.2312,106.585,0.507579,-178.975,58.849,2.25376,-179.736,64.1451,-15.7588,-11.5422,98.2881,12.3513,-156.057,
23.0884,70.8246,-42.4401,39.4391,129.674,2.67962,97.2312,106.585,0.507579,-178.975,58.849,2.25376,-179.736,64.1451,-15.7588,-11.5422,98.2881,12.3513,-156.057,
25.6648,61.8127,-28.5964,38.1997,127.591,2.71981,96.9271,101.926,-2.86718,-176.084,65.7784,0.439822,-177.642,73.3298,-15.467,-19.2643,103.978,10.2385,-154.418,
25.6648,61.8127,-28.5964,38.1997,127.591,2.71981,96.9271,101.926,-2.86718,-176.084,65.7784,0.439822,-177.642,73.3298,-15.467,-19.2643,103.978,10.2385,-154.418,
27.9897,56.2772,-22.2322,43.841,126.053,3.81849,96.0489,98.063,-4.96334,-173.482,69.7755,1.87895,-175.562,75.8307,-14.559,-19.8872,113.616,4.83215,-149.715,
27.9897,56.2772,-22.2322,43.841,126.053,3.81849,96.0489,98.063,-4.96334,-173.482,69.7755,1.87895,-175.562,75.8307,-14.559,-19.8872,113.616,4.83215,-149.715,
29.9117,54.8132,-14.248,45.4272,126.154,4.10689,95.5466,96.2426,-6.97438,-168.768,71.3411,1.80639,-175.492,81.9946,-14.881,-22.4757,116.768,1.38792,-145.826,
29.9117,54.8132,-14.248,45.4272,126.154,4.10689,95.5466,96.2426,-6.97438,-168.768,71.3411,1.80639,-175.492,81.9946,-14.881,-22.4757,116.768,1.38792,-145.826,
31.3899,56.2914,-10.3775,45.4272,127.633,4.71478,95.0204,96.2426,-6.97438,-168.768,71.3411,1.80639,-175.492,85.8651,-13.508,-22.6745,116.768,1.38792,-145.826,
31.3899,56.2914,-10.3775,45.4272,127.633,4.71478,95.0204,96.2426,-6.97438,-168.768,71.3411,1.80639,-175.492,85.8651,-13.508,-22.6745,116.768,1.38792,-145.826,
35.1365,53.4674,-6.94675,52.2026,129.561,6.5599,94.1241,94.425,-6.83934,-163.146,76.0941,0.129758,-176.253,87.4782,-12.9146,-23.4854,128.297,-6.14732,-140.824,
35.1365,53.4674,-6.94675,52.2026,129.561,6.5599,94.1241,94.425,-6.83934,-163.146,76.0941,0.129758,-176.253,87.4782,-12.9146,-23.4854,128.297,-6.14732,-140.824,
36.0256,49.9814,-4.50786,48.7602,129.518,6.87244,93.795,93.4922,-5.09899,-164.364,79.5364,-0.764491,-177.415,88.9843,-12.538,-24.8655,128.297,-6.14732,-140.824,
36.0256,49.9814,-4.50786,48.7602,129.518,6.87244,93.795,93.4922,-5.09899,-164.364,79.5364,-0.764491,-177.415,88.9843,-12.538,-24.8655,128.297,-6.14732,-140.824,
38.6157,44.7543,2.70241,42.3877,128.065,6.39887,93.5857,89.4492,-3.95127,-166.777,83.3105,-1.119,-178.677,92.1516,-11.5741,-26.6634,125.698,-4.87401,-143.065,
38.6157,44.7543,2.70241,42.3877,128.065,6.39887,93.5857,89.4492,-3.95127,-166.777,83.3105,-1.119,-178.677,92.1516,-11.5741,-26.6634,125.698,-4.87401,-143.065,
37.3643,43.503,3.37456,42.3877,126.813,5.65331,93.9134,89.4492,-3.95127,-166.777,83.3105,-1.119,-178.677,92.8237,-11.3814,-26.6046,125.698,-4.87401,-143.065,
37.3643,43.503,3.37456,42.3877,126.813,5.65331,93.9134,89.4492,-3.95127,-166.777,83.3105,-1.119,-178.677,92.8237,-11.3814,-26.6046,125.698,-4.87401,-143.065,
47.6021,38.2435,14.6459,21.6716,126.949,6.04113,93.3564,79.3472,-2.71756,-172.309,88.7057,-1.10743,-179.587,93.9931,-11.2167,-26.5898,110.377,0.982087,-147.263,
47.6021,38.2435,14.6459,21.6716,126.949,6.04113,93.3564,79.3472,-2.71756,-172.309,88.7057,-1.10743,-179.587,93.9931,-11.2167,-26.5898,110.377,0.982087,-147.263,
48.6591,34.0339,16.8713,13.5039,125.781,5.75169,92.1593,77.1218,-3.12267,-174.392,91.7469,-1.37279,178.873,93.9931,-11.2167,-26.5898,105.251,3.142,-149.232,
48.6591,34.0339,16.8713,13.5039,125.781,5.75169,92.1593,77.1218,-3.12267,-174.392,91.7469,-1.37279,178.873,93.9931,-11.2167,-26.5898,105.251,3.142,-149.232,
52.3299,34.4798,20.4783,6.81571,127.464,5.50582,92.1305,75.1337,-4.02344,-176.808,92.9838,-1.28565,178.199,95.6119,-10.5024,-25.0666,99.7995,5.0262,-150.968,
52.3299,34.4798,20.4783,6.81571,127.464,5.50582,92.1305,75.1337,-4.02344,-176.808,92.9838,-1.28565,178.199,95.6119,-10.5024,-25.0666,99.7995,5.0262,-150.968,
53.5788,35.7287,21.1604,6.81571,128.712,5.60153,91.7028,75.1337,-4.02344,-176.808,92.9838,-1.28565,178.199,96.2941,-10.4909,-24.5168,99.7995,5.0262,-150.968,
53.5788,35.7287,21.1604,6.81571,128.712,5.60153,91.7028,75.1337,-4.02344,-176.808,92.9838,-1.28565,178.199,96.2941,-10.4909,-24.5168,99.7995,5.0262,-150.968,
57.1056,33.4613,25.946,-13.7486,129.353,5.9161,90.8354,72.2473,-6.62167,178.834,95.8916,-0.820838,175.783,98.1933,-9.98071,-23.6795,82.143,11.1331,-152.317,
57.1056,33.4613,25.946,-13.7486,129.353,5.9161,90.8354,72.2473,-6.62167,178.834,95.8916,-0.820838,175.783,98.1933,-9.98071,-23.6795,82.143,11.1331,-152.317,
56.4291,28.9594,25.8781,-30.0378,128.744,6.65438,89.275,72.3152,-7.75407,178.536,99.7849,-0.109396,174.263,98.1933,-9.98071,-23.6795,69.7471,16.688,-154.037,
56.4291,28.9594,25.8781,-30.0378,128.744,6.65438,89.275,72.3152,-7.75407,178.536,99.7849,-0.109396,174.263,98.1933,-9.98071,-23.6795,69.7471,16.688,-154.037,
55.7624,26.61,29.1793,-38.2925,128.521,7.45858,88.1403,72.7583,-7.01497,178.752,101.911,0.211543,173.612,101.938,-8.34359,-23.5082,63.6181,18.9729,-156.9,
55.7624,26.61,29.1793,-38.2925,128.521,7.45858,88.1403,72.7583,-7.01497,178.752,101.911,0.211543,173.612,101.938,-8.34359,-23.5082,63.6181,18.9729,-156.9,
57.3629,28.2106,32.1034,-49.0248,130.121,8.83137,87.0701,72.7583,-7.01497,178.752,101.911,0.211543,173.612,104.862,-6.72207,-23.882,52.8859,20.4354,-162.984,
57.3629,28.2106,32.1034,-49.0248,130.121,8.83137,87.0701,72.7583,-7.01497,178.752,101.911,0.211543,173.612,104.862,-6.72207,-23.882,52.8859,20.4354,-162.984,
60.5874,25.9321,37.6758,-52.3003,129.711,9.28197,87.3941,69.1239,-4.30303,178.314,103.779,0.182995,165.902,106.8,-5.64555,-23.8797,51.4788,20.8267,-163.68,
60.5874,25.9321,37.6758,-52.3003,129.711,9.28197,87.3941,69.1239,-4.30303,178.314,103.779,0.182995,165.902,106.8,-5.64555,-23.8797,51.4788,20.8267,-163.68,
62.7515,26.801,40.6957,-41.857,128.855,9.21519,88.2894,66.104,-4.93342,175.18,102.054,0.956391,165.733,106.8,-5.64555,-23.8797,60.1974,21.6532,-157.656,
62.7515,26.801,40.6957,-41.857,128.855,9.21519,88.2894,66.104,-4.93342,175.18,102.054,0.956391,165.733,106.8,-5.64555,-23.8797,60.1974,21.6532,-157.656,
60.3196,28.8973,40.4614,-39.7389,128.834,9.09517,88.6252,68.514,-3.61206,175.897,99.9363,1.69454,164.928,108.975,-4.46945,-23.7782,60.1974,21.6532,-157.656,
60.3196,28.8973,40.4614,-39.7389,128.834,9.09517,88.6252,68.514,-3.61206,175.897,99.9363,1.69454,164.928,108.975,-4.46945,-23.7782,60.1974,21.6532,-157.656,
60.1167,32.5711,50.4205,-30.6684,128.631,8.147,90.0908,68.514,-3.61206,175.897,96.0596,3.57308,160.018,118.935,3.74005,-28.4142,65.3912,22.3285,-152.44,
60.1167,32.5711,50.4205,-30.6684,128.631,8.147,90.0908,68.514,-3.61206,175.897,96.0596,3.57308,160.018,118.935,3.74005,-28.4142,65.3912,22.3285,-152.44,
54.4366,34.2187,48.2635,-19.0706,127.303,7.37424,90.7,72.8668,-3.57356,170.566,93.0847,5.39649,155.954,121.13,7.93482,-32.2093,74.0142,19.3962,-151.045,
54.4366,34.2187,48.2635,-19.0706,127.303,7.37424,90.7,72.8668,-3.57356,170.566,93.0847,5.39649,155.954,121.13,7.93482,-32.2093,74.0142,19.3962,-151.045,
51.4537,36.8195,44.154,-15.6154,128.43,7.6222,91.6338,76.9763,-2.52782,171.549,91.6105,5.79678,153.222,121.13,7.93482,-32.2093,75.9952,17.6175,-151.347,
51.4537,36.8195,44.154,-15.6154,128.43,7.6222,91.6338,76.9763,-2.52782,171.549,91.6105,5.79678,153.222,121.13,7.93482,-32.2093,75.9952,17.6175,-151.347,
54.2672,40.858,55.3586,-14.3904,131.244,7.85374,91.9365,76.9763,-2.52782,171.549,90.3855,5.4068,151.117,132.335,15.1115,-32.8218,75.9952,17.6175,-151.347,
54.2672,40.858,55.3586,-14.3904,131.244,7.85374,91.9365,76.9763,-2.52782,171.549,90.3855,5.4068,151.117,132.335,15.1115,-32.8218,75.9952,17.6175,-151.347,
54.5683,42.4939,55.8136,-13.0556,131.545,7.98785,91.8828,76.9763,-2.52782,171.549,89.0508,3.35766,161.314,132.79,14.7247,-31.2348,75.9952,17.6175,-151.347,
54.5683,42.4939,55.8136,-13.0556,131.545,7.98785,91.8828,76.9763,-2.52782,171.549,89.0508,3.35766,161.314,132.79,14.7247,-31.2348,75.9952,17.6175,-151.347,
47.9826,45.3602,49.4004,-1.46708,130.216,7.66069,92.3052,82.233,-0.338386,176.381,84.8554,2.59125,165.406,131.633,13.5038,-29.9885,83.3883,15.555,-149.712,
47.9826,45.3602,49.4004,-1.46708,130.216,7.66069,92.3052,82.233,-0.338386,176.381,84.8554,2.59125,165.406,131.633,13.5038,-29.9885,83.3883,15.555,-149.712,
37.9002,46.2738,40.8609,4.73752,126.623,7.05594,92.4588,88.7227,0.78482,178.101,80.3491,1.73815,166.844,129.584,12.2028,-28.8537,85.0866,14.6309,-150.215,
37.9002,46.2738,40.8609,4.73752,126.623,7.05594,92.4588,88.7227,0.78482,178.101,80.3491,1.73815,166.844,129.584,12.2028,-28.8537,85.0866,14.6309,-150.215,
38.2219,46.5955,29.0457,4.73752,126.945,8.49035,92.5104,88.7227,0.78482,178.101,80.3491,1.73815,166.844,117.768,7.31801,-27.4854,85.0866,14.6309,-150.215,
38.2219,46.5955,29.0457,4.73752,126.945,8.49035,92.5104,88.7227,0.78482,178.101,80.3491,1.73815,166.844,117.768,7.31801,-27.4854,85.0866,14.6309,-150.215,
34.2725,51.5401,20.6266,11.6329,126.623,8.52498,93.5978,92.3507,1.39614,178.934,75.0831,0.617411,167.705,112.977,4.81472,-26.1095,86.7159,13.6405,-152.235,
34.2725,51.5401,20.6266,11.6329,126.623,8.52498,93.5978,92.3507,1.39614,178.934,75.0831,0.617411,167.705,112.977,4.81472,-26.1095,86.7159,13.6405,-152.235,
32.0916,58.1135,12.4268,18.6964,127.351,8.56816,94.4753,95.2591,2.00845,179.66,69.2372,1.21236,172.751,107.686,2.17808,-24.5452,87.9336,12.9713,-153.156,
32.0916,58.1135,12.4268,18.6964,127.351,8.56816,94.4753,95.2591,2.00845,179.66,69.2372,1.21236,172.751,107.686,2.17808,-24.5452,87.9336,12.9713,-153.156,
30.2391,59.86,-2.23863,20.4337,127.973,8.80444,95.0054,97.7343,1.97834,-179.513,68.1134,2.483,175.073,95.4957,-3.02005,-21.3397,88.5471,12.6611,-153.252,
30.2391,59.86,-2.23863,20.4337,127.973,8.80444,95.0054,97.7343,1.97834,-179.513,68.1134,2.483,175.073,95.4957,-3.02005,-21.3397,88.5471,12.6611,-153.252,
29.4933,59.1142,-15.2648,20.4337,127.228,8.60999,96.085,97.7343,1.97834,-179.513,68.1134,2.483,175.073,82.4696,-8.66429,-20.031,88.5471,12.6611,-153.252,
29.4933,59.1142,-15.2648,20.4337,127.228,8.60999,96.085,97.7343,1.97834,-179.513,68.1134,2.483,175.073,82.4696,-8.66429,-20.031,88.5471,12.6611,-153.252,
26.3222,59.7199,-24.6251,22.3967,127.026,8.50729,96.4515,100.704,1.49454,-177.713,67.3065,4.83791,177.448,76.0792,-11.8712,-18.8546,89.7032,12.1538,-152.95,
26.3222,59.7199,-24.6251,22.3967,127.026,8.50729,96.4515,100.704,1.49454,-177.713,67.3065,4.83791,177.448,76.0792,-11.8712,-18.8546,89.7032,12.1538,-152.95,
22.6126,61.4789,-34.5974,26.5979,127.135,8.15731,97.5652,104.522,1.53523,-176.172,65.656,4.63132,178.417,69.9249,-15.0032,-16.8973,92.2539,11.2278,-152.543,
22.6126,61.4789,-34.5974,26.5979,127.135,8.15731,97.5652,104.522,1.53523,-176.172,65.656,4.63132,178.417,69.9249,-15.0032,-16.8973,92.2539,11.2278,-152.543,
22.6305,66.8253,-45.5138,32.5584,127.804,7.82108,98.1561,105.173,1.76683,-176.035,60.9783,3.16358,179.689,59.6593,-18.7562,-13.0521,93.5367,10.7053,-152.451,
22.6305,66.8253,-45.5138,32.5584,127.804,7.82108,98.1561,105.173,1.76683,-176.035,60.9783,3.16358,179.689,59.6593,-18.7562,-13.0521,93.5367,10.7053,-152.451,
23.3051,67.4999,-44.4785,32.5584,128.478,7.21831,99.0297,105.173,1.76683,-176.035,60.9783,3.16358,179.689,60.6946,-22.0287,-16.0184,93.5367,10.7053,-152.451,
23.3051,67.4999,-44.4785,32.5584,128.478,7.21831,99.0297,105.173,1.76683,-176.035,60.9783,3.16358,179.689,60.6946,-22.0287,-16.0184,93.5367,10.7053,-152.451,
25.7163,67.6881,-39.17,40.4336,128.815,6.97831,99.3294,103.099,-1.13575,-175.672,61.1274,-2.27381,178.746,63.9292,-22.4656,-17.9697,101.561,7.65349,-152.165,
25.7163,67.6881,-39.17,40.4336,128.815,6.97831,99.3294,103.099,-1.13575,-175.672,61.1274,-2.27381,178.746,63.9292,-22.4656,-17.9697,101.561,7.65349,-152.165,
25.7479,63.6746,-34.1394,40.4604,127.556,7.20697,98.5772,101.808,-1.83191,-174.403,63.8814,-3.2551,179.914,67.6688,-23.4475,-21.6553,104.342,6.56898,-151.406,
25.7479,63.6746,-34.1394,40.4604,127.556,7.20697,98.5772,101.808,-1.83191,-174.403,63.8814,-3.2551,179.914,67.6688,-23.4475,-21.6553,104.342,6.56898,-151.406,
24.9208,62.8476,-31.342,43.3802,126.729,7.38985,98.2175,101.808,-1.83191,-174.403,63.8814,-3.2551,179.914,70.4661,-23.3439,-23.914,107.262,5.16558,-150.178,
24.9208,62.8476,-31.342,43.3802,126.729,7.38985,98.2175,101.808,-1.83191,-174.403,63.8814,-3.2551,179.914,70.4661,-23.3439,-23.914,107.262,5.16558,-150.178,
24.6468,58.7529,-18.957,45.8217,124.967,7.87326,97.5487,100.32,-2.8707,-173.036,66.2139,-2.61658,-177.589,81.363,-17.1729,-25.9288,112.036,0.389803,-144.761,
24.6468,58.7529,-18.957,45.8217,124.967,7.87326,97.5487,100.32,-2.8707,-173.036,66.2139,-2.61658,-177.589,81.363,-17.1729,-25.9288,112.036,0.389803,-144.761,
30.467,59.2558,-13.3871,52.3093,127.328,8.08693,97.8973,96.8606,-6.2063,-164.998,68.0717,1.46268,-172.59,83.4735,-16.0057,-25.1751,120.381,-5.34724,-140.111,
30.467,59.2558,-13.3871,52.3093,127.328,8.08693,97.8973,96.8606,-6.2063,-164.998,68.0717,1.46268,-172.59,83.4735,-16.0057,-25.1751,120.381,-5.34724,-140.111,
34.4627,56.5144,-11.8369,53.3263,129.773,8.92372,97.4596,95.3104,-5.33828,-162.03,73.2588,-0.0780424,-173.068,83.4735,-16.0057,-25.1751,126.585,-7.91336,-140.503,
34.4627,56.5144,-11.8369,53.3263,129.773,8.92372,97.4596,95.3104,-5.33828,-162.03,73.2588,-0.0780424,-173.068,83.4735,-16.0057,-25.1751,126.585,-7.91336,-140.503,
34.8717,54.9449,-6.23444,51.8527,129.677,11.0546,94.9322,94.8056,-4.26908,-163.636,74.7324,-0.27008,-173.231,88.5712,-12.6597,-25.8346,126.585,-7.91336,-140.503,
34.8717,54.9449,-6.23444,51.8527,129.677,11.0546,94.9322,94.8056,-4.26908,-163.636,74.7324,-0.27008,-173.231,88.5712,-12.6597,-25.8346,126.585,-7.91336,-140.503,
33.8726,53.9458,-3.58955,51.5481,128.678,10.8373,94.6791,94.8056,-4.26908,-163.636,74.7324,-0.27008,-173.231,91.2161,-11.6011,-27.3946,126.281,-6.92647,-144.427,
33.8726,53.9458,-3.58955,51.5481,128.678,10.8373,94.6791,94.8056,-4.26908,-163.636,74.7324,-0.27008,-173.231,91.2161,-11.6011,-27.3946,126.281,-6.92647,-144.427,
35.8508,46.7506,0.598288,37.9594,127.473,9.88455,95.201,91.622,-3.72816,-168.415,80.7223,-0.393852,-175.452,92.2203,-11.2708,-27.2707,118.682,-7.32809,-143.762,
35.8508,46.7506,0.598288,37.9594,127.473,9.88455,95.201,91.622,-3.72816,-168.415,80.7223,-0.393852,-175.452,92.2203,-11.2708,-27.2707,118.682,-7.32809,-143.762,
43.1211,46.7101,7.90903,37.9594,127.432,9.09551,96.1264,84.3113,-4.06862,-171.255,80.7223,-0.393852,-175.452,92.2203,-11.2708,-27.2707,118.682,-7.32809,-143.762,
43.1211,46.7101,7.90903,37.9594,127.432,9.09551,96.1264,84.3113,-4.06862,-171.255,80.7223,-0.393852,-175.452,92.2203,-11.2708,-27.2707,118.682,-7.32809,-143.762,
46.1862,40.4704,13.4428,22.9037,127.595,9.52031,95.5733,81.4091,-4.11894,-171.487,87.1248,-1.31395,-176.918,94.8519,-10.4401,-25.0326,110.029,-5.74497,-143.198,
46.1862,40.4704,13.4428,22.9037,127.595,9.52031,95.5733,81.4091,-4.11894,-171.487,87.1248,-1.31395,-176.918,94.8519,-10.4401,-25.0326,110.029,-5.74497,-143.198,
45.8595,36.4836,13.4428,9.12093,127.269,9.35707,95.3316,81.4091,-4.11894,-171.487,90.785,-1.4104,-177.622,94.8519,-10.4401,-25.0326,99.906,-2.21408,-144.233,
45.8595,36.4836,13.4428,9.12093,127.269,9.35707,95.3316,81.4091,-4.11894,-171.487,90.785,-1.4104,-177.622,94.8519,-10.4401,-25.0326,99.906,-2.21408,-144.233,
56.4423,35.026,24.0291,-11.8207,128.243,8.87733,94.7123,71.8009,-7.35362,-175.939,93.2172,-0.719763,-178.557,95.83,-9.90755,-23.8737,81.3965,5.11669,-146.175,
56.4423,35.026,24.0291,-11.8207,128.243,8.87733,94.7123,71.8009,-7.35362,-175.939,93.2172,-0.719763,-178.557,95.83,-9.90755,-23.8737,81.3965,5.11669,-146.175,
57.7636,33.4523,24.9367,-21.1425,129.232,8.95554,94.0172,71.4685,-8.66563,-176.754,95.7798,-0.124997,179.082,96.4052,-9.72138,-24.0459,74.6372,7.99283,-147.265,
57.7636,33.4523,24.9367,-21.1425,129.232,8.95554,94.0172,71.4685,-8.66563,-176.754,95.7798,-0.124997,179.082,96.4052,-9.72138,-24.0459,74.6372,7.99283,-147.265,
57.5529,33.0001,27.8008,-21.1425,128.78,9.29893,93.4482,71.227,-9.19455,-176.795,95.7798,-0.124997,179.082,99.0278,-8.57798,-24.944,74.6372,7.99283,-147.265,
57.5529,33.0001,27.8008,-21.1425,128.78,9.29893,93.4482,71.227,-9.19455,-176.795,95.7798,-0.124997,179.082,99.0278,-8.57798,-24.944,74.6372,7.99283,-147.265,
57.5529,33.0001,29.1457,-21.1425,128.78,9.29893,93.4482,71.227,-9.19455,-176.795,95.7798,-0.124997,179.082,100.373,-7.95451,-25.2544,74.6372,7.99283,-147.265,
57.5529,33.0001,29.1457,-21.1425,128.78,9.29893,93.4482,71.227,-9.19455,-176.795,95.7798,-0.124997,179.082,100.373,-7.95451,-25.2544,74.6372,7.99283,-147.265,
60.6241,26.6531,33.6826,-55.2627,128.819,9.68269,93.085,68.1953,-8.12909,-179.798,102.166,0.544138,177.109,101.878,-7.1571,-25.6112,46.9036,14.5981,-160.759,
60.6241,26.6531,33.6826,-55.2627,128.819,9.68269,93.085,68.1953,-8.12909,-179.798,102.166,0.544138,177.109,101.878,-7.1571,-25.6112,46.9036,14.5981,-160.759,
63.8166,26.7584,39.4232,-55.2303,129.854,10.4861,92.6466,66.0378,-7.8958,177.953,103.096,0.766054,176.888,105.461,-4.9222,-25.7271,47.8657,14.5944,-160.698,
63.8166,26.7584,39.4232,-55.2303,129.854,10.4861,92.6466,66.0378,-7.8958,177.953,103.096,0.766054,176.888,105.461,-4.9222,-25.7271,47.8657,14.5944,-160.698,
67.0068,27.7028,46.5088,-55.2303,130.799,12.2093,92.1483,63.7921,-9.24503,177.358,103.096,0.766054,176.888,110.301,-2.15948,-25.3456,47.8657,14.5944,-160.698,
67.0068,27.7028,46.5088,-55.2303,130.799,12.2093,92.1483,63.7921,-9.24503,177.358,103.096,0.766054,176.888,110.301,-2.15948,-25.3456,47.8657,14.5944,-160.698,
66.6922,32.9623,49.2992,-39.3744,130.484,12.5853,92.2787,63.7921,-9.24503,177.358,97.5219,3.13535,174.36,113.091,-0.446756,-25.8353,58.1475,15.9651,-154.406,
66.6922,32.9623,49.2992,-39.3744,130.484,12.5853,92.2787,63.7921,-9.24503,177.358,97.5219,3.13535,174.36,113.091,-0.446756,-25.8353,58.1475,15.9651,-154.406,
57.0562,33.0537,43.9582,-35.4293,129.162,11.1082,93.6779,72.106,-6.61126,172.317,96.1085,4.16829,170.315,116.064,1.77794,-26.9544,60.6792,14.272,-154.117,
57.0562,33.0537,43.9582,-35.4293,129.162,11.1082,93.6779,72.106,-6.61126,172.317,96.1085,4.16829,170.315,116.064,1.77794,-26.9544,60.6792,14.272,-154.117,
56.6087,32.6062,43.9582,-31.6041,128.715,9.91206,94.5352,72.106,-6.61126,172.317,96.1085,4.16829,170.315,116.064,1.77794,-26.9544,64.5044,14.8347,-152.37,
56.6087,32.6062,43.9582,-31.6041,128.715,9.91206,94.5352,72.106,-6.61126,172.317,96.1085,4.16829,170.315,116.064,1.77794,-26.9544,64.5044,14.8347,-152.37,
55.0548,32.2561,51.2116,-31.1015,127.862,9.71428,94.5265,72.8072,-6.72617,172.527,95.6059,4.70158,168.88,124.019,13.2758,-35.6626,64.5044,14.8347,-152.37,
55.0548,32.2561,51.2116,-31.1015,127.862,9.71428,94.5265,72.8072,-6.72617,172.527,95.6059,4.70158,168.88,124.019,13.2758,-35.6626,64.5044,14.8347,-152.37,
51.7594,40.8466,50.8451,-21.0921,131.498,10.2656,94.5986,79.7389,-4.3513,173.58,90.6516,1.79157,164.708,130.584,16.3588,-34.6408,69.5595,13.8122,-152.184,
51.7594,40.8466,50.8451,-21.0921,131.498,10.2656,94.5986,79.7389,-4.3513,173.58,90.6516,1.79157,164.708,130.584,16.3588,-34.6408,69.5595,13.8122,-152.184,
47.4475,43.8786,47.235,-14.0062,131.691,9.66556,94.0703,84.244,-3.59728,174.146,87.8129,1.27159,165.961,131.479,16.2962,-33.6029,73.8067,10.9604,-152.777,
47.4475,43.8786,47.235,-14.0062,131.691,9.66556,94.0703,84.244,-3.59728,174.146,87.8129,1.27159,165.961,131.479,16.2962,-33.6029,73.8067,10.9604,-152.777,
42.8227,43.7641,42.8456,-10.5072,128.992,9.799,93.4946,86.1695,-2.90904,175.016,85.2281,0.520073,166.424,129.015,10.5914,-29.9074,74.721,10.9743,-152.548,
42.8227,43.7641,42.8456,-10.5072,128.992,9.799,93.4946,86.1695,-2.90904,175.016,85.2281,0.520073,166.424,129.015,10.5914,-29.9074,74.721,10.9743,-152.548,
42.2892,43.2306,39.5743,-9.3609,128.459,11.0215,91.5832,86.1695,-2.90904,175.016,85.2281,0.520073,166.424,125.744,8.4807,-29.1777,75.8672,10.8049,-152.365,
42.2892,43.2306,39.5743,-9.3609,128.459,11.0215,91.5832,86.1695,-2.90904,175.016,85.2281,0.520073,166.424,125.744,8.4807,-29.1777,75.8672,10.8049,-152.365,
39.0688,52.8421,26.7905,-0.0118644,129.543,11.4222,91.0469,90.4744,-1.85561,175.004,76.7011,-1.96809,166.433,117.265,3.70148,-27.7277,76.6893,10.7385,-151.855,
39.0688,52.8421,26.7905,-0.0118644,129.543,11.4222,91.0469,90.4744,-1.85561,175.004,76.7011,-1.96809,166.433,117.265,3.70148,-27.7277,76.6893,10.7385,-151.855,
36.0019,58.2949,23.9417,6.07964,129.325,11.2775,91.3046,93.3233,-1.54785,175.93,71.0302,-3.09255,168.044,117.265,3.70148,-27.7277,77.1099,10.5522,-152.021,
36.0019,58.2949,23.9417,6.07964,129.325,11.2775,91.3046,93.3233,-1.54785,175.93,71.0302,-3.09255,168.044,117.265,3.70148,-27.7277,77.1099,10.5522,-152.021,
31.9408,59.155,4.96658,8.89255,127.925,11.3665,92.2567,95.9845,-1.83274,177.417,68.7703,-3.02018,169.364,100.951,-3.60415,-23.9805,77.6628,10.2085,-152.524,
31.9408,59.155,4.96658,8.89255,127.925,11.3665,92.2567,95.9845,-1.83274,177.417,68.7703,-3.02018,169.364,100.951,-3.60415,-23.9805,77.6628,10.2085,-152.524,
32.8048,60.019,-7.96687,10.5406,128.789,12.1416,92.6397,95.9845,-1.83274,177.417,68.7703,-3.02018,169.364,88.0176,-8.07649,-23.5405,79.3109,9.61548,-153.368,
32.8048,60.019,-7.96687,10.5406,128.789,12.1416,92.6397,95.9845,-1.83274,177.417,68.7703,-3.02018,169.364,88.0176,-8.07649,-23.5405,79.3109,9.61548,-153.368,
29.1147,61.5551,-18.904,11.4806,129.385,12.0858,92.8718,100.271,-1.91916,179.65,67.8302,0.209115,173.79,81.3666,-10.8904,-23.7492,79.3109,9.61548,-153.368,
29.1147,61.5551,-18.904,11.4806,129.385,12.0858,92.8718,100.271,-1.91916,179.65,67.8302,0.209115,173.79,81.3666,-10.8904,-23.7492,79.3109,9.61548,-153.368,
26.7999,60.5725,-20.8686,16.0128,129.035,11.6819,93.1869,102.235,-1.50852,179.897,68.4626,0.590557,174.963,81.3666,-10.8904,-23.7492,84.4754,7.65666,-154.271,
26.7999,60.5725,-20.8686,16.0128,129.035,11.6819,93.1869,102.235,-1.50852,179.897,68.4626,0.590557,174.963,81.3666,-10.8904,-23.7492,84.4754,7.65666,-154.271,
25.2695,59.9016,-41.017,16.2115,128.165,11.0912,93.6835,102.896,-1.36288,-179.932,68.2639,0.637843,176.29,61.879,-17.488,-16.9661,84.4754,7.65666,-154.271,
25.2695,59.9016,-41.017,16.2115,128.165,11.0912,93.6835,102.896,-1.36288,-179.932,68.2639,0.637843,176.29,61.879,-17.488,-16.9661,84.4754,7.65666,-154.271,
25.2695,59.9016,-45.4072,16.2115,128.165,11.0912,93.6835,102.896,-1.36288,-179.932,68.2639,0.637843,176.29,57.4888,-18.1186,-14.86,84.4754,7.65666,-154.271,
25.2695,59.9016,-45.4072,16.2115,128.165,11.0912,93.6835,102.896,-1.36288,-179.932,68.2639,0.637843,176.29,57.4888,-18.1186,-14.86,84.4754,7.65666,-154.271,
23.7824,68.3299,-42.8329,37.1871,127.5,10.4871,93.957,103.718,-1.55051,179.605,59.1705,-0.590286,179.911,60.885,-20.1888,-18.0933,96.3575,3.27034,-154.526,
23.7824,68.3299,-42.8329,37.1871,127.5,10.4871,93.957,103.718,-1.55051,179.605,59.1705,-0.590286,179.911,60.885,-20.1888,-18.0933,96.3575,3.27034,-154.526,
25.2813,65.3218,-37.7867,37.1977,127.468,10.4455,94.0709,102.186,-3.11979,-179.952,62.146,-1.43085,178.932,64.3997,-21.1606,-22.0585,99.3437,2.15634,-154.029,
25.2813,65.3218,-37.7867,37.1977,127.468,10.4455,94.0709,102.186,-3.11979,-179.952,62.146,-1.43085,178.932,64.3997,-21.1606,-22.0585,99.3437,2.15634,-154.029,
26.6076,59.9535,-25.6488,32.9519,126.345,11.1676,93.039,99.7376,-4.62082,-178.273,66.3918,-2.67762,178.437,74.0889,-21.1355,-31.8516,99.3437,2.15634,-154.029,
26.6076,59.9535,-25.6488,32.9519,126.345,11.1676,93.039,99.7376,-4.62082,-178.273,66.3918,-2.67762,178.437,74.0889,-21.1355,-31.8516,99.3437,2.15634,-154.029,
22.3222,55.668,-22.7868,38.9906,122.06,11.6935,91.7418,99.7376,-4.62082,-178.273,66.3918,-2.67762,178.437,76.9508,-19.8556,-32.943,105.382,-1.39439,-150.156,
22.3222,55.668,-22.7868,38.9906,122.06,11.6935,91.7418,99.7376,-4.62082,-178.273,66.3918,-2.67762,178.437,76.9508,-19.8556,-32.943,105.382,-1.39439,-150.156,
29.7282,54.4036,-15.8276,45.6468,126.096,12.688,91.0296,96.3682,-6.3174,-174.761,71.6928,-1.5631,-179.492,80.5405,-19.9331,-35.4095,117.34,-9.83386,-141.583,
29.7282,54.4036,-15.8276,45.6468,126.096,12.688,91.0296,96.3682,-6.3174,-174.761,71.6928,-1.5631,-179.492,80.5405,-19.9331,-35.4095,117.34,-9.83386,-141.583,
34.5521,53.4532,-10.6478,46.6085,127.953,13.5192,90.5241,93.4009,-7.78725,-166.323,74.4998,-3.05889,178.988,82.7532,-19.413,-35.2994,121.108,-11.4893,-141.546,
34.5521,53.4532,-10.6478,46.6085,127.953,13.5192,90.5241,93.4009,-7.78725,-166.323,74.4998,-3.05889,178.988,82.7532,-19.413,-35.2994,121.108,-11.4893,-141.546,
35.3158,51.2354,-8.76506,43.6271,128.717,14.2009,90.0009,93.4009,-7.78725,-166.323,77.4813,-3.71455,178.481,84.6359,-18.0391,-35.2759,121.108,-11.4893,-141.546,
35.3158,51.2354,-8.76506,43.6271,128.717,14.2009,90.0009,93.4009,-7.78725,-166.323,77.4813,-3.71455,178.481,84.6359,-18.0391,-35.2759,121.108,-11.4893,-141.546,
37.6715,47.8365,-0.486085,40.7022,129.118,15.7876,88.2031,91.4464,-4.9498,-170.299,81.2815,-4.26884,176.594,90.9603,-15.122,-39.0989,121.984,-10.6672,-146.1,
37.6715,47.8365,-0.486085,40.7022,129.118,15.7876,88.2031,91.4464,-4.9498,-170.299,81.2815,-4.26884,176.594,90.9603,-15.122,-39.0989,121.984,-10.6672,-146.1,
36.9867,37.089,3.74015,29.1832,124.207,14.126,88.3603,87.2202,-4.82897,-173.99,87.1179,-3.9509,174.564,90.9603,-15.122,-39.0989,116.301,-10.018,-147.935,
36.9867,37.089,3.74015,29.1832,124.207,14.126,88.3603,87.2202,-4.82897,-173.99,87.1179,-3.9509,174.564,90.9603,-15.122,-39.0989,116.301,-10.018,-147.935,
41.6429,37.3789,8.77181,22.9913,126.275,14.2815,88.1655,84.6323,-4.85754,-174.967,88.8964,-3.94128,174.236,93.4041,-14.0476,-39.1065,111.888,-9.34333,-148.187,
41.6429,37.3789,8.77181,22.9913,126.275,14.2815,88.1655,84.6323,-4.85754,-174.967,88.8964,-3.94128,174.236,93.4041,-14.0476,-39.1065,111.888,-9.34333,-148.187,
44.3534,37.2578,12.3943,22.9913,126.154,14.2017,88.0469,81.8008,-4.76538,-175.675,88.8964,-3.94128,174.236,94.195,-13.752,-38.9864,111.888,-9.34333,-148.187,
44.3534,37.2578,12.3943,22.9913,126.154,14.2017,88.0469,81.8008,-4.76538,-175.675,88.8964,-3.94128,174.236,94.195,-13.752,-38.9864,111.888,-9.34333,-148.187,
44.6613,34.1572,12.9912,10.0748,126.462,13.2691,88.1459,81.8008,-4.76538,-175.675,92.3049,-4.15003,172.757,94.792,-13.4283,-38.0801,102.38,-6.73691,-149.975,
44.6613,34.1572,12.9912,10.0748,126.462,13.2691,88.1459,81.8008,-4.76538,-175.675,92.3049,-4.15003,172.757,94.792,-13.4283,-38.0801,102.38,-6.73691,-149.975,
53.3439,31.9093,21.7291,-9.78022,127.022,13.0111,88.1267,73.6782,-5.2922,-178.958,95.1127,-3.83114,172.07,95.4073,-13.0114,-36.8254,85.3325,-1.11003,-154.513,
53.3439,31.9093,21.7291,-9.78022,127.022,13.0111,88.1267,73.6782,-5.2922,-178.958,95.1127,-3.83114,172.07,95.4073,-13.0114,-36.8254,85.3325,-1.11003,-154.513,
58.6208,30.8144,26.0438,-18.9748,128.658,12.7791,87.3409,70.0367,-7.92744,177.009,97.8432,-3.0138,171.281,96.0805,-12.6136,-35.8553,78.8684,1.23768,-155.638,
58.6208,30.8144,26.0438,-18.9748,128.658,12.7791,87.3409,70.0367,-7.92744,177.009,97.8432,-3.0138,171.281,96.0805,-12.6136,-35.8553,78.8684,1.23768,-155.638,
58.5135,30.6114,28.6317,-18.9748,128.455,12.7744,87.0969,69.9411,-9.91627,175.497,97.8432,-3.0138,171.281,98.5727,-11.3523,-35.296,78.8684,1.23768,-155.638,
58.5135,30.6114,28.6317,-18.9748,128.455,12.7744,87.0969,69.9411,-9.91627,175.497,97.8432,-3.0138,171.281,98.5727,-11.3523,-35.296,78.8684,1.23768,-155.638,
57.4868,24.1778,29.7214,-44.1712,127.428,13.1869,86.5071,69.9411,-9.91627,175.497,103.25,-1.78922,169.536,99.6625,-10.9804,-35.3739,59.0789,8.89705,-161.64,
57.4868,24.1778,29.7214,-44.1712,127.428,13.1869,86.5071,69.9411,-9.91627,175.497,103.25,-1.78922,169.536,99.6625,-10.9804,-35.3739,59.0789,8.89705,-161.64,
56.9157,23.4149,30.2987,-56.1154,127.592,13.9188,86.1834,70.6768,-8.73776,175.096,104.178,-2.00776,169.63,100.975,-10.4862,-35.4803,48.0621,12.2284,-165.239,
56.9157,23.4149,30.2987,-56.1154,127.592,13.9188,86.1834,70.6768,-8.73776,175.096,104.178,-2.00776,169.63,100.975,-10.4862,-35.4803,48.0621,12.2284,-165.239,
62.9442,22.7976,37.6682,-60.2553,127.667,14.7227,86.0289,64.7224,-6.48811,174.196,104.869,-1.84668,169.626,102.391,-9.76188,-35.4564,44.6138,14.4057,-165.466,
62.9442,22.7976,37.6682,-60.2553,127.667,14.7227,86.0289,64.7224,-6.48811,174.196,104.869,-1.84668,169.626,102.391,-9.76188,-35.4564,44.6138,14.4057,-165.466,
62.9075,22.7608,43.3447,-60.2553,127.63,15.4987,86.2492,64.7224,-6.48811,174.196,104.869,-1.84668,169.626,108.067,-6.48012,-35.3532,44.6138,14.4057,-165.466,
62.9075,22.7608,43.3447,-60.2553,127.63,15.4987,86.2492,64.7224,-6.48811,174.196,104.869,-1.84668,169.626,108.067,-6.48012,-35.3532,44.6138,14.4057,-165.466,
62.8602,22.7135,43.3447,-60.2553,127.583,15.5836,86.4097,64.7224,-6.48811,174.196,104.869,-1.84668,169.626,108.067,-6.48012,-35.3532,44.6138,14.4057,-165.466,
62.8602,22.7135,43.3447,-60.2553,127.583,15.5836,86.4097,64.7224,-6.48811,174.196,104.869,-1.84668,169.626,108.067,-6.48012,-35.3532,44.6138,14.4057,-165.466,
57.757,28.7171,43.769,-42.1677,127.271,15.1813,87.5174,69.5144,-2.00501,176.062,98.5543,2.1158,165.448,113.283,-3.34165,-36.025,56.3866,15.0279,-160.373,
57.757,28.7171,43.769,-42.1677,127.271,15.1813,87.5174,69.5144,-2.00501,176.062,98.5543,2.1158,165.448,113.283,-3.34165,-36.025,56.3866,15.0279,-160.373,
56.0121,29.0582,47.8345,-41.3398,126.785,13.969,88.9722,70.7725,-4.28323,168.172,97.7264,2.9303,163.316,118.607,1.84286,-39.1025,56.3866,15.0279,-160.373,
56.0121,29.0582,47.8345,-41.3398,126.785,13.969,88.9722,70.7725,-4.28323,168.172,97.7264,2.9303,163.316,118.607,1.84286,-39.1025,56.3866,15.0279,-160.373,
52.053,25.0991,53.2326,-34.6405,122.826,12.7471,89.9741,70.7725,-4.28323,168.172,97.7264,2.9303,163.316,124.005,9.63102,-44.4772,63.0859,14.6721,-158.42,
52.053,25.0991,53.2326,-34.6405,122.826,12.7471,89.9741,70.7725,-4.28323,168.172,97.7264,2.9303,163.316,124.005,9.63102,-44.4772,63.0859,14.6721,-158.42,
50.1062,30.4782,57.0642,-27.0141,124.785,13.1308,90.2732,74.6784,-3.23068,169.129,94.3064,2.28432,156.675,131.743,13.5042,-43.5294,67.2923,11.9061,-159.625,
50.1062,30.4782,57.0642,-27.0141,124.785,13.1308,90.2732,74.6784,-3.23068,169.129,94.3064,2.28432,156.675,131.743,13.5042,-43.5294,67.2923,11.9061,-159.625,
52.6168,35.682,55.9125,-22.8883,129.423,13.9804,90.2043,76.806,-3.36958,169.092,93.7408,1.25184,157.545,132.718,13.2606,-42.8063,70.8525,9.63309,-159.815,
52.6168,35.682,55.9125,-22.8883,129.423,13.9804,90.2043,76.806,-3.36958,169.092,93.7408,1.25184,157.545,132.718,13.2606,-42.8063,70.8525,9.63309,-159.815,
50.123,37.7298,53.8411,-20.4181,129,14.2325,89.7489,78.8774,-2.94132,170.4,91.2706,0.741635,159.316,132.718,13.2606,-42.8063,70.8525,9.63309,-159.815,
50.123,37.7298,53.8411,-20.4181,129,14.2325,89.7489,78.8774,-2.94132,170.4,91.2706,0.741635,159.316,132.718,13.2606,-42.8063,70.8525,9.63309,-159.815,
46.6258,41.7635,47.3228,-12.8872,125.503,14.5302,89.1936,78.8774,-2.94132,170.4,83.7397,-0.278575,161.617,126.2,9.51778,-41.0728,70.8525,9.63309,-159.815,
46.6258,41.7635,47.3228,-12.8872,125.503,14.5302,89.1936,78.8774,-2.94132,170.4,83.7397,-0.278575,161.617,126.2,9.51778,-41.0728,70.8525,9.63309,-159.815,
35.3825,42.0762,34.2365,-5.78945,123.007,14.7294,89.0263,87.625,-1.31615,172.484,80.9313,-0.951666,161.192,121.862,7.84934,-40.9333,75.1419,7.84949,-161.954,
35.3825,42.0762,34.2365,-5.78945,123.007,14.7294,89.0263,87.625,-1.31615,172.484,80.9313,-0.951666,161.192,121.862,7.84934,-40.9333,75.1419,7.84949,-161.954,
34.0836,45.0371,28.3704,-1.68727,123.258,15.3267,88.7656,89.1741,-0.978599,172.796,78.2206,-1.66772,161.082,117.544,5.6431,-40.1283,76.5333,7.37418,-162.253,
34.0836,45.0371,28.3704,-1.68727,123.258,15.3267,88.7656,89.1741,-0.978599,172.796,78.2206,-1.66772,161.082,117.544,5.6431,-40.1283,76.5333,7.37418,-162.253,
