20.3029,30.8242,42.5452,-6.46979,110.279,-0.10398,14.3149,89.9757,11.9636,80.2518,79.4544,-10.689,66.8736,132.521,17.3307,42.1,72.9846,8.59827,96.8653,
20.3029,30.8242,42.5452,-6.46979,110.279,-0.10398,14.3149,89.9757,11.9636,80.2518,79.4544,-10.689,66.8736,132.521,17.3307,42.1,72.9846,8.59827,96.8653,
15.8666,31.5663,34.3704,0.833827,108.487,0.221843,16.0059,92.6201,12.3024,81.2619,76.9204,-11.1,68.5373,126.991,15.9124,40.8927,77.7543,6.88163,96.1607,
15.8666,31.5663,34.3704,0.833827,108.487,0.221843,16.0059,92.6201,12.3024,81.2619,76.9204,-11.1,68.5373,126.991,15.9124,40.8927,77.7543,6.88163,96.1607,
10.477,30.5377,23.6671,2.75504,107.458,1.33301,15.3874,96.9812,11.7006,84.8935,76.9204,-11.1,68.5373,120.648,11.8493,42.559,79.6755,5.64563,95.1273,
10.477,30.5377,23.6671,2.75504,107.458,1.33301,15.3874,96.9812,11.7006,84.8935,76.9204,-11.1,68.5373,120.648,11.8493,42.559,79.6755,5.64563,95.1273,
7.48243,34.0525,18.2968,7.60021,106.128,1.13789,15.803,98.6453,11.2134,85.6174,72.0753,-14.0595,69.7928,116.942,9.19818,44.0382,79.6755,5.64563,95.1273,
7.48243,34.0525,18.2968,7.60021,106.128,1.13789,15.803,98.6453,11.2134,85.6174,72.0753,-14.0595,69.7928,116.942,9.19818,44.0382,79.6755,5.64563,95.1273,
4.49001,33.6246,12.9429,9.10202,104.198,0.846951,16.9362,99.7081,10.9803,85.6706,70.5735,-13.9603,72.1972,112.651,6.43357,45.6674,79.6755,5.64563,95.1273,
4.49001,33.6246,12.9429,9.10202,104.198,0.846951,16.9362,99.7081,10.9803,85.6706,70.5735,-13.9603,72.1972,112.651,6.43357,45.6674,79.6755,5.64563,95.1273,
2.34761,35.0745,-0.0222534,13.2456,104.535,1.46102,18.0148,102.187,11.1821,84.7631,69.4605,-13.3797,74.6692,102.165,1.31826,47.7912,82.7061,4.6372,92.8762,
2.34761,35.0745,-0.0222534,13.2456,104.535,1.46102,18.0148,102.187,11.1821,84.7631,69.4605,-13.3797,74.6692,102.165,1.31826,47.7912,82.7061,4.6372,92.8762,
2.34761,35.0745,-5.8416,14.1991,104.535,1.46102,18.0148,102.187,11.1821,84.7631,69.4605,-13.3797,74.6692,96.3458,-1.16449,47.3921,83.6596,4.28267,92.083,
2.34761,35.0745,-5.8416,14.1991,104.535,1.46102,18.0148,102.187,11.1821,84.7631,69.4605,-13.3797,74.6692,96.3458,-1.16449,47.3921,83.6596,4.28267,92.083,
-2.25858,32.69,-21.9495,13.4559,104.554,1.9879,18.3684,106.812,10.9995,86.1794,71.8637,-9.96588,78.1479,84.8628,-7.42588,46.2762,85.3197,3.90593,91.2392,
-2.25858,32.69,-21.9495,13.4559,104.554,1.9879,18.3684,106.812,10.9995,86.1794,71.8637,-9.96588,78.1479,84.8628,-7.42588,46.2762,85.3197,3.90593,91.2392,
-3.63349,30.7837,-34.1831,12.1522,103.951,1.96768,19.116,107.585,11.0618,86.0229,73.1675,-10.2691,77.9176,73.4016,-13.6187,49.7949,85.3197,3.90593,91.2392,
-3.63349,30.7837,-34.1831,12.1522,103.951,1.96768,19.116,107.585,11.0618,86.0229,73.1675,-10.2691,77.9176,73.4016,-13.6187,49.7949,85.3197,3.90593,91.2392,
-4.17115,30.7193,-40.1441,15.8935,104.272,1.88449,19.8886,108.443,11.1203,86.4647,73.5529,-10.4648,78.1067,68.2993,-15.4958,52.5832,89.4464,3.16149,91.2662,
-4.17115,30.7193,-40.1441,15.8935,104.272,1.88449,19.8886,108.443,11.1203,86.4647,73.5529,-10.4648,78.1067,68.2993,-15.4958,52.5832,89.4464,3.16149,91.2662,
-3.82474,31.2472,-46.2511,17.388,104.8,1.83043,20.0705,108.625,11.0561,87.1937,73.5529,-10.4648,78.1067,62.3738,-17.7232,55.6016,90.9409,2.69612,91.3319,
-3.82474,31.2472,-46.2511,17.388,104.8,1.83043,20.0705,108.625,11.0561,87.1937,73.5529,-10.4648,78.1067,62.3738,-17.7232,55.6016,90.9409,2.69612,91.3319,
-4.20657,37.1581,-44.1384,25.7015,104.496,1.63767,20.3085,108.703,10.8516,88.6008,67.3382,-12.786,81.4626,64.5644,-17.3915,55.3684,93.0398,2.0936,91.369,
-4.20657,37.1581,-44.1384,25.7015,104.496,1.63767,20.3085,108.703,10.8516,88.6008,67.3382,-12.786,81.4626,64.5644,-17.3915,55.3684,93.0398,2.0936,91.369,
-4.22962,37.135,-44.1384,25.7015,104.473,1.66575,20.5799,108.703,10.8516,88.6008,67.3382,-12.786,81.4626,64.5644,-17.3915,55.3684,93.0398,2.0936,91.369,
-4.22962,37.135,-44.1384,25.7015,104.473,1.66575,20.5799,108.703,10.8516,88.6008,67.3382,-12.786,81.4626,64.5644,-17.3915,55.3684,93.0398,2.0936,91.369,
2.08605,28.3185,-33.1049,26.8587,104.674,1.82895,20.8055,102.588,9.88509,87.7983,76.355,-13.1008,77.1449,69.4826,-19.1114,49.6194,103.214,-1.29022,93.2159,
2.08605,28.3185,-33.1049,26.8587,104.674,1.82895,20.8055,102.588,9.88509,87.7983,76.355,-13.1008,77.1449,69.4826,-19.1114,49.6194,103.214,-1.29022,93.2159,
6.98474,21.3044,-20.9994,25.0565,104.5,2.23067,20.1939,97.5149,7.85227,87.0607,83.1953,-12.1918,75.7112,76.5156,-17.1145,46.9435,108.252,-5.63706,99.1481,
6.98474,21.3044,-20.9994,25.0565,104.5,2.23067,20.1939,97.5149,7.85227,87.0607,83.1953,-12.1918,75.7112,76.5156,-17.1145,46.9435,108.252,-5.63706,99.1481,
8.22283,23.4509,-16.8815,27.7659,103.937,2.574,18.2586,95.7139,6.64497,91.929,80.4858,-10.9021,80.5039,78.8324,-16.6155,46.515,108.252,-5.63706,99.1481,
8.22283,23.4509,-16.8815,27.7659,103.937,2.574,18.2586,95.7139,6.64497,91.929,80.4858,-10.9021,80.5039,78.8324,-16.6155,46.515,108.252,-5.63706,99.1481,
8.74771,18.0441,-11.5049,30.602,104.462,3.05086,17.3624,95.7139,6.64497,91.929,86.4176,-11.9134,76.481,84.209,-14.0476,47.6226,117.02,-10.7678,103.373,
8.74771,18.0441,-11.5049,30.602,104.462,3.05086,17.3624,95.7139,6.64497,91.929,86.4176,-11.9134,76.481,84.209,-14.0476,47.6226,117.02,-10.7678,103.373,
16.0005,18.1053,-2.94453,37.8934,104.523,3.57865,17.9378,88.5223,8.21173,97.7818,86.4176,-11.9134,76.481,85.5778,-13.4093,47.5978,124.311,-14.8029,103.09,
16.0005,18.1053,-2.94453,37.8934,104.523,3.57865,17.9378,88.5223,8.21173,97.7818,86.4176,-11.9134,76.481,85.5778,-13.4093,47.5978,124.311,-14.8029,103.09,
22.2503,10.3243,6.61682,30.0966,103.596,3.78959,18.5644,81.3459,8.21711,90.894,93.2719,-13.6516,74.1616,87.9628,-12.7634,47.2844,123.368,-14.9181,103.917,
22.2503,10.3243,6.61682,30.0966,103.596,3.78959,18.5644,81.3459,8.21711,90.894,93.2719,-13.6516,74.1616,87.9628,-12.7634,47.2844,123.368,-14.9181,103.917,
22.1899,7.29718,6.61682,27.1298,103.536,3.64661,18.8962,81.3459,8.21711,90.894,96.2387,-13.3492,71.9608,87.9628,-12.7634,47.2844,123.368,-14.9181,103.917,
22.1899,7.29718,6.61682,27.1298,103.536,3.64661,18.8962,81.3459,8.21711,90.894,96.2387,-13.3492,71.9608,87.9628,-12.7634,47.2844,123.368,-14.9181,103.917,
25.1145,6.10056,12.0104,20.4901,103.581,3.3004,20.1967,78.4664,8.18116,89.1472,97.4803,-12.7139,71.116,90.4768,-11.2366,49.2667,117.97,-13.9351,104.614,
25.1145,6.10056,12.0104,20.4901,103.581,3.3004,20.1967,78.4664,8.18116,89.1472,97.4803,-12.7139,71.116,90.4768,-11.2366,49.2667,117.97,-13.9351,104.614,
29.2725,5.83523,17.3934,12.5273,103.316,3.14865,21.1672,74.043,8.28855,87.2783,97.4803,-12.7139,71.116,91.4364,-10.5928,50.0548,110.008,-11.4186,104.115,
29.2725,5.83523,17.3934,12.5273,103.316,3.14865,21.1672,74.043,8.28855,87.2783,97.4803,-12.7139,71.116,91.4364,-10.5928,50.0548,110.008,-11.4186,104.115,
33.4399,3.02121,23.8762,0.214829,103.153,2.97869,20.9291,69.7135,7.55483,81.7535,100.132,-11.9978,73.2976,93.5898,-9.23337,51.4338,100.347,-7.72782,102.905,
33.4399,3.02121,23.8762,0.214829,103.153,2.97869,20.9291,69.7135,7.55483,81.7535,100.132,-11.9978,73.2976,93.5898,-9.23337,51.4338,100.347,-7.72782,102.905,
35.218,1.25326,25.0106,-2.19678,103.797,2.67333,19.4373,68.5792,6.39455,79.2051,102.544,-11.3551,71.475,93.5898,-9.23337,51.4338,100.347,-7.72782,102.905,
35.218,1.25326,25.0106,-2.19678,103.797,2.67333,19.4373,68.5792,6.39455,79.2051,102.544,-11.3551,71.475,93.5898,-9.23337,51.4338,100.347,-7.72782,102.905,
35.9769,0.623527,28.348,-20.6509,104.556,2.1322,19.5245,68.5792,6.39455,79.2051,103.932,-10.959,70.5111,96.9271,-7.49394,51.9257,83.2816,-1.98415,102.696,
35.9769,0.623527,28.348,-20.6509,104.556,2.1322,19.5245,68.5792,6.39455,79.2051,103.932,-10.959,70.5111,96.9271,-7.49394,51.9257,83.2816,-1.98415,102.696,
35.6943,0.802505,28.9515,-20.6509,104.735,2.06075,19.4029,69.0407,3.78307,76.8338,103.932,-10.959,70.5111,97.9921,-7.00332,51.7994,83.2816,-1.98415,102.696,
35.6943,0.802505,28.9515,-20.6509,104.735,2.06075,19.4029,69.0407,3.78307,76.8338,103.932,-10.959,70.5111,97.9921,-7.00332,51.7994,83.2816,-1.98415,102.696,
31.2533,-2.71801,26.226,-42.1157,105.084,2.0808,18.9893,73.831,4.01366,78.9153,107.802,-9.87254,69.4151,100.057,-5.89082,51.3634,65.6866,6.2117,102.16,
31.2533,-2.71801,26.226,-42.1157,105.084,2.0808,18.9893,73.831,4.01366,78.9153,107.802,-9.87254,69.4151,100.057,-5.89082,51.3634,65.6866,6.2117,102.16,
30.1313,-3.35313,24.5315,-43.3234,105.657,2.37925,18.718,75.5255,5.03407,79.8944,109.01,-9.32619,68.9344,100.057,-5.89082,51.3634,65.6866,6.2117,102.16,
30.1313,-3.35313,24.5315,-43.3234,105.657,2.37925,18.718,75.5255,5.03407,79.8944,109.01,-9.32619,68.9344,100.057,-5.89082,51.3634,65.6866,6.2117,102.16,
30.3866,-3.07184,28.2064,-61.5902,105.912,2.60416,18.7722,75.5255,5.03407,79.8944,108.984,-9.1966,68.8588,103.732,-3.68908,50.899,47.3938,9.90023,92.1468,
30.3866,-3.07184,28.2064,-61.5902,105.912,2.60416,18.7722,75.5255,5.03407,79.8944,108.984,-9.1966,68.8588,103.732,-3.68908,50.899,47.3938,9.90023,92.1468,
34.7664,-3.0609,36.6178,-60.2549,105.923,3.08176,19.288,71.1567,6.51124,73.4459,108.984,-9.1966,68.8588,107.775,-1.4863,51.1517,48.7291,8.85823,91.3411,
34.7664,-3.0609,36.6178,-60.2549,105.923,3.08176,19.288,71.1567,6.51124,73.4459,108.984,-9.1966,68.8588,107.775,-1.4863,51.1517,48.7291,8.85823,91.3411,
33.092,0.179356,36.3908,-55.4489,106.758,3.50101,17.8205,73.6658,6.98703,73.9216,106.578,-9.18322,69.5292,110.057,-0.17836,51.287,51.1296,10.4137,93.4394,
33.092,0.179356,36.3908,-55.4489,106.758,3.50101,17.8205,73.6658,6.98703,73.9216,106.578,-9.18322,69.5292,110.057,-0.17836,51.287,51.1296,10.4137,93.4394,
28.4691,4.03651,31.7762,-51.5834,106.749,3.24979,18.5649,78.2804,7.6527,76.7592,102.713,-9.23334,70.9136,110.057,-0.17836,51.287,51.1296,10.4137,93.4394,
28.4691,4.03651,31.7762,-51.5834,106.749,3.24979,18.5649,78.2804,7.6527,76.7592,102.713,-9.23334,70.9136,110.057,-0.17836,51.287,51.1296,10.4137,93.4394,
19.6359,7.43549,31.0217,-37.7453,106.038,2.9921,20.0648,86.4021,8.46944,79.546,98.6026,-9.09376,72.6262,117.424,6.19088,48.1497,60.8572,11.1333,98.4827,
19.6359,7.43549,31.0217,-37.7453,106.038,2.9921,20.0648,86.4021,8.46944,79.546,98.6026,-9.09376,72.6262,117.424,6.19088,48.1497,60.8572,11.1333,98.4827,
19.7347,6.48662,36.7712,-35.4388,105.089,2.94512,20.5417,85.3545,8.33416,76.827,98.6026,-9.09376,72.6262,122.126,13.8328,42.3692,63.1638,11.0746,98.7598,
19.7347,6.48662,36.7712,-35.4388,105.089,2.94512,20.5417,85.3545,8.33416,76.827,98.6026,-9.09376,72.6262,122.126,13.8328,42.3692,63.1638,11.0746,98.7598,
20.8402,15.8522,41.2001,-25.2965,106.265,3.25672,18.9754,85.4247,9.12641,77.5101,90.4128,-8.82279,68.079,126.625,16.3918,41.878,65.1163,10.4898,98.2661,
20.8402,15.8522,41.2001,-25.2965,106.265,3.25672,18.9754,85.4247,9.12641,77.5101,90.4128,-8.82279,68.079,126.625,16.3918,41.878,65.1163,10.4898,98.2661,
19.6443,21.3696,42.4854,-20.7841,107.27,2.55565,16.9783,87.6257,10.1567,78.02,85.9003,-10.6384,69.2207,130.111,17.8206,42.638,65.1163,10.4898,98.2661,
19.6443,21.3696,42.4854,-20.7841,107.27,2.55565,16.9783,87.6257,10.1567,78.02,85.9003,-10.6384,69.2207,130.111,17.8206,42.638,65.1163,10.4898,98.2661,
12.4933,20.2163,37.7093,-15.3901,106.117,1.89117,17.4418,93.6234,11.7242,80.3389,85.9003,-10.6384,69.2207,131.333,17.976,44.112,70.5103,8.90871,98.2024,
12.4933,20.2163,37.7093,-15.3901,106.117,1.89117,17.4418,93.6234,11.7242,80.3389,85.9003,-10.6384,69.2207,131.333,17.976,44.112,70.5103,8.90871,98.2024,
10.4332,27.8441,33.1127,-7.61595,106.951,3.30107,16.2935,96.5175,11.5844,82.1385,79.1066,-11.4062,73.6188,129.63,17.5284,43.8469,71.4907,8.61462,98.2377,
10.4332,27.8441,33.1127,-7.61595,106.951,3.30107,16.2935,96.5175,11.5844,82.1385,79.1066,-11.4062,73.6188,129.63,17.5284,43.8469,71.4907,8.61462,98.2377,
10.7852,28.1961,33.1127,-6.62435,107.303,3.62551,15.9637,96.5175,11.5844,82.1385,79.1066,-11.4062,73.6188,129.63,17.5284,43.8469,72.4823,8.47695,98.3996,
10.7852,28.1961,33.1127,-6.62435,107.303,3.62551,15.9637,96.5175,11.5844,82.1385,79.1066,-11.4062,73.6188,129.63,17.5284,43.8469,72.4823,8.47695,98.3996,
9.35955,34.531,29.4145,1.89373,107.046,3.75861,15.6244,97.6868,11.2799,83.3382,72.5154,-15.0796,77.6827,127.101,16.1249,43.7401,74.4091,8.00253,98.7313,
9.35955,34.531,29.4145,1.89373,107.046,3.75861,15.6244,97.6868,11.2799,83.3382,72.5154,-15.0796,77.6827,127.101,16.1249,43.7401,74.4091,8.00253,98.7313,
4.84302,33.4468,12.7339,4.11712,105.962,3.52997,16.051,101.119,10.9284,85.5491,72.5154,-15.0796,77.6827,113.853,5.8916,50.1296,76.6325,7.15035,98.852,
4.84302,33.4468,12.7339,4.11712,105.962,3.52997,16.051,101.119,10.9284,85.5491,72.5154,-15.0796,77.6827,113.853,5.8916,50.1296,76.6325,7.15035,98.852,
2.00502,37.6815,4.9939,10.4469,106.134,3.70688,16.4576,104.129,10.9439,87.9125,68.4522,-14.439,87.0126,109.123,3.5229,51.4172,78.8992,6.43119,98.6918,
2.00502,37.6815,4.9939,10.4469,106.134,3.70688,16.4576,104.129,10.9439,87.9125,68.4522,-14.439,87.0126,109.123,3.5229,51.4172,78.8992,6.43119,98.6918,
1.26585,39.4419,-1.68842,11.4723,106.869,4.41624,17.3393,105.603,10.9427,88.6669,67.4269,-12.2746,90.8972,103.915,1.41727,51.7674,78.8992,6.43119,98.6918,
1.26585,39.4419,-1.68842,11.4723,106.869,4.41624,17.3393,105.603,10.9427,88.6669,67.4269,-12.2746,90.8972,103.915,1.41727,51.7674,78.8992,6.43119,98.6918,
1.08862,38.5308,-1.68842,12.8146,106.692,4.48005,18.3726,105.603,10.9427,88.6669,68.1608,-11.6235,91.409,103.915,1.41727,51.7674,80.9753,5.49926,97.6715,
1.08862,38.5308,-1.68842,12.8146,106.692,4.48005,18.3726,105.603,10.9427,88.6669,68.1608,-11.6235,91.409,103.915,1.41727,51.7674,80.9753,5.49926,97.6715,
-1.25846,38.413,-25.3133,14.9123,106.574,4.30319,18.83,107.832,10.8922,89.3994,68.1608,-11.6235,91.409,82.5189,-9.26882,50.6877,83.073,4.48313,95.5436,
-1.25846,38.413,-25.3133,14.9123,106.574,4.30319,18.83,107.832,10.8922,89.3994,68.1608,-11.6235,91.409,82.5189,-9.26882,50.6877,83.073,4.48313,95.5436,
-2.88209,36.4294,-32.402,15.0536,106.807,4.30578,19.1823,109.689,10.4589,90.3127,70.3772,-11.7654,90.777,77.2867,-12.138,52.2083,85.4307,3.76153,94.3604,
-2.88209,36.4294,-32.402,15.0536,106.807,4.30578,19.1823,109.689,10.4589,90.3127,70.3772,-11.7654,90.777,77.2867,-12.138,52.2083,85.4307,3.76153,94.3604,
-2.42408,38.1375,-37.7137,16.1473,107.421,4.50218,19.0091,109.845,10.5506,90.45,69.2835,-12.321,90.9099,72.1314,-14.2969,54.6992,85.4307,3.76153,94.3604,
-2.42408,38.1375,-37.7137,16.1473,107.421,4.50218,19.0091,109.845,10.5506,90.45,69.2835,-12.321,90.9099,72.1314,-14.2969,54.6992,85.4307,3.76153,94.3604,
-2.06787,39.6786,-45.5438,22.2974,107.777,4.4868,19.2274,109.845,10.5506,90.45,68.0985,-12.855,92.1768,64.3012,-17.2572,58.1368,90.396,2.44959,93.837,
-2.06787,39.6786,-45.5438,22.2974,107.777,4.4868,19.2274,109.845,10.5506,90.45,68.0985,-12.855,92.1768,64.3012,-17.2572,58.1368,90.396,2.44959,93.837,
-2.33741,39.842,-41.9896,26.7025,107.941,4.45185,20.506,110.278,10.707,91.0005,68.0985,-12.855,92.1768,68.2883,-19.4125,53.302,94.801,1.05508,94.0012,
-2.33741,39.842,-41.9896,26.7025,107.941,4.45185,20.506,110.278,10.707,91.0005,68.0985,-12.855,92.1768,68.2883,-19.4125,53.302,94.801,1.05508,94.0012,
-0.469468,37.5968,-37.9083,26.9511,107.829,4.64063,20.9652,108.298,9.75185,92.5292,70.2321,-14.0178,91.903,70.3901,-19.9989,50.8116,97.1832,0.309069,94.1788,
-0.469468,37.5968,-37.9083,26.9511,107.829,4.64063,20.9652,108.298,9.75185,92.5292,70.2321,-14.0178,91.903,70.3901,-19.9989,50.8116,97.1832,0.309069,94.1788,
2.19765,26.7144,-34.2719,17.0379,106.86,4.9285,20.1113,104.662,9.3056,90.8983,80.1453,-13.7315,85.7425,70.3901,-19.9989,50.8116,97.1832,0.309069,94.1788,
2.19765,26.7144,-34.2719,17.0379,106.86,4.9285,20.1113,104.662,9.3056,90.8983,80.1453,-13.7315,85.7425,70.3901,-19.9989,50.8116,97.1832,0.309069,94.1788,
2.19765,26.7144,-34.2719,17.0379,106.86,4.9285,20.1113,104.662,9.3056,90.8983,80.1453,-13.7315,85.7425,70.3901,-19.9989,50.8116,97.1832,0.309069,94.1788,
2.19765,26.7144,-34.2719,17.0379,106.86,4.9285,20.1113,104.662,9.3056,90.8983,80.1453,-13.7315,85.7425,70.3901,-19.9989,50.8116,97.1832,0.309069,94.1788,
11.9583,24.2941,-13.1525,28.7616,106.869,5.37419,18.5317,94.9108,4.72553,97.6215,82.575,-12.7654,86.4809,81.7582,-17.5058,46.7066,111.337,-8.75641,103.73,
11.9583,24.2941,-13.1525,28.7616,106.869,5.37419,18.5317,94.9108,4.72553,97.6215,82.575,-12.7654,86.4809,81.7582,-17.5058,46.7066,111.337,-8.75641,103.73,
14.7808,20.6687,-9.30488,28.6697,107.61,6.09054,18.1679,92.8291,4.82384,101.656,86.9412,-13.8634,86.1662,83.5242,-16.7673,47.0982,115.611,-10.6268,104.683,
14.7808,20.6687,-9.30488,28.6697,107.61,6.09054,18.1679,92.8291,4.82384,101.656,86.9412,-13.8634,86.1662,83.5242,-16.7673,47.0982,115.611,-10.6268,104.683,
17.5468,16.6539,-6.93897,24.2549,108.01,6.85932,17.9184,90.4632,5.64699,102.266,91.356,-14.3018,83.8214,83.5242,-16.7673,47.0982,115.611,-10.6268,104.683,
17.5468,16.6539,-6.93897,24.2549,108.01,6.85932,17.9184,90.4632,5.64699,102.266,91.356,-14.3018,83.8214,83.5242,-16.7673,47.0982,115.611,-10.6268,104.683,
16.0197,12.1662,-1.61709,25.5087,106.483,7.02795,17.6335,90.4632,5.64699,102.266,94.3167,-14.6789,82.3117,88.8461,-14.3613,46.8602,119.825,-13.8169,104.378,
16.0197,12.1662,-1.61709,25.5087,106.483,7.02795,17.6335,90.4632,5.64699,102.266,94.3167,-14.6789,82.3117,88.8461,-14.3613,46.8602,119.825,-13.8169,104.378,
27.1441,12.0904,10.4577,22.7007,106.407,6.55524,18.4983,79.263,6.20341,91.1939,94.3167,-14.6789,82.3117,89.7207,-13.9175,47.4336,117.017,-13.6306,105.071,
27.1441,12.0904,10.4577,22.7007,106.407,6.55524,18.4983,79.263,6.20341,91.1939,94.3167,-14.6789,82.3117,89.7207,-13.9175,47.4336,117.017,-13.6306,105.071,
29.2988,9.35723,13.1407,16.3801,106.633,6.43588,18.8896,77.3339,6.37357,89.8264,97.2754,-14.1988,80.4645,90.4745,-13.4584,48.1407,113.656,-12.9862,105.132,
29.2988,9.35723,13.1407,16.3801,106.633,6.43588,18.8896,77.3339,6.37357,89.8264,97.2754,-14.1988,80.4645,90.4745,-13.4584,48.1407,113.656,-12.9862,105.132,
30.6747,7.63238,14.1346,14.2733,107.015,6.22657,19.8542,76.3399,6.74291,88.7009,99.3822,-13.4922,80.1716,90.4745,-13.4584,48.1407,113.656,-12.9862,105.132,
30.6747,7.63238,14.1346,14.2733,107.015,6.22657,19.8542,76.3399,6.74291,88.7009,99.3822,-13.4922,80.1716,90.4745,-13.4584,48.1407,113.656,-12.9862,105.132,
31.9196,5.88716,20.229,-4.09008,106.015,5.85125,19.8772,74.0953,7.23097,83.2237,100.128,-13.328,80.0398,94.3243,-10.9777,50.8916,96.0377,-7.83774,101.41,
31.9196,5.88716,20.229,-4.09008,106.015,5.85125,19.8772,74.0953,7.23097,83.2237,100.128,-13.328,80.0398,94.3243,-10.9777,50.8916,96.0377,-7.83774,101.41,
34.7522,6.14437,23.8287,-9.48936,106.272,5.44979,19.1338,71.52,5.22113,76.7843,100.128,-13.328,80.0398,95.3486,-10.4722,51.3333,90.6384,-6.20312,100.818,
34.7522,6.14437,23.8287,-9.48936,106.272,5.44979,19.1338,71.52,5.22113,76.7843,100.128,-13.328,80.0398,95.3486,-10.4722,51.3333,90.6384,-6.20312,100.818,
35.4219,0.772139,25.0705,-20.9889,106.722,5.00024,18.7767,71.3005,2.97375,73.7742,105.95,-11.7376,76.701,96.371,-9.93136,51.6305,84.9614,-4.31401,100.774,
35.4219,0.772139,25.0705,-20.9889,106.722,5.00024,18.7767,71.3005,2.97375,73.7742,105.95,-11.7376,76.701,96.371,-9.93136,51.6305,84.9614,-4.31401,100.774,
35.5594,-0.599571,25.0705,-22.4981,106.86,4.71078,18.6815,71.3005,2.97375,73.7742,107.46,-11.3422,75.6352,96.371,-9.93136,51.6305,84.9614,-4.31401,100.774,
35.5594,-0.599571,25.0705,-22.4981,106.86,4.71078,18.6815,71.3005,2.97375,73.7742,107.46,-11.3422,75.6352,96.371,-9.93136,51.6305,84.9614,-4.31401,100.774,
33.7228,-1.97823,26.9579,-46.6433,106.836,4.70512,18.4855,73.113,3.05771,75.4635,108.814,-11.0369,74.8221,100.071,-8.02327,51.2616,62.1708,4.37517,96.0956,
33.7228,-1.97823,26.9579,-46.6433,106.836,4.70512,18.4855,73.113,3.05771,75.4635,108.814,-11.0369,74.8221,100.071,-8.02327,51.2616,62.1708,4.37517,96.0956,
33.7501,-1.95091,27.9494,-51.7955,106.863,4.57764,18.5589,73.113,3.05771,75.4635,108.814,-11.0369,74.8221,101.062,-7.43859,51.0034,57.0186,6.22112,94.3311,
33.7501,-1.95091,27.9494,-51.7955,106.863,4.57764,18.5589,73.113,3.05771,75.4635,108.814,-11.0369,74.8221,101.062,-7.43859,51.0034,57.0186,6.22112,94.3311,
34.7156,-4.14053,30.0025,-58.6245,106.962,4.55536,18.7399,72.2468,4.85665,76.1525,111.103,-10.1999,73.8148,102.249,-6.7997,50.8033,52.4784,7.95976,93.1718,
34.7156,-4.14053,30.0025,-58.6245,106.962,4.55536,18.7399,72.2468,4.85665,76.1525,111.103,-10.1999,73.8148,102.249,-6.7997,50.8033,52.4784,7.95976,93.1718,
35.0353,-4.07305,30.0025,-64.4043,107.282,4.9185,18.7573,72.2468,4.85665,76.1525,111.355,-9.97257,73.2445,102.249,-6.7997,50.8033,46.9508,11.2552,95.7307,
35.0353,-4.07305,30.0025,-64.4043,107.282,4.9185,18.7573,72.2468,4.85665,76.1525,111.355,-9.97257,73.2445,102.249,-6.7997,50.8033,46.9508,11.2552,95.7307,
39.15,-4.27244,41.1324,-60.038,107.083,4.96764,18.4061,67.9328,7.10148,73.6631,111.355,-9.97257,73.2445,109.065,-2.78212,50.9217,51.3171,11.6776,97.0119,
39.15,-4.27244,41.1324,-60.038,107.083,4.96764,18.4061,67.9328,7.10148,73.6631,111.355,-9.97257,73.2445,109.065,-2.78212,50.9217,51.3171,11.6776,97.0119,
29.2756,-3.60781,34.0491,-56.1678,106.511,4.29277,19.5874,77.2358,8.90486,76.0798,110.119,-9.44311,71.6661,111.285,-1.3981,50.6696,53.9513,13.4244,98.4559,
29.2756,-3.60781,34.0491,-56.1678,106.511,4.29277,19.5874,77.2358,8.90486,76.0798,110.119,-9.44311,71.6661,111.285,-1.3981,50.6696,53.9513,13.4244,98.4559,
28.564,2.59656,36.4181,-49.2519,105.8,4.09726,20.6549,77.2358,8.90486,76.0798,103.203,-9.11466,72.6674,113.654,0.381487,49.7867,53.9513,13.4244,98.4559,
28.564,2.59656,36.4181,-49.2519,105.8,4.09726,20.6549,77.2358,8.90486,76.0798,103.203,-9.11466,72.6674,113.654,0.381487,49.7867,53.9513,13.4244,98.4559,
24.0609,6.62475,32.1872,-44.9515,105.528,4.16921,20.7987,81.4667,9.01288,76.7328,98.9028,-8.82386,73.4089,113.654,0.381487,49.7867,53.9513,13.4244,98.4559,
24.0609,6.62475,32.1872,-44.9515,105.528,4.16921,20.7987,81.4667,9.01288,76.7328,98.9028,-8.82386,73.4089,113.654,0.381487,49.7867,53.9513,13.4244,98.4559,
24.7816,9.96598,42.7693,-32.6942,106.003,4.89638,19.5094,81.2216,7.08929,73.246,96.0373,-8.18439,73.0393,123.991,12.158,42.1762,63.343,11.2622,102.982,
24.7816,9.96598,42.7693,-32.6942,106.003,4.89638,19.5094,81.2216,7.08929,73.246,96.0373,-8.18439,73.0393,123.991,12.158,42.1762,63.343,11.2622,102.982,
21.5572,13.1329,46.7786,-25.7943,106.276,5.03893,16.2607,84.7186,9.30641,74.7952,93.143,-7.81235,66.7994,131.497,16.4701,42.1191,67.3487,10.2368,102.376,
21.5572,13.1329,46.7786,-25.7943,106.276,5.03893,16.2607,84.7186,9.30641,74.7952,93.143,-7.81235,66.7994,131.497,16.4701,42.1191,67.3487,10.2368,102.376,
16.9331,18.6467,42.9609,-19.474,105.469,4.03729,15.4894,88.5363,10.5347,75.3375,86.8228,-10.2149,67.409,131.497,16.4701,42.1191,67.3487,10.2368,102.376,
16.9331,18.6467,42.9609,-19.474,105.469,4.03729,15.4894,88.5363,10.5347,75.3375,86.8228,-10.2149,67.409,131.497,16.4701,42.1191,67.3487,10.2368,102.376,
16.8376,22.2511,44.5216,-11.7611,105.374,3.91533,16.6491,88.5363,10.5347,75.3375,83.1228,-10.5058,70.8648,133.058,16.8297,43.3877,71.3618,8.79965,106.437,
16.8376,22.2511,44.5216,-11.7611,105.374,3.91533,16.6491,88.5363,10.5347,75.3375,83.1228,-10.5058,70.8648,133.058,16.8297,43.3877,71.3618,8.79965,106.437,
10.9255,21.7864,34.1738,-9.37781,104.909,4.70676,17.1654,93.9838,11.8876,81.6849,83.1228,-10.5058,70.8648,128.158,14.4898,44.1844,73.745,8.37439,106.639,
10.9255,21.7864,34.1738,-9.37781,104.909,4.70676,17.1654,93.9838,11.8876,81.6849,83.1228,-10.5058,70.8648,128.158,14.4898,44.1844,73.745,8.37439,106.639,
8.92923,26.6469,29.4508,-3.17824,104.596,4.9561,16.5019,95.6671,11.6664,82.8119,77.9494,-11.4692,71.6532,125.118,12.9193,44.9201,74.7711,7.99754,106.654,
8.92923,26.6469,29.4508,-3.17824,104.596,4.9561,16.5019,95.6671,11.6664,82.8119,77.9494,-11.4692,71.6532,125.118,12.9193,44.9201,74.7711,7.99754,106.654,
8.54822,27.2857,29.4508,-2.15844,104.215,4.78882,16.0099,95.6671,11.6664,82.8119,76.9296,-12.1846,72.5065,125.118,12.9193,44.9201,74.7711,7.99754,106.654,
8.54822,27.2857,29.4508,-2.15844,104.215,4.78882,16.0099,95.6671,11.6664,82.8119,76.9296,-12.1846,72.5065,125.118,12.9193,44.9201,74.7711,7.99754,106.654,
6.77497,29.4382,20.8262,3.43918,103.886,4.60376,15.9208,97.1106,11.5281,83.3282,74.4474,-14.8343,76.4366,117.937,8.62978,47.497,77.8865,6.36766,107.997,
6.77497,29.4382,20.8262,3.43918,103.886,4.60376,15.9208,97.1106,11.5281,83.3282,74.4474,-14.8343,76.4366,117.937,8.62978,47.497,77.8865,6.36766,107.997,
3.60764,29.6877,2.69088,5.7154,104.135,5.1486,16.6526,100.527,11.3623,84.6357,74.4474,-14.8343,76.4366,103.218,1.35715,51.58,80.1628,5.30823,107.03,
3.60764,29.6877,2.69088,5.7154,104.135,5.1486,16.6526,100.527,11.3623,84.6357,74.4474,-14.8343,76.4366,103.218,1.35715,51.58,80.1628,5.30823,107.03,
0.801154,34.0147,-6.10394,10.9449,104.312,5.87823,17.7589,103.511,11.0268,86.5006,70.2975,-12.4086,87.0241,97.4071,-0.955071,51.6114,81.2424,4.78247,106.423,
0.801154,34.0147,-6.10394,10.9449,104.312,5.87823,17.7589,103.511,11.0268,86.5006,70.2975,-12.4086,87.0241,97.4071,-0.955071,51.6114,81.2424,4.78247,106.423,
-0.442976,33.2554,-7.30253,10.2311,104.267,5.90304,18.5916,104.71,10.8521,87.0944,71.0113,-11.3593,87.8079,97.4071,-0.955071,51.6114,81.2424,4.78247,106.423,
-0.442976,33.2554,-7.30253,10.2311,104.267,5.90304,18.5916,104.71,10.8521,87.0944,71.0113,-11.3593,87.8079,97.4071,-0.955071,51.6114,81.2424,4.78247,106.423,
-0.0229699,32.734,-29.7469,11.4169,104.687,5.95883,19.4775,104.71,10.8521,87.0944,71.9527,-10.9508,87.8184,74.9627,-12.4892,53.6778,83.3696,3.72784,107.597,
-0.0229699,32.734,-29.7469,11.4169,104.687,5.95883,19.4775,104.71,10.8521,87.0944,71.9527,-10.9508,87.8184,74.9627,-12.4892,53.6778,83.3696,3.72784,107.597,
0.194048,32.951,-34.6693,13.8368,104.904,6.01557,19.5691,104.71,10.8521,87.0944,71.9527,-10.9508,87.8184,70.0404,-14.7072,55.4035,85.7895,3.10306,106.815,
0.194048,32.951,-34.6693,13.8368,104.904,6.01557,19.5691,104.71,10.8521,87.0944,71.9527,-10.9508,87.8184,70.0404,-14.7072,55.4035,85.7895,3.10306,106.815,
-1.74646,36.3965,-41.2715,19.5847,105.437,6.08447,19.5657,107.183,10.7595,88.9479,69.0404,-11.9775,88.7,65.9119,-16.4271,56.8151,88.6251,2.23905,106.637,
-1.74646,36.3965,-41.2715,19.5847,105.437,6.08447,19.5657,107.183,10.7595,88.9479,69.0404,-11.9775,88.7,65.9119,-16.4271,56.8151,88.6251,2.23905,106.637,
-1.62666,38.5004,-41.4057,21.4346,105.691,5.83344,20.3942,107.318,10.689,89.226,67.1905,-13.2492,90.7353,65.9119,-16.4271,56.8151,88.6251,2.23905,106.637,
-1.62666,38.5004,-41.4057,21.4346,105.691,5.83344,20.3942,107.318,10.689,89.226,67.1905,-13.2492,90.7353,65.9119,-16.4271,56.8151,88.6251,2.23905,106.637,
-1.63791,38.4892,-36.6175,30.1524,105.68,5.8815,21.0212,107.318,10.689,89.226,67.1905,-13.2492,90.7353,70.7001,-17.5982,52.4487,97.3429,-0.397818,107.279,
-1.63791,38.4892,-36.6175,30.1524,105.68,5.8815,21.0212,107.318,10.689,89.226,67.1905,-13.2492,90.7353,70.7001,-17.5982,52.4487,97.3429,-0.397818,107.279,
4.57351,38.2961,-28.0466,32.7523,105.487,6.10015,20.9529,100.913,9.05805,88.0669,67.1905,-13.2492,90.7353,72.8665,-18.6728,48.9793,99.9428,-1.28249,108.261,
4.57351,38.2961,-28.0466,32.7523,105.487,6.10015,20.9529,100.913,9.05805,88.0669,67.1905,-13.2492,90.7353,72.8665,-18.6728,48.9793,99.9428,-1.28249,108.261,
7.49511,22.0475,-22.7079,19.3596,105.133,6.35303,20.0125,97.6374,7.78965,86.6123,83.085,-12.7454,81.5089,74.9295,-18.7276,46.6099,102.445,-2.621,110.03,
7.49511,22.0475,-22.7079,19.3596,105.133,6.35303,20.0125,97.6374,7.78965,86.6123,83.085,-12.7454,81.5089,74.9295,-18.7276,46.6099,102.445,-2.621,110.03,
9.4517,22.4054,-20.3272,20.1416,104.708,6.379,19.353,95.2566,6.43191,87.9709,82.3029,-11.925,84.9163,74.9295,-18.7276,46.6099,102.445,-2.621,110.03,
9.4517,22.4054,-20.3272,20.1416,104.708,6.379,19.353,95.2566,6.43191,87.9709,82.3029,-11.925,84.9163,74.9295,-18.7276,46.6099,102.445,-2.621,110.03,
14.5381,24.2776,-9.76423,32.0709,104.552,6.50785,18.9894,90.0142,5.82829,101.666,80.2747,-11.8164,87.0277,80.2499,-17.3042,43.6386,112.346,-9.90767,119.937,
14.5381,24.2776,-9.76423,32.0709,104.552,6.50785,18.9894,90.0142,5.82829,101.666,80.2747,-11.8164,87.0277,80.2499,-17.3042,43.6386,112.346,-9.90767,119.937,
17.9105,21.4772,-1.19902,35.7802,105.691,7.29143,18.9518,87.7806,6.77227,101.125,84.2139,-12.9794,83.5999,86.5815,-15.5325,42.3697,119.994,-13.1037,120.565,
17.9105,21.4772,-1.19902,35.7802,105.691,7.29143,18.9518,87.7806,6.77227,101.125,84.2139,-12.9794,83.5999,86.5815,-15.5325,42.3697,119.994,-13.1037,120.565,
24.5056,17.2953,6.5527,32.7555,105.933,8.13048,18.7989,81.4278,6.99023,92.8789,88.638,-13.6483,80.5772,87.9805,-14.9425,41.9339,121.394,-13.8703,119.665,
24.5056,17.2953,6.5527,32.7555,105.933,8.13048,18.7989,81.4278,6.99023,92.8789,88.638,-13.6483,80.5772,87.9805,-14.9425,41.9339,121.394,-13.8703,119.665,
22.7577,15.5475,9.52807,32.7555,104.185,8.13941,18.4852,81.4278,6.99023,92.8789,88.638,-13.6483,80.5772,90.9559,-13.2856,40.8189,121.394,-13.8703,119.665,
22.7577,15.5475,9.52807,32.7555,104.185,8.13941,18.4852,81.4278,6.99023,92.8789,88.638,-13.6483,80.5772,90.9559,-13.2856,40.8189,121.394,-13.8703,119.665,
25.8633,9.21758,13.4254,18.7896,104.244,8.01946,18.4793,78.3804,6.68202,89.7598,95.0261,-14.2286,76.3089,91.8058,-13.0105,40.7134,113.816,-12.8669,120.251,
25.8633,9.21758,13.4254,18.7896,104.244,8.01946,18.4793,78.3804,6.68202,89.7598,95.0261,-14.2286,76.3089,91.8058,-13.0105,40.7134,113.816,-12.8669,120.251,
33.7026,7.98462,22.3423,13.1077,105.016,7.85602,18.8145,71.3134,7.2932,82.548,97.0314,-13.1417,75.0874,93.6557,-11.8874,40.7866,110.139,-11.9265,119.216,
33.7026,7.98462,22.3423,13.1077,105.016,7.85602,18.8145,71.3134,7.2932,82.548,97.0314,-13.1417,75.0874,93.6557,-11.8874,40.7866,110.139,-11.9265,119.216,
33.7867,8.06871,22.3423,13.1077,105.1,7.81777,19.0528,71.3134,7.2932,82.548,97.0314,-13.1417,75.0874,93.6557,-11.8874,40.7866,110.139,-11.9265,119.216,
33.7867,8.06871,22.3423,13.1077,105.1,7.81777,19.0528,71.3134,7.2932,82.548,97.0314,-13.1417,75.0874,93.6557,-11.8874,40.7866,110.139,-11.9265,119.216,
35.0384,4.32182,25.9119,-3.79287,104.829,7.74576,19.4301,69.7901,6.87819,79.5746,100.507,-12.5696,73.3416,95.7021,-10.5153,41.6823,96.7138,-8.39569,117.711,
35.0384,4.32182,25.9119,-3.79287,104.829,7.74576,19.4301,69.7901,6.87819,79.5746,100.507,-12.5696,73.3416,95.7021,-10.5153,41.6823,96.7138,-8.39569,117.711,
37.8454,4.628,31.6096,-20.9927,105.135,7.82469,18.5345,67.2893,4.46048,73.4892,100.507,-12.5696,73.3416,98.8989,-8.06523,44.4928,79.5141,-3.60089,118.024,
37.8454,4.628,31.6096,-20.9927,105.135,7.82469,18.5345,67.2893,4.46048,73.4892,100.507,-12.5696,73.3416,98.8989,-8.06523,44.4928,79.5141,-3.60089,118.024,
36.7254,2.34019,31.0475,-29.7185,105.574,7.6204,17.5704,68.8487,1.58638,71.6175,103.234,-11.7684,71.2807,99.8962,-7.34982,45.7211,73.5154,-1.23896,118.133,
36.7254,2.34019,31.0475,-29.7185,105.574,7.6204,17.5704,68.8487,1.58638,71.6175,103.234,-11.7684,71.2807,99.8962,-7.34982,45.7211,73.5154,-1.23896,118.133,
35.8421,-0.943481,29.6242,-33.5421,106.114,6.96626,16.8055,70.272,1.65733,72.8563,107.058,-10.2124,68.7139,99.8962,-7.34982,45.7211,73.5154,-1.23896,118.133,
35.8421,-0.943481,29.6242,-33.5421,106.114,6.96626,16.8055,70.272,1.65733,72.8563,107.058,-10.2124,68.7139,99.8962,-7.34982,45.7211,73.5154,-1.23896,118.133,
36.1537,-1.30447,33.7374,-45.5549,106.426,6.44782,15.8404,70.272,1.65733,72.8563,107.73,-9.96299,68.6007,104.009,-4.85053,47.6549,62.1752,3.33781,116.666,
36.1537,-1.30447,33.7374,-45.5549,106.426,6.44782,15.8404,70.272,1.65733,72.8563,107.73,-9.96299,68.6007,104.009,-4.85053,47.6549,62.1752,3.33781,116.666,
36.1606,-1.29749,33.7374,-45.5549,106.433,6.48062,15.6902,70.272,1.65733,72.8563,107.73,-9.96299,68.6007,104.009,-4.85053,47.6549,62.1752,3.33781,116.666,
36.1606,-1.29749,33.7374,-45.5549,106.433,6.48062,15.6902,70.272,1.65733,72.8563,107.73,-9.96299,68.6007,104.009,-4.85053,47.6549,62.1752,3.33781,116.666,
33.4405,-1.58373,33.7596,-62.6269,106.457,6.49634,15.5478,73.0165,2.34233,74.463,108.041,-9.83684,68.4133,106.776,-3.25515,48.1315,45.4139,8.74539,110.261,
33.4405,-1.58373,33.7596,-62.6269,106.457,6.49634,15.5478,73.0165,2.34233,74.463,108.041,-9.83684,68.4133,106.776,-3.25515,48.1315,45.4139,8.74539,110.261,
42.2071,-0.346994,41.9086,-62.0077,107.075,6.58726,15.3115,64.8675,4.98519,70.279,107.422,-9.69394,67.9794,106.776,-3.25515,48.1315,45.4139,8.74539,110.261,
42.2071,-0.346994,41.9086,-62.0077,107.075,6.58726,15.3115,64.8675,4.98519,70.279,107.422,-9.69394,67.9794,106.776,-3.25515,48.1315,45.4139,8.74539,110.261,
42.3104,1.90208,50.7551,-52.3573,107.178,6.82367,15.0637,64.8675,4.98519,70.279,105.276,-9.53318,67.775,115.623,2.62909,47.2148,52.9185,12.1452,119.457,
42.3104,1.90208,50.7551,-52.3573,107.178,6.82367,15.0637,64.8675,4.98519,70.279,105.276,-9.53318,67.775,115.623,2.62909,47.2148,52.9185,12.1452,119.457,
42.1897,1.78144,52.9933,-49.9217,107.057,7.26396,14.064,64.8675,4.98519,70.279,105.276,-9.53318,67.775,117.861,5.2291,45.7258,55.3542,11.4664,120.589,
42.1897,1.78144,52.9933,-49.9217,107.057,7.26396,14.064,64.8675,4.98519,70.279,105.276,-9.53318,67.775,117.861,5.2291,45.7258,55.3542,11.4664,120.589,
36.3197,9.63214,48.8744,-39.5455,107.197,7.343,13.6399,70.8776,6.33027,74.0387,97.5651,-9.08216,69.9025,119.752,8.65048,43.3099,58.0196,11.4521,122.025,
36.3197,9.63214,48.8744,-39.5455,107.197,7.343,13.6399,70.8776,6.33027,74.0387,97.5651,-9.08216,69.9025,119.752,8.65048,43.3099,58.0196,11.4521,122.025,
27.132,12.0895,40.087,-36.6878,106.797,6.98511,15.5323,79.665,6.80285,76.995,94.7074,-8.71088,69.9211,119.752,8.65048,43.3099,58.0196,11.4521,122.025,
27.132,12.0895,40.087,-36.6878,106.797,6.98511,15.5323,79.665,6.80285,76.995,94.7074,-8.71088,69.9211,119.752,8.65048,43.3099,58.0196,11.4521,122.025,
26.1477,13.4753,46.6246,-30.1041,106.25,6.68388,16.8822,80.1026,6.28542,74.4671,92.7751,-8.18154,68.5613,126.727,15.2982,40.1919,62.671,11.6164,121.317,
26.1477,13.4753,46.6246,-30.1041,106.25,6.68388,16.8822,80.1026,6.28542,74.4671,92.7751,-8.18154,68.5613,126.727,15.2982,40.1919,62.671,11.6164,121.317,
27.4558,16.4476,53.6329,-22.4642,106.716,6.88267,16.3092,79.2601,5.86563,73.7422,90.2682,-8.83063,61.17,132.893,18.8514,42.5448,67.8041,9.70444,120.971,
27.4558,16.4476,53.6329,-22.4642,106.716,6.88267,16.3092,79.2601,5.86563,73.7422,90.2682,-8.83063,61.17,132.893,18.8514,42.5448,67.8041,9.70444,120.971,
23.1524,30.1799,46.7023,-9.47219,108.7,7.27908,13.0433,85.5474,10.5059,76.7,78.5199,-11.2036,70.7912,132.25,18.3889,43.0285,69.0477,9.20718,121.138,
23.1524,30.1799,46.7023,-9.47219,108.7,7.27908,13.0433,85.5474,10.5059,76.7,78.5199,-11.2036,70.7912,132.25,18.3889,43.0285,69.0477,9.20718,121.138,
21.2209,32.6624,44.9963,-6.76416,108.474,6.45227,13.3016,87.2533,11.0067,78.8971,75.8119,-11.5703,73.1339,132.25,18.3889,43.0285,69.0477,9.20718,121.138,
21.2209,32.6624,44.9963,-6.76416,108.474,6.45227,13.3016,87.2533,11.0067,78.8971,75.8119,-11.5703,73.1339,132.25,18.3889,43.0285,69.0477,9.20718,121.138,
18.1927,33.2506,34.026,-2.12754,106.813,6.47421,14.1602,88.6208,11.1221,80.1656,73.5629,-12.016,74.9966,122.647,12.6265,46.6025,71.4353,8.26045,122.902,
18.1927,33.2506,34.026,-2.12754,106.813,6.47421,14.1602,88.6208,11.1221,80.1656,73.5629,-12.016,74.9966,122.647,12.6265,46.6025,71.4353,8.26045,122.902,
12.4971,37.0288,24.0913,5.00128,107.251,7.53369,13.3432,94.7543,10.164,83.6464,70.2225,-13.1961,78.2642,118.846,10.4011,47.7817,75.2238,6.22997,120.616,
12.4971,37.0288,24.0913,5.00128,107.251,7.53369,13.3432,94.7543,10.164,83.6464,70.2225,-13.1961,78.2642,118.846,10.4011,47.7817,75.2238,6.22997,120.616,
11.3039,38.8949,18.6395,6.86738,107.251,7.53369,13.3432,95.9475,10.3439,83.6358,68.3564,-13.4846,80.5413,114.587,8.17933,48.842,75.2238,6.22997,120.616,
11.3039,38.8949,18.6395,6.86738,107.251,7.53369,13.3432,95.9475,10.3439,83.6358,68.3564,-13.4846,80.5413,114.587,8.17933,48.842,75.2238,6.22997,120.616,
10.7133,41.2903,8.65805,11.8932,106.661,7.65535,13.2562,95.9475,10.3439,83.6358,65.3705,-12.3673,85.7722,104.606,3.6987,49.9282,77.2636,5.44087,116.956,
10.7133,41.2903,8.65805,11.8932,106.661,7.65535,13.2562,95.9475,10.3439,83.6358,65.3705,-12.3673,85.7722,104.606,3.6987,49.9282,77.2636,5.44087,116.956,
7.73977,42.0649,-10.7169,14.8578,106.73,7.88245,14.0734,98.9906,11.0898,84.3714,64.6655,-11.445,87.8343,88.2737,-4.50307,48.3047,79.5233,4.44883,115.575,
7.73977,42.0649,-10.7169,14.8578,106.73,7.88245,14.0734,98.9906,11.0898,84.3714,64.6655,-11.445,87.8343,88.2737,-4.50307,48.3047,79.5233,4.44883,115.575,
5.16656,41.3445,-14.1988,15.6268,107.639,8.63006,14.7013,102.472,10.8306,86.02,66.2945,-9.81337,88.9301,88.2737,-4.50307,48.3047,81.9213,3.94105,114.825,
5.16656,41.3445,-14.1988,15.6268,107.639,8.63006,14.7013,102.472,10.8306,86.02,66.2945,-9.81337,88.9301,88.2737,-4.50307,48.3047,81.9213,3.94105,114.825,
5.04556,37.4724,-20.2469,11.1635,108.23,9.41352,15.1363,103.185,10.7315,86.7899,70.7578,-10.601,86.7643,82.9377,-7.86166,48.8999,81.9213,3.94105,114.825,
5.04556,37.4724,-20.2469,11.1635,108.23,9.41352,15.1363,103.185,10.7315,86.7899,70.7578,-10.601,86.7643,82.9377,-7.86166,48.8999,81.9213,3.94105,114.825,
5.29875,37.8416,-30.3445,13.9069,108.483,9.53205,16.236,103.185,10.7315,86.7899,70.6417,-10.6914,86.2011,72.8401,-13.772,52.8916,84.5487,3.39931,114.079,
5.29875,37.8416,-30.3445,13.9069,108.483,9.53205,16.236,103.185,10.7315,86.7899,70.6417,-10.6914,86.2011,72.8401,-13.772,52.8916,84.5487,3.39931,114.079,
4.54709,37.8714,-39.1212,13.9069,108.513,9.521,17.0093,103.966,10.8041,88.0592,70.6417,-10.6914,86.2011,64.8448,-16.506,57.9006,84.5487,3.39931,114.079,
4.54709,37.8714,-39.1212,13.9069,108.513,9.521,17.0093,103.966,10.8041,88.0592,70.6417,-10.6914,86.2011,64.8448,-16.506,57.9006,84.5487,3.39931,114.079,
4.82801,38.0737,-40.6056,19.5139,108.715,9.69126,17.4822,103.887,11.0056,89.4942,70.6417,-10.6914,86.2011,63.2818,-17.2344,58.8309,90.1556,1.9483,114.254,
4.82801,38.0737,-40.6056,19.5139,108.715,9.69126,17.4822,103.887,11.0056,89.4942,70.6417,-10.6914,86.2011,63.2818,-17.2344,58.8309,90.1556,1.9483,114.254,
6.35561,37.2271,-36.7938,20.8749,108.894,9.81485,17.6355,102.538,10.7879,89.7092,71.6665,-13.5466,87.5974,65.7441,-17.2092,57.6624,92.5414,1.28563,114.313,
6.35561,37.2271,-36.7938,20.8749,108.894,9.81485,17.6355,102.538,10.7879,89.7092,71.6665,-13.5466,87.5974,65.7441,-17.2092,57.6624,92.5414,1.28563,114.313,
6.23338,31.1292,-31.568,20.3907,108.771,9.74642,18.1881,102.538,10.7879,89.7092,77.6422,-13.8021,83.2238,70.97,-20.359,49.5422,98.0329,-0.221716,113.528,
6.23338,31.1292,-31.568,20.3907,108.771,9.74642,18.1881,102.538,10.7879,89.7092,77.6422,-13.8021,83.2238,70.97,-20.359,49.5422,98.0329,-0.221716,113.528,
12.1649,30.7175,-18.229,26.1649,108.36,9.6496,19.5632,96.1947,9.41038,85.6848,77.6422,-13.8021,83.2238,77.9657,-17.9668,47.5538,103.807,-3.03057,116.937,
12.1649,30.7175,-18.229,26.1649,108.36,9.6496,19.5632,96.1947,9.41038,85.6848,77.6422,-13.8021,83.2238,77.9657,-17.9668,47.5538,103.807,-3.03057,116.937,
18.5463,27.4339,-9.8246,28.7272,108.454,10.1038,19.5265,89.9081,6.68401,93.1111,81.0205,-11.7963,86.9542,80.0835,-17.3139,47.6798,109.748,-8.71323,124.116,
18.5463,27.4339,-9.8246,28.7272,108.454,10.1038,19.5265,89.9081,6.68401,93.1111,81.0205,-11.7963,86.9542,80.0835,-17.3139,47.6798,109.748,-8.71323,124.116,
18.8216,23.1644,-7.94803,26.059,106.853,10.4314,17.8236,88.0316,7.12336,98.3256,83.6887,-12.2623,85.8186,80.0835,-17.3139,47.6798,109.748,-8.71323,124.116,
18.8216,23.1644,-7.94803,26.059,106.853,10.4314,17.8236,88.0316,7.12336,98.3256,83.6887,-12.2623,85.8186,80.0835,-17.3139,47.6798,109.748,-8.71323,124.116,
18.5454,19.4643,-7.94803,22.635,106.577,10.5724,17.2988,88.0316,7.12336,98.3256,87.1127,-12.7583,84.2006,80.0835,-17.3139,47.6798,109.748,-8.71323,124.116,
18.5454,19.4643,-7.94803,22.635,106.577,10.5724,17.2988,88.0316,7.12336,98.3256,87.1127,-12.7583,84.2006,80.0835,-17.3139,47.6798,109.748,-8.71323,124.116,
24.1864,20.2484,3.0676,34.2954,107.361,11.3401,16.0816,83.1748,8.64035,97.2806,87.1127,-12.7583,84.2006,86.2424,-14.1127,49.1491,121.408,-14.4951,123.37,
24.1864,20.2484,3.0676,34.2954,107.361,11.3401,16.0816,83.1748,8.64035,97.2806,87.1127,-12.7583,84.2006,86.2424,-14.1127,49.1491,121.408,-14.4951,123.37,
27.6403,16.8504,8.84794,26.6264,107.414,12.0458,16.644,79.774,8.36003,93.4105,90.5639,-13.6996,82.8244,88.6219,-13.1455,48.9945,117.19,-13.8835,124.395,
27.6403,16.8504,8.84794,26.6264,107.414,12.0458,16.644,79.774,8.36003,93.4105,90.5639,-13.6996,82.8244,88.6219,-13.1455,48.9945,117.19,-13.8835,124.395,
30.7283,11.7753,14.177,23.7923,105.173,11.4756,18.4377,74.4449,7.50784,88.7855,93.3979,-12.8768,80.5971,88.6219,-13.1455,48.9945,117.19,-13.8835,124.395,
30.7283,11.7753,14.177,23.7923,105.173,11.4756,18.4377,74.4449,7.50784,88.7855,93.3979,-12.8768,80.5971,88.6219,-13.1455,48.9945,117.19,-13.8835,124.395,
32.9018,11.0862,20.4173,11.0546,105.411,11.233,19.3578,72.5093,7.36843,87.6154,94.3249,-12.6678,80.2736,92.9266,-10.7347,51.9959,105.379,-10.2877,127.591,
32.9018,11.0862,20.4173,11.0546,105.411,11.233,19.3578,72.5093,7.36843,87.6154,94.3249,-12.6678,80.2736,92.9266,-10.7347,51.9959,105.379,-10.2877,127.591,
37.6351,11.5084,25.9998,1.21776,105.833,10.9588,20.7585,68.1982,5.9509,80.7067,94.3249,-12.6678,80.2736,94.198,-10.0283,52.8633,95.5427,-7.09897,126.199,
37.6351,11.5084,25.9998,1.21776,105.833,10.9588,20.7585,68.1982,5.9509,80.7067,94.3249,-12.6678,80.2736,94.198,-10.0283,52.8633,95.5427,-7.09897,126.199,
37.6339,8.67236,28.1607,-0.730374,104.945,10.5323,20.9834,67.3115,4.74596,78.5583,96.273,-12.8866,79.5091,95.4722,-9.28665,53.7034,95.5427,-7.09897,126.199,
37.6339,8.67236,28.1607,-0.730374,104.945,10.5323,20.9834,67.3115,4.74596,78.5583,96.273,-12.8866,79.5091,95.4722,-9.28665,53.7034,95.5427,-7.09897,126.199,
37.1541,3.0871,27.9534,-11.3921,104.673,10.3113,20.1431,67.5188,3.34825,77.1345,101.586,-11.4786,75.7972,95.4722,-9.28665,53.7034,90.1937,-5.47168,126.037,
37.1541,3.0871,27.9534,-11.3921,104.673,10.3113,20.1431,67.5188,3.34825,77.1345,101.586,-11.4786,75.7972,95.4722,-9.28665,53.7034,90.1937,-5.47168,126.037,
35.9177,3.53414,28.7377,-34.0449,105.12,9.99127,19.1915,69.2022,2.10891,77.4529,101.586,-11.4786,75.7972,97.94,-8.09692,54.6501,67.5408,3.44023,123.736,
35.9177,3.53414,28.7377,-34.0449,105.12,9.99127,19.1915,69.2022,2.10891,77.4529,101.586,-11.4786,75.7972,97.94,-8.09692,54.6501,67.5408,3.44023,123.736,
