35.2574,0.0481468,28.7942,-55.128,109.064,-3.16261,-154.133,73.8063,2.22077,-96.3152,109.016,-7.62607,-108.113,102.601,-2.70622,-64.5675,53.8875,-0.422922,-58.0282,
35.2574,0.0481468,28.7942,-55.128,109.064,-3.16261,-154.133,73.8063,2.22077,-96.3152,109.016,-7.62607,-108.113,102.601,-2.70622,-64.5675,53.8875,-0.422922,-58.0282,
32.0566,0.322159,29.5186,-50.4776,109.145,-2.7144,-154.885,77.0882,2.01534,-95.733,108.823,-7.49924,-108.929,106.607,-0.163525,-64.3476,58.3451,0.68811,-55.2588,
32.0566,0.322159,29.5186,-50.4776,109.145,-2.7144,-154.885,77.0882,2.01534,-95.733,108.823,-7.49924,-108.929,106.607,-0.163525,-64.3476,58.3451,0.68811,-55.2588,
31.5865,3.14395,31.7455,-47.1856,108.675,-2.8537,-154.851,77.0882,2.01534,-95.733,105.531,-7.4334,-109.295,108.834,1.33968,-64.6095,58.3451,0.68811,-55.2588,
31.5865,3.14395,31.7455,-47.1856,108.675,-2.8537,-154.851,77.0882,2.01534,-95.733,105.531,-7.4334,-109.295,108.834,1.33968,-64.6095,58.3451,0.68811,-55.2588,
22.1335,8.48971,30.1846,-32.7695,107.659,-3.10447,-154.226,85.5255,3.51944,-94.3947,99.1693,-7.22359,-106.916,115.71,7.78337,-68.1604,66.3998,1.35545,-50.7527,
22.1335,8.48971,30.1846,-32.7695,107.659,-3.10447,-154.226,85.5255,3.51944,-94.3947,99.1693,-7.22359,-106.916,115.71,7.78337,-68.1604,66.3998,1.35545,-50.7527,
25.1047,16.4184,33.1079,-23.7418,110.113,-2.32088,-155.211,85.0084,3.8723,-94.2603,93.6948,-6.83663,-106.77,118.116,10.8506,-70.1607,69.953,1.33105,-51.2567,
25.1047,16.4184,33.1079,-23.7418,110.113,-2.32088,-155.211,85.0084,3.8723,-94.2603,93.6948,-6.83663,-106.77,118.116,10.8506,-70.1607,69.953,1.33105,-51.2567,
26.2735,18.1829,36.1277,-23.7418,111.878,-2.05847,-155.934,85.6042,4.82074,-93.4754,93.6948,-6.83663,-106.77,121.732,13.5617,-71.6706,69.953,1.33105,-51.2567,
26.2735,18.1829,36.1277,-23.7418,111.878,-2.05847,-155.934,85.6042,4.82074,-93.4754,93.6948,-6.83663,-106.77,121.732,13.5617,-71.6706,69.953,1.33105,-51.2567,
26.2735,18.1829,36.1277,-21.3351,111.878,-2.05847,-155.934,85.6042,4.82074,-93.4754,93.6948,-6.83663,-106.77,121.732,13.5617,-71.6706,72.3597,1.19033,-51.4287,
26.2735,18.1829,36.1277,-21.3351,111.878,-2.05847,-155.934,85.6042,4.82074,-93.4754,93.6948,-6.83663,-106.77,121.732,13.5617,-71.6706,72.3597,1.19033,-51.4287,
15.8041,25.02,31.7299,-11.9732,110.857,-2.58186,-155.385,95.053,8.04207,-87.7321,85.8371,-9.90587,-109.863,126.783,16.936,-72.572,73.8639,2.0143,-50.1851,
15.8041,25.02,31.7299,-11.9732,110.857,-2.58186,-155.385,95.053,8.04207,-87.7321,85.8371,-9.90587,-109.863,126.783,16.936,-72.572,73.8639,2.0143,-50.1851,
13.748,29.5968,29.8382,-5.23615,109.326,-2.56357,-155.375,95.578,8.32507,-87.5283,79.7292,-10.916,-105.345,125.416,16.2558,-73.0235,74.4931,2.14608,-49.9805,
13.748,29.5968,29.8382,-5.23615,109.326,-2.56357,-155.375,95.578,8.32507,-87.5283,79.7292,-10.916,-105.345,125.416,16.2558,-73.0235,74.4931,2.14608,-49.9805,
13.9075,30.6166,26.8731,-4.58222,110.346,-1.41768,-156.507,96.4383,8.10424,-87.2881,79.7292,-10.916,-105.345,123.311,14.7759,-72.991,75.147,2.05521,-50.0303,
13.9075,30.6166,26.8731,-4.58222,110.346,-1.41768,-156.507,96.4383,8.10424,-87.2881,79.7292,-10.916,-105.345,123.311,14.7759,-72.991,75.147,2.05521,-50.0303,
13.9289,30.638,26.8731,-4.58222,110.367,-0.837139,-156.872,96.4383,8.10424,-87.2881,79.7292,-10.916,-105.345,123.311,14.7759,-72.991,75.147,2.05521,-50.0303,
13.9289,30.638,26.8731,-4.58222,110.367,-0.837139,-156.872,96.4383,8.10424,-87.2881,79.7292,-10.916,-105.345,123.311,14.7759,-72.991,75.147,2.05521,-50.0303,
7.51945,35.3133,10.9336,4.83387,108.788,-0.501712,-156.377,101.268,7.01933,-84.1239,73.4745,-13.8141,-99.6445,112.202,4.84059,-68.0689,78.3084,1.48801,-50.0293,
7.51945,35.3133,10.9336,4.83387,108.788,-0.501712,-156.377,101.268,7.01933,-84.1239,73.4745,-13.8141,-99.6445,112.202,4.84059,-68.0689,78.3084,1.48801,-50.0293,
7.36593,35.1597,6.71294,5.89549,108.634,-0.418641,-156.186,101.268,7.01933,-84.1239,73.4745,-13.8141,-99.6445,107.981,2.08862,-66.3593,79.37,1.10264,-50.2813,
7.36593,35.1597,6.71294,5.89549,108.634,-0.418641,-156.186,101.268,7.01933,-84.1239,73.4745,-13.8141,-99.6445,107.981,2.08862,-66.3593,79.37,1.10264,-50.2813,
6.13201,35.9959,0.420848,7.51842,108.888,-0.131551,-155.464,102.756,6.96185,-82.4885,72.8922,-13.5169,-97.7268,103.177,-0.307032,-65.1907,80.4106,0.845933,-50.4405,
6.13201,35.9959,0.420848,7.51842,108.888,-0.131551,-155.464,102.756,6.96185,-82.4885,72.8922,-13.5169,-97.7268,103.177,-0.307032,-65.1907,80.4106,0.845933,-50.4405,
6.48038,34.9156,-4.71069,8.19531,109.236,0.322632,-154.456,102.756,6.96185,-82.4885,74.3208,-11.1928,-93.0115,98.0454,-2.56068,-64.6749,82.5162,0.419767,-51.1339,
6.48038,34.9156,-4.71069,8.19531,109.236,0.322632,-154.456,102.756,6.96185,-82.4885,74.3208,-11.1928,-93.0115,98.0454,-2.56068,-64.6749,82.5162,0.419767,-51.1339,
0.491009,33.1628,-26.3573,10.5337,108.722,0.379989,-153.701,108.231,7.23162,-78.9953,75.5596,-11.0779,-93.0146,81.8741,-9.8989,-63.1142,86.0933,-0.577434,-53.0821,
0.491009,33.1628,-26.3573,10.5337,108.722,0.379989,-153.701,108.231,7.23162,-78.9953,75.5596,-11.0779,-93.0146,81.8741,-9.8989,-63.1142,86.0933,-0.577434,-53.0821,
0.342656,31.8034,-36.8857,10.5215,108.574,0.355715,-153.07,108.231,7.23162,-78.9953,76.7707,-11.2479,-93.4721,71.3457,-14.1639,-59.2632,87.2921,-0.912264,-53.5302,
0.342656,31.8034,-36.8857,10.5215,108.574,0.355715,-153.07,108.231,7.23162,-78.9953,76.7707,-11.2479,-93.4721,71.3457,-14.1639,-59.2632,87.2921,-0.912264,-53.5302,
0.0939536,32.0365,-37.3675,10.5215,108.807,0.40902,-152.706,108.713,7.09528,-78.5876,76.7707,-11.2479,-93.4721,71.3457,-14.1639,-59.2632,87.2921,-0.912264,-53.5302,
0.0939536,32.0365,-37.3675,10.5215,108.807,0.40902,-152.706,108.713,7.09528,-78.5876,76.7707,-11.2479,-93.4721,71.3457,-14.1639,-59.2632,87.2921,-0.912264,-53.5302,
0.326818,36.3488,-45.6728,14.6009,109.04,0.335923,-152.389,108.713,7.09528,-78.5876,72.6912,-12.0248,-89.6579,63.0404,-16.8558,-56.3422,87.2921,-0.912264,-53.5302,
0.326818,36.3488,-45.6728,14.6009,109.04,0.335923,-152.389,108.713,7.09528,-78.5876,72.6912,-12.0248,-89.6579,63.0404,-16.8558,-56.3422,87.2921,-0.912264,-53.5302,
0.557356,37.4522,-45.2249,22.2541,109.192,0.169808,-151.979,108.635,7.16717,-78.6131,71.74,-11.9885,-88.0994,63.4099,-18.2711,-57.6831,93.9941,-2.81609,-54.3998,
0.557356,37.4522,-45.2249,22.2541,109.192,0.169808,-151.979,108.635,7.16717,-78.6131,71.74,-11.9885,-88.0994,63.4099,-18.2711,-57.6831,93.9941,-2.81609,-54.3998,
2.87614,35.3404,-37.3451,24.7995,109.359,-0.0898205,-151.107,106.483,7.06757,-78.2895,74.0187,-12.0268,-88.8447,69.1379,-21.6297,-65.7816,98.8182,-4.19829,-54.7139,
2.87614,35.3404,-37.3451,24.7995,109.359,-0.0898205,-151.107,106.483,7.06757,-78.2895,74.0187,-12.0268,-88.8447,69.1379,-21.6297,-65.7816,98.8182,-4.19829,-54.7139,
3.36932,35.8336,-35.1502,24.7995,109.852,-0.159904,-150.516,106.483,7.06757,-78.2895,74.0187,-12.0268,-88.8447,71.3328,-20.5787,-66.591,98.8182,-4.19829,-54.7139,
3.36932,35.8336,-35.1502,24.7995,109.852,-0.159904,-150.516,106.483,7.06757,-78.2895,74.0187,-12.0268,-88.8447,71.3328,-20.5787,-66.591,98.8182,-4.19829,-54.7139,
11.8756,23.8869,-24.2667,18.4808,109.648,0.141694,-151.181,97.7726,5.66471,-84.1756,85.7614,-11.3554,-91.8703,73.5059,-18.5806,-66.4253,104.242,-6.34752,-53.1681,
11.8756,23.8869,-24.2667,18.4808,109.648,0.141694,-151.181,97.7726,5.66471,-84.1756,85.7614,-11.3554,-91.8703,73.5059,-18.5806,-66.4253,104.242,-6.34752,-53.1681,
15.4846,24.1405,-12.8425,28.2327,108.886,0.387876,-152.799,93.4014,4.02661,-78.2581,84.7455,-10.9631,-91.0201,80.5588,-16.3101,-68.6314,112.978,-13.9177,-45.0255,
15.4846,24.1405,-12.8425,28.2327,108.886,0.387876,-152.799,93.4014,4.02661,-78.2581,84.7455,-10.9631,-91.0201,80.5588,-16.3101,-68.6314,112.978,-13.9177,-45.0255,
18.2146,23.2262,-9.32283,31.0939,109.614,0.799534,-154.699,91.3999,4.3535,-73.6707,86.3883,-11.3415,-92.8238,82.077,-15.8317,-68.56,117.482,-15.7226,-44.1427,
18.2146,23.2262,-9.32283,31.0939,109.614,0.799534,-154.699,91.3999,4.3535,-73.6707,86.3883,-11.3415,-92.8238,82.077,-15.8317,-68.56,117.482,-15.7226,-44.1427,
19.3997,24.4113,-9.32283,31.0939,110.8,1.27811,-155.707,91.3999,4.3535,-73.6707,86.3883,-11.3415,-92.8238,82.077,-15.8317,-68.56,117.482,-15.7226,-44.1427,
19.3997,24.4113,-9.32283,31.0939,110.8,1.27811,-155.707,91.3999,4.3535,-73.6707,86.3883,-11.3415,-92.8238,82.077,-15.8317,-68.56,117.482,-15.7226,-44.1427,
28.2577,16.9908,2.54329,26.8818,111.367,1.77534,-156.172,83.1095,7.21464,-76.2105,94.3763,-12.5428,-98.1209,85.6527,-14.8588,-69.8977,121.258,-17.2864,-45.1982,
28.2577,16.9908,2.54329,26.8818,111.367,1.77534,-156.172,83.1095,7.21464,-76.2105,94.3763,-12.5428,-98.1209,85.6527,-14.8588,-69.8977,121.258,-17.2864,-45.1982,
31.9835,11.3571,11.1626,21.115,108.967,1.33586,-154.356,76.9831,7.65829,-81.5543,97.6095,-12.4875,-100.08,88.1457,-13.257,-68.8656,118.724,-17.109,-46.5197,
31.9835,11.3571,11.1626,21.115,108.967,1.33586,-154.356,76.9831,7.65829,-81.5543,97.6095,-12.4875,-100.08,88.1457,-13.257,-68.8656,118.724,-17.109,-46.5197,
34.8334,11.8613,13.5082,18.9895,109.471,0.793174,-153.371,74.6375,7.66297,-83.822,97.6095,-12.4875,-100.08,88.1457,-13.257,-68.8656,116.599,-16.4884,-47.8183,
34.8334,11.8613,13.5082,18.9895,109.471,0.793174,-153.371,74.6375,7.66297,-83.822,97.6095,-12.4875,-100.08,88.1457,-13.257,-68.8656,116.599,-16.4884,-47.8183,
36.0219,10.4633,16.2666,9.45314,110.659,0.605508,-152.659,74.6375,7.66297,-83.822,100.196,-10.7048,-101.207,90.9041,-11.1823,-66.1355,109.649,-14.4069,-50.2637,
36.0219,10.4633,16.2666,9.45314,110.659,0.605508,-152.659,74.6375,7.66297,-83.822,100.196,-10.7048,-101.207,90.9041,-11.1823,-66.1355,109.649,-14.4069,-50.2637,
41.8058,7.44856,24.2779,-2.1006,109.542,-0.291936,-152.392,67.7362,6.08825,-93.5064,102.093,-10.3219,-102.451,92.0141,-10.4981,-65.324,99.9928,-11.4775,-52.5634,
41.8058,7.44856,24.2779,-2.1006,109.542,-0.291936,-152.392,67.7362,6.08825,-93.5064,102.093,-10.3219,-102.451,92.0141,-10.4981,-65.324,99.9928,-11.4775,-52.5634,
41.786,6.60223,26.2648,-7.59001,108.696,-0.774776,-152.871,66.9096,4.81743,-96.4015,102.093,-10.3219,-102.451,93.1744,-9.85239,-64.8911,94.5034,-9.96838,-53.5,
41.786,6.60223,26.2648,-7.59001,108.696,-0.774776,-152.871,66.9096,4.81743,-96.4015,102.093,-10.3219,-102.451,93.1744,-9.85239,-64.8911,94.5034,-9.96838,-53.5,
42.0539,5.25839,27.6583,-14.841,108.691,-1.03914,-153.243,66.6367,3.35682,-98.8807,103.432,-9.90773,-103.759,94.2949,-9.3179,-64.8001,88.5911,-8.37752,-53.7723,
42.0539,5.25839,27.6583,-14.841,108.691,-1.03914,-153.243,66.6367,3.35682,-98.8807,103.432,-9.90773,-103.759,94.2949,-9.3179,-64.8001,88.5911,-8.37752,-53.7723,
44.5584,4.08386,29.8428,-30.7488,111.195,-0.467636,-152.531,66.6367,3.35682,-98.8807,107.111,-8.76234,-106.924,96.4795,-8.48313,-64.9225,76.3624,-3.76674,-52.1517,
44.5584,4.08386,29.8428,-30.7488,111.195,-0.467636,-152.531,66.6367,3.35682,-98.8807,107.111,-8.76234,-106.924,96.4795,-8.48313,-64.9225,76.3624,-3.76674,-52.1517,
40.453,2.11828,27.762,-44.143,111.22,-0.821487,-153.896,70.7667,1.33976,-98.1157,109.101,-8.45724,-108.155,98.5287,-7.53439,-65.3376,64.9584,2.27354,-52.674,
40.453,2.11828,27.762,-44.143,111.22,-0.821487,-153.896,70.7667,1.33976,-98.1157,109.101,-8.45724,-108.155,98.5287,-7.53439,-65.3376,64.9584,2.27354,-52.674,
36.5286,1.39637,25.3071,-49.731,110.841,-1.1849,-155.462,74.3125,3.03575,-95.7939,109.445,-8.40918,-108.428,99.6196,-6.99172,-65.5654,59.7136,4.62631,-54.5283,
36.5286,1.39637,25.3071,-49.731,110.841,-1.1849,-155.462,74.3125,3.03575,-95.7939,109.445,-8.40918,-108.428,99.6196,-6.99172,-65.5654,59.7136,4.62631,-54.5283,
36.3164,1.67501,26.0847,-54.6493,111.12,-0.370625,-156.459,74.8033,3.82215,-95.2381,109.445,-8.40918,-108.428,100.888,-6.43425,-65.6782,54.7953,6.01821,-56.5804,
36.3164,1.67501,26.0847,-54.6493,111.12,-0.370625,-156.459,74.8033,3.82215,-95.2381,109.445,-8.40918,-108.428,100.888,-6.43425,-65.6782,54.7953,6.01821,-56.5804,
41.7385,1.94481,36.1512,-60.1169,111.384,0.653175,-154.82,69.6458,6.76296,-95.8002,109.439,-8.66033,-108.751,105.797,-3.85214,-65.1677,49.3226,8.02119,-58.6975,
41.7385,1.94481,36.1512,-60.1169,111.384,0.653175,-154.82,69.6458,6.76296,-95.8002,109.439,-8.66033,-108.751,105.797,-3.85214,-65.1677,49.3226,8.02119,-58.6975,
41.7747,2.88285,40.5403,-54.1386,111.42,0.901785,-154.727,69.6458,6.76296,-95.8002,108.538,-8.43433,-109.918,110.186,-1.31337,-65.4677,54.3991,10.1973,-55.4928,
41.7747,2.88285,40.5403,-54.1386,111.42,0.901785,-154.727,69.6458,6.76296,-95.8002,108.538,-8.43433,-109.918,110.186,-1.31337,-65.4677,54.3991,10.1973,-55.4928,
31.3926,4.99964,33.0602,-49.9843,111.012,1.45517,-156.219,79.6192,8.92365,-93.5137,106.012,-8.41184,-109.515,112.679,0.40265,-66.1059,56.0279,9.683,-55.8805,
31.3926,4.99964,33.0602,-49.9843,111.012,1.45517,-156.219,79.6192,8.92365,-93.5137,106.012,-8.41184,-109.515,112.679,0.40265,-66.1059,56.0279,9.683,-55.8805,
31.5059,5.11293,33.0602,-49.9843,111.125,1.77232,-156.439,79.6192,8.92365,-93.5137,106.012,-8.41184,-109.515,112.679,0.40265,-66.1059,56.0279,9.683,-55.8805,
31.5059,5.11293,33.0602,-49.9843,111.125,1.77232,-156.439,79.6192,8.92365,-93.5137,106.012,-8.41184,-109.515,112.679,0.40265,-66.1059,56.0279,9.683,-55.8805,
27.6054,18.4236,36.812,-31.6853,110.361,1.53808,-154.372,82.7556,7.93789,-98.7855,91.9374,-6.85956,-105.286,119.568,9.23539,-72.6667,60.2521,8.44742,-55.9437,
27.6054,18.4236,36.812,-31.6853,110.361,1.53808,-154.372,82.7556,7.93789,-98.7855,91.9374,-6.85956,-105.286,119.568,9.23539,-72.6667,60.2521,8.44742,-55.9437,
28.5081,19.6146,46.8089,-24.0482,109.925,1.67212,-153.755,81.4166,7.15935,-98.0765,90.3101,-7.01743,-109.152,128.225,13.8321,-72.4738,66.2619,7.30604,-55.9042,
28.5081,19.6146,46.8089,-24.0482,109.925,1.67212,-153.755,81.4166,7.15935,-98.0765,90.3101,-7.01743,-109.152,128.225,13.8321,-72.4738,66.2619,7.30604,-55.9042,
26.1701,23.5947,42.3133,-20.7213,112.082,2.39822,-155.746,85.9121,8.99684,-96.0648,88.4876,-8.17811,-112.575,128.225,13.8321,-72.4738,67.7663,7.05256,-55.9236,
26.1701,23.5947,42.3133,-20.7213,112.082,2.39822,-155.746,85.9121,8.99684,-96.0648,88.4876,-8.17811,-112.575,128.225,13.8321,-72.4738,67.7663,7.05256,-55.9236,
26.3759,23.8004,44.5393,-20.7213,112.288,2.06824,-156.375,85.9121,8.99684,-96.0648,88.4876,-8.17811,-112.575,130.451,15.2176,-71.8154,67.7663,7.05256,-55.9236,
26.3759,23.8004,44.5393,-20.7213,112.288,2.06824,-156.375,85.9121,8.99684,-96.0648,88.4876,-8.17811,-112.575,130.451,15.2176,-71.8154,67.7663,7.05256,-55.9236,
19.5961,35.7095,37.8602,-5.14221,110.876,1.03271,-155.78,91.2795,12.3861,-92.4018,75.1661,-10.4165,-104.673,129.14,15.1785,-70.8536,70.0239,6.93665,-55.778,
19.5961,35.7095,37.8602,-5.14221,110.876,1.03271,-155.78,91.2795,12.3861,-92.4018,75.1661,-10.4165,-104.673,129.14,15.1785,-70.8536,70.0239,6.93665,-55.778,
16.5669,39.5292,31.1437,2.54758,109.697,1.40573,-155.807,93.1303,12.5747,-90.7935,70.168,-11.0685,-101.773,124.274,12.7019,-69.6739,72.7155,6.60327,-55.0033,
16.5669,39.5292,31.1437,2.54758,109.697,1.40573,-155.807,93.1303,12.5747,-90.7935,70.168,-11.0685,-101.773,124.274,12.7019,-69.6739,72.7155,6.60327,-55.0033,
13.4674,40.0206,23.8877,3.28877,110.189,2.71776,-156.896,96.7212,11.6164,-87.5975,70.168,-11.0685,-101.773,120.609,11.1978,-69.4162,73.4567,6.33101,-54.9847,
13.4674,40.0206,23.8877,3.28877,110.189,2.71776,-156.896,96.7212,11.6164,-87.5975,70.168,-11.0685,-101.773,120.609,11.1978,-69.4162,73.4567,6.33101,-54.9847,
11.621,40.0987,19.8671,5.21327,108.342,2.73975,-156.949,96.7212,11.6164,-87.5975,68.2435,-12.4948,-99.5729,116.588,9.24554,-68.9119,73.4567,6.33101,-54.9847,
11.621,40.0987,19.8671,5.21327,108.342,2.73975,-156.949,96.7212,11.6164,-87.5975,68.2435,-12.4948,-99.5729,116.588,9.24554,-68.9119,73.4567,6.33101,-54.9847,
8.33038,40.4283,8.39749,10.2728,106.987,2.55918,-156.13,98.6563,10.8754,-90.4075,66.5584,-12.2689,-95.5438,107.054,4.7897,-69.0662,76.8312,5.54509,-54.735,
8.33038,40.4283,8.39749,10.2728,106.987,2.55918,-156.13,98.6563,10.8754,-90.4075,66.5584,-12.2689,-95.5438,107.054,4.7897,-69.0662,76.8312,5.54509,-54.735,
5.21847,40.7078,-5.80594,10.921,107.516,3.12644,-155.045,102.298,10.8082,-88.5384,66.8084,-11.2727,-93.8212,96.4918,-0.443867,-69.8039,77.7294,5.28048,-54.7872,
5.21847,40.7078,-5.80594,10.921,107.516,3.12644,-155.045,102.298,10.8082,-88.5384,66.8084,-11.2727,-93.8212,96.4918,-0.443867,-69.8039,77.7294,5.28048,-54.7872,
5.21847,40.0935,-10.852,10.3067,107.516,3.12644,-155.045,102.298,10.8082,-88.5384,67.4227,-9.93469,-92.4579,91.4457,-3.47154,-70.0176,77.7294,5.28048,-54.7872,
5.21847,40.0935,-10.852,10.3067,107.516,3.12644,-155.045,102.298,10.8082,-88.5384,67.4227,-9.93469,-92.4579,91.4457,-3.47154,-70.0176,77.7294,5.28048,-54.7872,
4.01477,37.2726,-22.0885,8.40215,107.511,3.74972,-154.295,103.496,10.7878,-87.8792,70.238,-8.51851,-90.7068,81.4073,-10.0498,-68.4565,78.6402,5.08966,-54.8795,
4.01477,37.2726,-22.0885,8.40215,107.511,3.74972,-154.295,103.496,10.7878,-87.8792,70.238,-8.51851,-90.7068,81.4073,-10.0498,-68.4565,78.6402,5.08966,-54.8795,
1.65347,36.4745,-33.767,12.6002,107.529,3.8146,-153.651,105.876,10.6501,-87.7321,71.0549,-9.05928,-92.1701,72.1089,-15.0481,-63.5101,83.6551,3.70448,-67.1687,
1.65347,36.4745,-33.767,12.6002,107.529,3.8146,-153.651,105.876,10.6501,-87.7321,71.0549,-9.05928,-92.1701,72.1089,-15.0481,-63.5101,83.6551,3.70448,-67.1687,
1.29593,37.55,-37.4422,15.7409,107.393,3.67128,-153.355,106.097,10.6095,-87.1546,69.8426,-9.59675,-92.2449,68.6544,-16.0976,-61.165,85.5834,3.16166,-67.7295,
1.29593,37.55,-37.4422,15.7409,107.393,3.67128,-153.355,106.097,10.6095,-87.1546,69.8426,-9.59675,-92.2449,68.6544,-16.0976,-61.165,85.5834,3.16166,-67.7295,
0.855226,37.229,-39.5778,17.8522,107.072,3.35809,-152.973,106.216,10.4808,-86.5196,69.8426,-9.59675,-92.2449,66.6386,-17.0635,-60.3402,87.6947,2.57915,-68.055,
0.855226,37.229,-39.5778,17.8522,107.072,3.35809,-152.973,106.216,10.4808,-86.5196,69.8426,-9.59675,-92.2449,66.6386,-17.0635,-60.3402,87.6947,2.57915,-68.055,
1.06236,35.5766,-38.2264,15.9926,107.279,3.15542,-152.27,106.216,10.4808,-86.5196,71.7022,-11.1491,-89.1076,67.99,-16.966,-60.4767,87.6947,2.57915,-68.055,
1.06236,35.5766,-38.2264,15.9926,107.279,3.15542,-152.27,106.216,10.4808,-86.5196,71.7022,-11.1491,-89.1076,67.99,-16.966,-60.4767,87.6947,2.57915,-68.055,
1.48235,28.188,-36.2752,13.484,107.279,3.15542,-152.27,105.796,10.024,-85.431,79.0908,-11.6131,-91.2303,69.5212,-17.9157,-62.7207,92.5748,1.3049,-74.9411,
1.48235,28.188,-36.2752,13.484,107.279,3.15542,-152.27,105.796,10.024,-85.431,79.0908,-11.6131,-91.2303,69.5212,-17.9157,-62.7207,92.5748,1.3049,-74.9411,
8.80512,20.9561,-22.9103,15.3259,106.859,3.34788,-151.559,98.0535,8.81639,-87.7453,85.9025,-11.0087,-93.7208,75.1432,-18.1947,-67.4727,101.228,-1.3471,-72.8862,
8.80512,20.9561,-22.9103,15.3259,106.859,3.34788,-151.559,98.0535,8.81639,-87.7453,85.9025,-11.0087,-93.7208,75.1432,-18.1947,-67.4727,101.228,-1.3471,-72.8862,
12.4009,21.0561,-17.5908,17.7831,106.959,3.46783,-151.985,94.5577,7.85067,-90.4157,85.9025,-11.0087,-93.7208,76.9668,-17.0933,-67.3326,103.686,-3.14436,-70.4644,
12.4009,21.0561,-17.5908,17.7831,106.959,3.46783,-151.985,94.5577,7.85067,-90.4157,85.9025,-11.0087,-93.7208,76.9668,-17.0933,-67.3326,103.686,-3.14436,-70.4644,
12.5735,18.0808,-15.5762,14.6352,107.131,3.74628,-153.468,94.5577,7.85067,-90.4157,89.0504,-10.4374,-94.3172,78.9814,-16.3783,-67.3834,103.686,-3.14436,-70.4644,
12.5735,18.0808,-15.5762,14.6352,107.131,3.74628,-153.468,94.5577,7.85067,-90.4157,89.0504,-10.4374,-94.3172,78.9814,-16.3783,-67.3834,103.686,-3.14436,-70.4644,
22.9095,12.0108,-0.551909,23.827,106.847,4.09123,-154.75,83.9379,7.11323,-81.3739,94.8367,-10.5816,-97.6306,83.386,-14.4132,-66.6852,118.664,-12.1871,-66.7281,
22.9095,12.0108,-0.551909,23.827,106.847,4.09123,-154.75,83.9379,7.11323,-81.3739,94.8367,-10.5816,-97.6306,83.386,-14.4132,-66.6852,118.664,-12.1871,-66.7281,
28.5917,10.6702,8.21016,24.5429,106.203,3.86361,-154.889,77.611,8.43527,-84.0423,95.5325,-11.3718,-97.1948,85.8211,-13.6539,-67.3747,120.075,-12.6362,-67.8967,
28.5917,10.6702,8.21016,24.5429,106.203,3.86361,-154.889,77.611,8.43527,-84.0423,95.5325,-11.3718,-97.1948,85.8211,-13.6539,-67.3747,120.075,-12.6362,-67.8967,
28.8627,10.9412,8.21016,24.5429,106.474,3.86795,-154.409,77.611,8.43527,-84.0423,95.5325,-11.3718,-97.1948,85.8211,-13.6539,-67.3747,120.075,-12.6362,-67.8967,
28.8627,10.9412,8.21016,24.5429,106.474,3.86795,-154.409,77.611,8.43527,-84.0423,95.5325,-11.3718,-97.1948,85.8211,-13.6539,-67.3747,120.075,-12.6362,-67.8967,
28.8762,9.53503,9.25702,19.0765,106.487,3.75783,-153.318,77.611,8.43527,-84.0423,96.9521,-12.2053,-97.6686,86.868,-13.3276,-67.4937,116.029,-11.8789,-76.0476,
28.8762,9.53503,9.25702,19.0765,106.487,3.75783,-153.318,77.611,8.43527,-84.0423,96.9521,-12.2053,-97.6686,86.868,-13.3276,-67.4937,116.029,-11.8789,-76.0476,
40.038,7.08043,23.2397,4.62659,106.783,3.69448,-151.173,66.745,7.26637,-91.2373,99.7025,-10.7738,-98.6026,89.9847,-12.2497,-67.3532,104.329,-7.98116,-76.6528,
40.038,7.08043,23.2397,4.62659,106.783,3.69448,-151.173,66.745,7.26637,-91.2373,99.7025,-10.7738,-98.6026,89.9847,-12.2497,-67.3532,104.329,-7.98116,-76.6528,
43.2596,6.83569,28.3028,-1.02037,107.291,3.29236,-149.159,64.0312,6.15075,-94.375,100.455,-10.6744,-98.8233,92.334,-10.8175,-65.826,99.4348,-6.39185,-77.3109,
43.2596,6.83569,28.3028,-1.02037,107.291,3.29236,-149.159,64.0312,6.15075,-94.375,100.455,-10.6744,-98.8233,92.334,-10.8175,-65.826,99.4348,-6.39185,-77.3109,
42.2848,5.86087,28.3028,-1.02037,106.316,2.71682,-149.304,64.0312,6.15075,-94.375,100.455,-10.6744,-98.8233,92.334,-10.8175,-65.826,99.4348,-6.39185,-77.3109,
42.2848,5.86087,28.3028,-1.02037,106.316,2.71682,-149.304,64.0312,6.15075,-94.375,100.455,-10.6744,-98.8233,92.334,-10.8175,-65.826,99.4348,-6.39185,-77.3109,
41.8039,0.00585598,29.4943,-17.4893,105.911,1.76872,-150.215,64.1073,4.31342,-97.2946,105.905,-9.41679,-103.251,93.6015,-10.0055,-64.7175,88.416,-3.31946,-80.3051,
41.8039,0.00585598,29.4943,-17.4893,105.911,1.76872,-150.215,64.1073,4.31342,-97.2946,105.905,-9.41679,-103.251,93.6015,-10.0055,-64.7175,88.416,-3.31946,-80.3051,
38.2321,-0.645246,29.8687,-37.3971,107.045,2.19134,-149.873,68.8133,2.3247,-97.9769,107.691,-8.92416,-104.287,98.682,-7.10885,-61.5961,70.2935,4.55013,-77.9444,
38.2321,-0.645246,29.8687,-37.3971,107.045,2.19134,-149.873,68.8133,2.3247,-97.9769,107.691,-8.92416,-104.287,98.682,-7.10885,-61.5961,70.2935,4.55013,-77.9444,
38.3789,-1.92723,30.931,-38.8258,107.192,2.17439,-149.605,68.8133,2.3247,-97.9769,109.119,-8.51704,-104.677,99.7443,-6.64656,-61.5209,70.2935,4.55013,-77.9444,
38.3789,-1.92723,30.931,-38.8258,107.192,2.17439,-149.605,68.8133,2.3247,-97.9769,109.119,-8.51704,-104.677,99.7443,-6.64656,-61.5209,70.2935,4.55013,-77.9444,
36.8437,-2.80442,28.8149,-46.2277,107.773,2.01639,-148.634,70.9294,2.76869,-96.9205,110.578,-8.13207,-104.386,99.7443,-6.64656,-61.5209,64.3499,7.63243,-78.8321,
36.8437,-2.80442,28.8149,-46.2277,107.773,2.01639,-148.634,70.9294,2.76869,-96.9205,110.578,-8.13207,-104.386,99.7443,-6.64656,-61.5209,64.3499,7.63243,-78.8321,
37.9076,-3.76715,33.6192,-65.3437,107.581,2.2812,-149.165,69.6731,5.93833,-97.8447,111.348,-7.88135,-104.912,103.292,-4.80443,-61.82,46.0041,11.0877,-88.5468,
37.9076,-3.76715,33.6192,-65.3437,107.581,2.2812,-149.165,69.6731,5.93833,-97.8447,111.348,-7.88135,-104.912,103.292,-4.80443,-61.82,46.0041,11.0877,-88.5468,
39.8112,-3.33217,38.5701,-63.4155,108.016,2.71648,-148.357,68.2044,6.0536,-100.239,111.348,-7.88135,-104.912,106.775,-2.87946,-61.6132,47.9323,10.5942,-88.8049,
39.8112,-3.33217,38.5701,-63.4155,108.016,2.71648,-148.357,68.2044,6.0536,-100.239,111.348,-7.88135,-104.912,106.775,-2.87946,-61.6132,47.9323,10.5942,-88.8049,
37.9159,-2.58292,38.018,-61.3225,108.826,3.6907,-149.051,70.9101,6.58445,-100.343,111.409,-7.90514,-105.488,108.928,-1.68503,-61.5126,50.0865,12.0664,-87.1891,
37.9159,-2.58292,38.018,-61.3225,108.826,3.6907,-149.051,70.9101,6.58445,-100.343,111.409,-7.90514,-105.488,108.928,-1.68503,-61.5126,50.0865,12.0664,-87.1891,
38.4914,-2.00751,38.018,-61.3225,109.401,4.04257,-149.674,70.9101,6.58445,-100.343,111.409,-7.90514,-105.488,108.928,-1.68503,-61.5126,50.0865,12.0664,-87.1891,
38.4914,-2.00751,38.018,-61.3225,109.401,4.04257,-149.674,70.9101,6.58445,-100.343,111.409,-7.90514,-105.488,108.928,-1.68503,-61.5126,50.0865,12.0664,-87.1891,
29.2789,3.66275,35.875,-55.7132,109.462,3.77523,-148.951,80.1835,8.04077,-96.6507,105.8,-8.16225,-105.307,116.059,4.0414,-63.6796,50.0865,12.0664,-87.1891,
29.2789,3.66275,35.875,-55.7132,109.462,3.77523,-148.951,80.1835,8.04077,-96.6507,105.8,-8.16225,-105.307,116.059,4.0414,-63.6796,50.0865,12.0664,-87.1891,
27.2239,14.1908,39.444,-39.5116,108.564,3.36076,-147.53,81.3405,7.17906,-100.031,94.3737,-7.20215,-103.329,120.785,10.8562,-68.854,54.862,9.87088,-89.3973,
27.2239,14.1908,39.444,-39.5116,108.564,3.36076,-147.53,81.3405,7.17906,-100.031,94.3737,-7.20215,-103.329,120.785,10.8562,-68.854,54.862,9.87088,-89.3973,
27.5031,14.576,43.409,-31.8702,108.95,3.64964,-147.969,81.4466,8.11249,-98.9309,94.3737,-7.20215,-103.329,124.856,13.3387,-69.191,62.5035,9.56526,-87.9021,
27.5031,14.576,43.409,-31.8702,108.95,3.64964,-147.969,81.4466,8.11249,-98.9309,94.3737,-7.20215,-103.329,124.856,13.3387,-69.191,62.5035,9.56526,-87.9021,
28.9566,22.6777,49.4505,-25.222,110.403,4.05732,-149.223,81.4466,8.11249,-98.9309,87.7255,-9.1613,-110.217,130.897,16.4608,-68.3217,62.5035,9.56526,-87.9021,
28.9566,22.6777,49.4505,-25.222,110.403,4.05732,-149.223,81.4466,8.11249,-98.9309,87.7255,-9.1613,-110.217,130.897,16.4608,-68.3217,62.5035,9.56526,-87.9021,
19.924,29.9595,39.8536,-11.7164,110.433,3.55762,-151.109,90.5085,11.0339,-96.6758,80.473,-10.0208,-105.28,130.362,17.0404,-68.9436,68.7566,6.64662,-87.3946,
19.924,29.9595,39.8536,-11.7164,110.433,3.55762,-151.109,90.5085,11.0339,-96.6758,80.473,-10.0208,-105.28,130.362,17.0404,-68.9436,68.7566,6.64662,-87.3946,
18.0786,33.2643,34.7607,-6.95821,110.043,3.5555,-151.833,91.9642,11.2808,-95.8471,76.7784,-10.2377,-103.218,126.725,14.3508,-68.7762,69.8202,6.19262,-88.0163,
18.0786,33.2643,34.7607,-6.95821,110.043,3.5555,-151.833,91.9642,11.2808,-95.8471,76.7784,-10.2377,-103.218,126.725,14.3508,-68.7762,69.8202,6.19262,-88.0163,
16.4566,33.7214,32.6818,-5.95201,110.5,4.48841,-153.203,94.0432,11.2032,-94.6898,76.7784,-10.2377,-103.218,126.725,14.3508,-68.7762,70.8264,5.73891,-88.76,
16.4566,33.7214,32.6818,-5.95201,110.5,4.48841,-153.203,94.0432,11.2032,-94.6898,76.7784,-10.2377,-103.218,126.725,14.3508,-68.7762,70.8264,5.73891,-88.76,
16.6697,33.9344,32.6818,-5.95201,110.713,4.91105,-154.1,94.0432,11.2032,-94.6898,76.7784,-10.2377,-103.218,126.725,14.3508,-68.7762,70.8264,5.73891,-88.76,
16.6697,33.9344,32.6818,-5.95201,110.713,4.91105,-154.1,94.0432,11.2032,-94.6898,76.7784,-10.2377,-103.218,126.725,14.3508,-68.7762,70.8264,5.73891,-88.76,
8.42455,38.5085,10.6274,4.57931,108.74,4.86958,-154.401,100.316,9.81306,-92.4724,70.2316,-13.1932,-99.1936,110.943,5.93583,-68.5159,74.8109,4.00127,-92.814,
8.42455,38.5085,10.6274,4.57931,108.74,4.86958,-154.401,100.316,9.81306,-92.4724,70.2316,-13.1932,-99.1936,110.943,5.93583,-68.5159,74.8109,4.00127,-92.814,
6.20379,37.304,3.97878,5.46267,107.717,4.88722,-153.582,101.513,9.66515,-91.9183,70.4128,-13.0196,-97.9522,105.492,3.32829,-68.4659,75.8755,3.73865,-93.0348,
6.20379,37.304,3.97878,5.46267,107.717,4.88722,-153.582,101.513,9.66515,-91.9183,70.4128,-13.0196,-97.9522,105.492,3.32829,-68.4659,75.8755,3.73865,-93.0348,
5.45829,37.9034,-3.16328,6.54455,108.316,5.36609,-153.016,102.858,9.52258,-90.9713,70.4128,-13.0196,-97.9522,99.6946,0.661701,-68.4902,76.9573,3.55756,-93.0473,
5.45829,37.9034,-3.16328,6.54455,108.316,5.36609,-153.016,102.858,9.52258,-90.9713,70.4128,-13.0196,-97.9522,99.6946,0.661701,-68.4902,76.9573,3.55756,-93.0473,
6.40234,35.5813,-15.1833,3.27843,109.26,5.94944,-153.137,102.858,9.52258,-90.9713,73.6789,-10.6497,-96.1979,87.6746,-5.32075,-68.0534,76.9573,3.55756,-93.0473,
6.40234,35.5813,-15.1833,3.27843,109.26,5.94944,-153.137,102.858,9.52258,-90.9713,73.6789,-10.6497,-96.1979,87.6746,-5.32075,-68.0534,76.9573,3.55756,-93.0473,
3.1196,33.5402,-30.1417,5.64304,109.42,5.98661,-152.372,106.301,9.40521,-88.5526,75.88,-9.54207,-94.0199,76.1588,-11.5878,-66.5946,81.523,2.80137,-93.2335,
3.1196,33.5402,-30.1417,5.64304,109.42,5.98661,-152.372,106.301,9.40521,-88.5526,75.88,-9.54207,-94.0199,76.1588,-11.5878,-66.5946,81.523,2.80137,-93.2335,
3.07334,33.5544,-35.2687,7.09501,109.434,5.95635,-152.06,106.361,9.45301,-88.0184,75.88,-9.54207,-94.0199,71.0923,-13.8423,-64.2542,82.975,2.42909,-93.009,
3.07334,33.5544,-35.2687,7.09501,109.434,5.95635,-152.06,106.361,9.45301,-88.0184,75.88,-9.54207,-94.0199,71.0923,-13.8423,-64.2542,82.975,2.42909,-93.009,
2.93592,33.4468,-39.3977,8.91072,109.195,5.7268,-151.262,106.259,9.39539,-87.5563,75.7478,-8.99847,-93.2173,66.861,-14.9067,-61.5297,84.6585,1.93673,-92.8835,
2.93592,33.4468,-39.3977,8.91072,109.195,5.7268,-151.262,106.259,9.39539,-87.5563,75.7478,-8.99847,-93.2173,66.861,-14.9067,-61.5297,84.6585,1.93673,-92.8835,
2.68388,33.5165,-38.1883,14.1732,108.655,5.23408,-150.255,105.971,8.93913,-86.3242,75.1387,-9.85966,-91.2853,67.7831,-15.8604,-61.4953,89.3119,0.547315,-94.4607,
2.68388,33.5165,-38.1883,14.1732,108.655,5.23408,-150.255,105.971,8.93913,-86.3242,75.1387,-9.85966,-91.2853,67.7831,-15.8604,-61.4953,89.3119,0.547315,-94.4607,
4.50816,28.5691,-33.9543,15.1148,108.377,4.84788,-149.321,103.869,8.70382,-85.297,79.8076,-9.5255,-93.1629,69.9142,-17.9379,-65.9285,94.9223,-1.00608,-94.3308,
4.50816,28.5691,-33.9543,15.1148,108.377,4.84788,-149.321,103.869,8.70382,-85.297,79.8076,-9.5255,-93.1629,69.9142,-17.9379,-65.9285,94.9223,-1.00608,-94.3308,
11.9439,24.2261,-20.5263,16.8949,108.549,4.94988,-149.272,96.6048,7.56375,-89.4681,84.3226,-9.56507,-97.0116,76.0786,-16.6085,-69.8556,101.217,-3.37365,-91.7843,
11.9439,24.2261,-20.5263,16.8949,108.549,4.94988,-149.272,96.6048,7.56375,-89.4681,84.3226,-9.56507,-97.0116,76.0786,-16.6085,-69.8556,101.217,-3.37365,-91.7843,
12.292,24.5742,-20.5263,16.8949,108.897,5.48372,-151.032,96.6048,7.56375,-89.4681,84.3226,-9.56507,-97.0116,76.0786,-16.6085,-69.8556,101.217,-3.37365,-91.7843,
12.292,24.5742,-20.5263,16.8949,108.897,5.48372,-151.032,96.6048,7.56375,-89.4681,84.3226,-9.56507,-97.0116,76.0786,-16.6085,-69.8556,101.217,-3.37365,-91.7843,
12.3818,19.9543,-14.2064,18.1098,108.987,6.0389,-155.315,96.6048,7.56375,-89.4681,89.0323,-10.6178,-97.2029,82.3985,-14.6455,-70.8667,107.142,-8.61889,-84.3947,
12.3818,19.9543,-14.2064,18.1098,108.987,6.0389,-155.315,96.6048,7.56375,-89.4681,89.0323,-10.6178,-97.2029,82.3985,-14.6455,-70.8667,107.142,-8.61889,-84.3947,
19.784,16.9344,-4.4606,24.0493,109.071,6.12941,-155.542,89.2865,5.77324,-82.0913,92.1361,-10.9061,-99.6669,84.8259,-13.54,-70.7282,116.185,-12.6343,-81.5282,
19.784,16.9344,-4.4606,24.0493,109.071,6.12941,-155.542,89.2865,5.77324,-82.0913,92.1361,-10.9061,-99.6669,84.8259,-13.54,-70.7282,116.185,-12.6343,-81.5282,
27.4173,12.8877,5.07897,23.6756,108.224,6.1976,-154.392,80.8068,8.1938,-82.9892,95.3364,-10.9697,-101.081,85.8857,-13.2681,-71.2169,119.012,-14.458,-82.3594,
27.4173,12.8877,5.07897,23.6756,108.224,6.1976,-154.392,80.8068,8.1938,-82.9892,95.3364,-10.9697,-101.081,85.8857,-13.2681,-71.2169,119.012,-14.458,-82.3594,
27.1121,11.2421,5.07897,22.3352,107.919,6.34531,-153.723,80.8068,8.1938,-82.9892,96.6767,-11.7794,-101.219,85.8857,-13.2681,-71.2169,119.012,-14.458,-82.3594,
27.1121,11.2421,5.07897,22.3352,107.919,6.34531,-153.723,80.8068,8.1938,-82.9892,96.6767,-11.7794,-101.219,85.8857,-13.2681,-71.2169,119.012,-14.458,-82.3594,
34.5161,10.5559,14.5091,17.6628,108.897,5.94137,-152.957,74.3812,8.06951,-87.5145,98.3414,-10.8766,-101.621,88.8903,-12.6308,-71.931,116.004,-13.3031,-84.8962,
34.5161,10.5559,14.5091,17.6628,108.897,5.94137,-152.957,74.3812,8.06951,-87.5145,98.3414,-10.8766,-101.621,88.8903,-12.6308,-71.931,116.004,-13.3031,-84.8962,
40.5604,11.1939,20.6589,6.39086,110.653,5.71759,-152.948,70.0924,8.19928,-89.8494,99.4589,-9.87472,-102.092,90.7513,-11.341,-69.5793,105.85,-9.07985,-85.5129,
40.5604,11.1939,20.6589,6.39086,110.653,5.71759,-152.948,70.0924,8.19928,-89.8494,99.4589,-9.87472,-102.092,90.7513,-11.341,-69.5793,105.85,-9.07985,-85.5129,
42.7112,11.5124,23.5977,1.7464,110.971,5.84644,-154.282,68.2601,7.83802,-92.7734,99.4589,-9.87472,-102.092,91.8578,-10.4598,-68.0773,101.205,-6.76874,-86.2897,
42.7112,11.5124,23.5977,1.7464,110.971,5.84644,-154.282,68.2601,7.83802,-92.7734,99.4589,-9.87472,-102.092,91.8578,-10.4598,-68.0773,101.205,-6.76874,-86.2897,
42.5488,11.35,23.5977,1.7464,110.809,5.94648,-155.203,68.2601,7.83802,-92.7734,99.4589,-9.87472,-102.092,91.8578,-10.4598,-68.0773,101.205,-6.76874,-86.2897,
42.5488,11.35,23.5977,1.7464,110.809,5.94648,-155.203,68.2601,7.83802,-92.7734,99.4589,-9.87472,-102.092,91.8578,-10.4598,-68.0773,101.205,-6.76874,-86.2897,
39.5427,3.18474,27.1492,-28.1758,109.638,5.41596,-156.245,70.0955,4.60569,-98.7173,106.453,-8.65867,-107.839,97.2447,-7.38669,-65.1841,78.2776,1.96644,-86.657,
39.5427,3.18474,27.1492,-28.1758,109.638,5.41596,-156.245,70.0955,4.60569,-98.7173,106.453,-8.65867,-107.839,97.2447,-7.38669,-65.1841,78.2776,1.96644,-86.657,
39.6947,3.32648,26.8897,-36.0454,111.347,5.46942,-156.936,71.6521,3.87363,-98.9623,108.02,-8.19987,-108.524,98.5418,-6.71041,-65.1061,71.975,4.9069,-86.1785,
39.6947,3.32648,26.8897,-36.0454,111.347,5.46942,-156.936,71.6521,3.87363,-98.9623,108.02,-8.19987,-108.524,98.5418,-6.71041,-65.1061,71.975,4.9069,-86.1785,
38.7771,4.08322,26.3708,-42.3125,112.104,5.66435,-157.003,73.3265,3.90988,-98.186,108.02,-8.19987,-108.524,99.6973,-6.08867,-65.2109,65.7079,7.98602,-86.4948,
38.7771,4.08322,26.3708,-42.3125,112.104,5.66435,-157.003,73.3265,3.90988,-98.186,108.02,-8.19987,-108.524,99.6973,-6.08867,-65.2109,65.7079,7.98602,-86.4948,
37.2071,0.390105,27.45,-44.4356,110.534,5.69812,-156.025,73.3265,3.90988,-98.186,110.143,-7.38214,-108.879,100.777,-5.53954,-65.4443,65.7079,7.98602,-86.4948,
37.2071,0.390105,27.45,-44.4356,110.534,5.69812,-156.025,73.3265,3.90988,-98.186,110.143,-7.38214,-108.879,100.777,-5.53954,-65.4443,65.7079,7.98602,-86.4948,
39.139,0.38187,33.0694,-64.2025,110.576,5.93905,-155.842,71.4371,8.0187,-97.4386,110.194,-7.42693,-107.687,104.507,-3.33916,-65.6135,45.9918,14.006,-88.929,
39.139,0.38187,33.0694,-64.2025,110.576,5.93905,-155.842,71.4371,8.0187,-97.4386,110.194,-7.42693,-107.687,104.507,-3.33916,-65.6135,45.9918,14.006,-88.929,
41.3145,1.28254,36.318,-63.445,111.477,6.50597,-155.577,70.1624,8.33023,-100.403,110.194,-7.42693,-107.687,106.48,-2.27242,-65.3646,46.7493,12.4668,-90.3448,
41.3145,1.28254,36.318,-63.445,111.477,6.50597,-155.577,70.1624,8.33023,-100.403,110.194,-7.42693,-107.687,106.48,-2.27242,-65.3646,46.7493,12.4668,-90.3448,
39.0779,1.89963,35.9825,-60.2829,111.761,6.68934,-155.496,72.6835,8.64973,-100.946,109.862,-7.49587,-107.826,108.666,-1.01148,-65.1619,49.5788,12.0764,-89.4428,
39.0779,1.89963,35.9825,-60.2829,111.761,6.68934,-155.496,72.6835,8.64973,-100.946,109.862,-7.49587,-107.826,108.666,-1.01148,-65.1619,49.5788,12.0764,-89.4428,
39.288,5.07549,40.9842,-57.3171,111.971,7.40996,-155.595,72.6835,8.64973,-100.946,106.896,-7.96033,-108.707,113.668,2.38454,-65.7766,49.5788,12.0764,-89.4428,
39.288,5.07549,40.9842,-57.3171,111.971,7.40996,-155.595,72.6835,8.64973,-100.946,106.896,-7.96033,-108.707,113.668,2.38454,-65.7766,49.5788,12.0764,-89.4428,
26.6379,18.3378,32.6418,-35.0913,112.324,7.69939,-154.561,85.6857,9.69774,-100.434,93.9858,-7.22017,-103.18,118.327,8.41559,-69.4767,58.8944,9.38103,-86.4909,
26.6379,18.3378,32.6418,-35.0913,112.324,7.69939,-154.561,85.6857,9.69774,-100.434,93.9858,-7.22017,-103.18,118.327,8.41559,-69.4767,58.8944,9.38103,-86.4909,
26.3319,18.2578,36.96,-30.6508,110.366,6.3642,-151.373,84.0338,9.51949,-99.0913,92.1078,-6.782,-105.723,120.994,12.5606,-72.6981,61.457,9.5736,-85.4949,
26.3319,18.2578,36.96,-30.6508,110.366,6.3642,-151.373,84.0338,9.51949,-99.0913,92.1078,-6.782,-105.723,120.994,12.5606,-72.6981,61.457,9.5736,-85.4949,
27.2129,18.7085,41.8194,-28.6352,110.816,6.84494,-151.976,83.6034,10.4832,-97.4446,92.1078,-6.782,-105.723,125.423,15.3155,-72.9918,63.4726,8.9888,-85.6607,
27.2129,18.7085,41.8194,-28.6352,110.816,6.84494,-151.976,83.6034,10.4832,-97.4446,92.1078,-6.782,-105.723,125.423,15.3155,-72.9918,63.4726,8.9888,-85.6607,
29.745,25.1413,47.7055,-24.7345,113.348,7.21256,-153.51,83.6034,10.4832,-97.4446,88.2072,-8.69383,-115.959,131.309,16.3616,-69.0641,63.4726,8.9888,-85.6607,
29.745,25.1413,47.7055,-24.7345,113.348,7.21256,-153.51,83.6034,10.4832,-97.4446,88.2072,-8.69383,-115.959,131.309,16.3616,-69.0641,63.4726,8.9888,-85.6607,
23.9073,31.4927,41.2801,-15.2196,113.348,7.21256,-153.51,89.4412,12.4868,-97.2704,81.8558,-10.5355,-111.987,130.721,15.2123,-68.273,66.6362,7.50711,-86.3562,
23.9073,31.4927,41.2801,-15.2196,113.348,7.21256,-153.51,89.4412,12.4868,-97.2704,81.8558,-10.5355,-111.987,130.721,15.2123,-68.273,66.6362,7.50711,-86.3562,
15.2343,38.4893,28.7294,-3.67104,112.923,6.5152,-151.954,97.6887,13.6849,-92.4819,74.4336,-11.4612,-106.624,126.418,12.7405,-67.6531,70.7626,6.71752,-86.6001,
15.2343,38.4893,28.7294,-3.67104,112.923,6.5152,-151.954,97.6887,13.6849,-92.4819,74.4336,-11.4612,-106.624,126.418,12.7405,-67.6531,70.7626,6.71752,-86.6001,
14.633,37.888,28.7294,-3.67104,112.322,7.44697,-153.591,97.6887,13.6849,-92.4819,74.4336,-11.4612,-106.624,126.418,12.7405,-67.6531,70.7626,6.71752,-86.6001,
14.633,37.888,28.7294,-3.67104,112.322,7.44697,-153.591,97.6887,13.6849,-92.4819,74.4336,-11.4612,-106.624,126.418,12.7405,-67.6531,70.7626,6.71752,-86.6001,
11.219,43.418,13.9339,3.80578,111.926,8.13199,-154.804,100.707,12.1732,-91.2992,68.5081,-14.3813,-100.361,114.641,6.14137,-65.6468,72.3139,5.68037,-87.258,
11.219,43.418,13.9339,3.80578,111.926,8.13199,-154.804,100.707,12.1732,-91.2992,68.5081,-14.3813,-100.361,114.641,6.14137,-65.6468,72.3139,5.68037,-87.258,
8.29789,42.0341,1.38638,5.81498,110.701,8.30884,-154.465,102.403,11.5732,-91.3476,68.6665,-14.6807,-98.7732,103.789,1.16846,-64.7826,74.4814,4.65102,-88.1808,
8.29789,42.0341,1.38638,5.81498,110.701,8.30884,-154.465,102.403,11.5732,-91.3476,68.6665,-14.6807,-98.7732,103.789,1.16846,-64.7826,74.4814,4.65102,-88.1808,
5.3894,41.2586,-7.49704,7.63198,110.566,8.62723,-153.494,105.177,11.1723,-88.6519,69.3077,-14.2952,-97.2577,97.6799,-1.53999,-64.7283,76.9397,3.73312,-88.9284,
5.3894,41.2586,-7.49704,7.63198,110.566,8.62723,-153.494,105.177,11.1723,-88.6519,69.3077,-14.2952,-97.2577,97.6799,-1.53999,-64.7283,76.9397,3.73312,-88.9284,
5.59184,41.461,-7.49704,7.63198,110.769,8.81046,-153.197,105.177,11.1723,-88.6519,69.3077,-14.2952,-97.2577,97.6799,-1.53999,-64.7283,76.9397,3.73312,-88.9284,
5.59184,41.461,-7.49704,7.63198,110.769,8.81046,-153.197,105.177,11.1723,-88.6519,69.3077,-14.2952,-97.2577,97.6799,-1.53999,-64.7283,76.9397,3.73312,-88.9284,
4.16554,39.5111,-22.3141,7.36086,111.711,9.44786,-152.598,107.545,10.7205,-87.1297,72.1999,-12.5264,-98.792,85.2313,-7.99138,-65.0273,79.5608,2.84865,-88.78,
4.16554,39.5111,-22.3141,7.36086,111.711,9.44786,-152.598,107.545,10.7205,-87.1297,72.1999,-12.5264,-98.792,85.2313,-7.99138,-65.0273,79.5608,2.84865,-88.78,
4.2791,34.9281,-40.8955,6.24684,112.598,10.0388,-151.467,108.318,10.2179,-84.6943,77.6695,-9.988,-97.1954,67.423,-16.9088,-59.4849,83.9163,1.87553,-88.1318,
4.2791,34.9281,-40.8955,6.24684,112.598,10.0388,-151.467,108.318,10.2179,-84.6943,77.6695,-9.988,-97.1954,67.423,-16.9088,-59.4849,83.9163,1.87553,-88.1318,
3.87067,35.4546,-45.341,9.46294,112.079,9.80278,-149.129,108.208,10.0441,-84.0851,76.6241,-9.85704,-97.3541,62.867,-18.2932,-57.5948,86.087,1.26382,-88.0808,
3.87067,35.4546,-45.341,9.46294,112.079,9.80278,-149.129,108.208,10.0441,-84.0851,76.6241,-9.85704,-97.3541,62.867,-18.2932,-57.5948,86.087,1.26382,-88.0808,
3.53026,35.1142,-47.4206,9.46294,111.738,9.53322,-148.2,108.208,10.0441,-84.0851,76.6241,-9.85704,-97.3541,60.7875,-18.7482,-56.0631,86.087,1.26382,-88.0808,
3.53026,35.1142,-47.4206,9.46294,111.738,9.53322,-148.2,108.208,10.0441,-84.0851,76.6241,-9.85704,-97.3541,60.7875,-18.7482,-56.0631,86.087,1.26382,-88.0808,
3.41983,33.1815,-39.6647,12.2922,111.867,9.08829,-146.412,108.447,9.46676,-82.2076,78.6855,-11.2273,-93.2526,68.7825,-20.4442,-62.7086,90.9777,-0.298802,-90.0033,
3.41983,33.1815,-39.6647,12.2922,111.867,9.08829,-146.412,108.447,9.46676,-82.2076,78.6855,-11.2273,-93.2526,68.7825,-20.4442,-62.7086,90.9777,-0.298802,-90.0033,
7.27684,27.4179,-33.6975,15.0172,112.205,9.18688,-146.572,104.928,9.18786,-81.969,84.787,-11.5473,-99.7203,71.2305,-20.2393,-65.0376,99.8042,-3.05546,-88.329,
7.27684,27.4179,-33.6975,15.0172,112.205,9.18688,-146.572,104.928,9.18786,-81.969,84.787,-11.5473,-99.7203,71.2305,-20.2393,-65.0376,99.8042,-3.05546,-88.329,
10.2321,22.3445,-27.1856,12.6208,112.166,9.83062,-148.006,101.934,8.72811,-84.1509,89.8216,-11.1698,-102.191,74.7485,-19.834,-67.5064,102.442,-4.87612,-85.4889,
10.2321,22.3445,-27.1856,12.6208,112.166,9.83062,-148.006,101.934,8.72811,-84.1509,89.8216,-11.1698,-102.191,74.7485,-19.834,-67.5064,102.442,-4.87612,-85.4889,
11.8175,23.0442,-18.2743,15.5749,109.912,10.6208,-151.424,98.0941,7.89163,-87.2834,86.8674,-10.7129,-96.7152,79.8198,-18.7285,-69.4112,102.442,-4.87612,-85.4889,
11.8175,23.0442,-18.2743,15.5749,109.912,10.6208,-151.424,98.0941,7.89163,-87.2834,86.8674,-10.7129,-96.7152,79.8198,-18.7285,-69.4112,102.442,-4.87612,-85.4889,
17.3226,20.3026,-11.4996,27.8623,110.424,11.4152,-155.308,93.1013,6.04789,-81.2191,90.1212,-11.654,-99.6523,81.6017,-18.0361,-69.1226,117.984,-13.8685,-77.8155,
17.3226,20.3026,-11.4996,27.8623,110.424,11.4152,-155.308,93.1013,6.04789,-81.2191,90.1212,-11.654,-99.6523,81.6017,-18.0361,-69.1226,117.984,-13.8685,-77.8155,
26.6154,14.7545,-1.37871,21.6092,111.966,11.6623,-155.769,85.3505,9.09711,-77.8975,97.2114,-11.9505,-102.761,83.9718,-16.6311,-68.5042,118.821,-14.5883,-78.9871,
26.6154,14.7545,-1.37871,21.6092,111.966,11.6623,-155.769,85.3505,9.09711,-77.8975,97.2114,-11.9505,-102.761,83.9718,-16.6311,-68.5042,118.821,-14.5883,-78.9871,
30.1369,14.2352,3.73575,23.0017,111.447,12.1056,-154.522,81.3097,9.11826,-82.224,97.2114,-11.9505,-102.761,85.0455,-16.3281,-68.9142,120.213,-15.3188,-80.0781,
30.1369,14.2352,3.73575,23.0017,111.447,12.1056,-154.522,81.3097,9.11826,-82.224,97.2114,-11.9505,-102.761,85.0455,-16.3281,-68.9142,120.213,-15.3188,-80.0781,
29.3158,11.9055,4.77898,21.4931,110.625,11.5453,-152.689,81.3097,9.11826,-82.224,98.7199,-12.4644,-102.453,86.0887,-16.1197,-69.2579,120.213,-15.3188,-80.0781,
29.3158,11.9055,4.77898,21.4931,110.625,11.5453,-152.689,81.3097,9.11826,-82.224,98.7199,-12.4644,-102.453,86.0887,-16.1197,-69.2579,120.213,-15.3188,-80.0781,
29.7669,11.6926,6.22669,17.6368,111.077,11.2668,-152.139,81.3097,9.11826,-82.224,99.384,-11.9756,-102.51,87.5364,-15.0863,-67.9363,117.021,-14.5958,-82.9748,
29.7669,11.6926,6.22669,17.6368,111.077,11.2668,-152.139,81.3097,9.11826,-82.224,99.384,-11.9756,-102.51,87.5364,-15.0863,-67.9363,117.021,-14.5958,-82.9748,
46.0695,11.1741,22.427,-0.234207,112.839,10.6703,-151.197,66.77,8.50975,-95.1727,101.665,-10.2657,-103.983,89.197,-13.7783,-65.9457,101.431,-10.1012,-85.998,
46.0695,11.1741,22.427,-0.234207,112.839,10.6703,-151.197,66.77,8.50975,-95.1727,101.665,-10.2657,-103.983,89.197,-13.7783,-65.9457,101.431,-10.1012,-85.998,
46.1723,9.57287,25.2667,-0.234207,111.238,10.0359,-152.278,65.066,8.00185,-97.3645,101.665,-10.2657,-103.983,90.3326,-12.9168,-65.0424,101.431,-10.1012,-85.998,
46.1723,9.57287,25.2667,-0.234207,111.238,10.0359,-152.278,65.066,8.00185,-97.3645,101.665,-10.2657,-103.983,90.3326,-12.9168,-65.0424,101.431,-10.1012,-85.998,
46.9718,7.78048,29.0173,-14.547,112.038,9.78399,-153.761,65.066,8.00185,-97.3645,104.257,-10.0819,-105.639,94.0833,-10.6766,-63.7231,89.7103,-6.4097,-86.7128,
46.9718,7.78048,29.0173,-14.547,112.038,9.78399,-153.761,65.066,8.00185,-97.3645,104.257,-10.0819,-105.639,94.0833,-10.6766,-63.7231,89.7103,-6.4097,-86.7128,
48.6257,4.85057,32.0033,-30.6694,113.184,9.89129,-154.016,64.5586,2.50594,-103.795,108.334,-8.94457,-108.654,96.5619,-9.30684,-63.7256,77.6643,-0.951309,-84.1263,
48.6257,4.85057,32.0033,-30.6694,113.184,9.89129,-154.016,64.5586,2.50594,-103.795,108.334,-8.94457,-108.654,96.5619,-9.30684,-63.7256,77.6643,-0.951309,-84.1263,
47.1497,3.72934,31.5236,-43.4912,113.348,9.27067,-153.474,66.1979,2.05474,-103.169,109.618,-8.55176,-109.148,97.7215,-8.70673,-63.9711,66.1272,5.57463,-85.4929,
47.1497,3.72934,31.5236,-43.4912,113.348,9.27067,-153.474,66.1979,2.05474,-103.169,109.618,-8.55176,-109.148,97.7215,-8.70673,-63.9711,66.1272,5.57463,-85.4929,
45.0292,3.34791,29.7844,-43.4912,112.966,9.1129,-153.785,67.9371,2.70705,-101.906,109.618,-8.55176,-109.148,97.7215,-8.70673,-63.9711,66.1272,5.57463,-85.4929,
45.0292,3.34791,29.7844,-43.4912,112.966,9.1129,-153.785,67.9371,2.70705,-101.906,109.618,-8.55176,-109.148,97.7215,-8.70673,-63.9711,66.1272,5.57463,-85.4929,
45.015,2.21076,32.0986,-55.1857,112.952,9.1532,-153.999,67.9371,2.70705,-101.906,110.741,-7.94812,-108.479,100.036,-7.26066,-64.5194,55.5556,8.42507,-96.3706,
45.015,2.21076,32.0986,-55.1857,112.952,9.1532,-153.999,67.9371,2.70705,-101.906,110.741,-7.94812,-108.479,100.036,-7.26066,-64.5194,55.5556,8.42507,-96.3706,
43.8705,3.31975,33.8351,-61.2872,113.441,9.33901,-153.016,69.5701,9.01195,-97.1436,110.121,-7.94396,-108.485,103.405,-5.27468,-64.5829,48.8336,9.67841,-100.141,
43.8705,3.31975,33.8351,-61.2872,113.441,9.33901,-153.016,69.5701,9.01195,-97.1436,110.121,-7.94396,-108.485,103.405,-5.27468,-64.5829,48.8336,9.67841,-100.141,
40.6262,4.44863,34.9574,-59.0679,113.702,9.78556,-151.821,73.0759,10.0246,-100.329,109.253,-7.88611,-109.108,108.033,-2.48694,-64.5099,50.1856,7.71443,-100.363,
40.6262,4.44863,34.9574,-59.0679,113.702,9.78556,-151.821,73.0759,10.0246,-100.329,109.253,-7.88611,-109.108,108.033,-2.48694,-64.5099,50.1856,7.71443,-100.363,
40.0613,3.88373,34.9574,-59.0679,113.137,9.858,-152.316,73.0759,10.0246,-100.329,109.253,-7.88611,-109.108,108.033,-2.48694,-64.5099,50.1856,7.71443,-100.363,
40.0613,3.88373,34.9574,-59.0679,113.137,9.858,-152.316,73.0759,10.0246,-100.329,109.253,-7.88611,-109.108,108.033,-2.48694,-64.5099,50.1856,7.71443,-100.363,
30.0333,18.5728,32.983,-40.3362,112.958,9.8413,-152.731,82.9246,10.2065,-96.1875,94.385,-7.0645,-107.13,115.908,4.49817,-67.8736,54.0489,8.81774,-94.9569,
30.0333,18.5728,32.983,-40.3362,112.958,9.8413,-152.731,82.9246,10.2065,-96.1875,94.385,-7.0645,-107.13,115.908,4.49817,-67.8736,54.0489,8.81774,-94.9569,
29.9713,20.9415,38.3739,-32.4372,112.896,9.6976,-152.208,82.9246,10.2065,-96.1875,91.9543,-6.44726,-108.089,121.299,11.9752,-74.0078,59.5171,9.80107,-92.6841,
29.9713,20.9415,38.3739,-32.4372,112.896,9.6976,-152.208,82.9246,10.2065,-96.1875,91.9543,-6.44726,-108.089,121.299,11.9752,-74.0078,59.5171,9.80107,-92.6841,
26.7252,22.2193,35.3529,-28.9622,112.671,9.66944,-152.013,85.9456,10.1582,-96.1502,90.4515,-6.52889,-112.233,121.299,11.9752,-74.0078,61.4893,8.45351,-93.3522,
26.7252,22.2193,35.3529,-28.9622,112.671,9.66944,-152.013,85.9456,10.1582,-96.1502,90.4515,-6.52889,-112.233,121.299,11.9752,-74.0078,61.4893,8.45351,-93.3522,
25.6875,25.8514,40.0329,-22.2882,111.651,9.60057,-152.226,85.9634,10.5649,-96.066,85.7996,-9.15488,-118.007,125.996,13.7613,-73.1117,63.5114,7.33961,-93.8258,
25.6875,25.8514,40.0329,-22.2882,111.651,9.60057,-152.226,85.9634,10.5649,-96.066,85.7996,-9.15488,-118.007,125.996,13.7613,-73.1117,63.5114,7.33961,-93.8258,
27.049,34.527,43.7034,-11.2739,113.012,9.16652,-152.122,85.9634,10.5649,-96.066,78.4855,-10.1854,-110.943,129.667,15.0579,-69.0719,67.2116,6.68983,-88.3275,
27.049,34.527,43.7034,-11.2739,113.012,9.16652,-152.122,85.9634,10.5649,-96.066,78.4855,-10.1854,-110.943,129.667,15.0579,-69.0719,67.2116,6.68983,-88.3275,
19.5349,42.8544,31.398,-3.22073,114.021,8.63392,-150.751,94.4864,13.5812,-92.6936,71.1669,-10.4026,-106.489,125.884,11.7337,-67.9723,67.9461,6.53018,-88.7467,
19.5349,42.8544,31.398,-3.22073,114.021,8.63392,-150.751,94.4864,13.5812,-92.6936,71.1669,-10.4026,-106.489,125.884,11.7337,-67.9723,67.9461,6.53018,-88.7467,
14.7434,41.4414,25.0747,-2.52699,112.608,8.68272,-150.831,97.8649,13.8162,-91.5137,71.1669,-10.4026,-106.489,122.94,10.1316,-67.2303,68.6399,6.21631,-89.2592,
14.7434,41.4414,25.0747,-2.52699,112.608,8.68272,-150.831,97.8649,13.8162,-91.5137,71.1669,-10.4026,-106.489,122.94,10.1316,-67.2303,68.6399,6.21631,-89.2592,
13.314,43.892,15.673,0.924726,112.343,9.28655,-152.154,99.0289,13.3056,-91.3893,68.4509,-11.9887,-104.324,114.702,7.13142,-67.8152,69.3756,5.64085,-90.0718,
13.314,43.892,15.673,0.924726,112.343,9.28655,-152.154,99.0289,13.3056,-91.3893,68.4509,-11.9887,-104.324,114.702,7.13142,-67.8152,69.3756,5.64085,-90.0718,
13.2236,43.8015,10.5054,0.924726,112.252,10.0201,-153.809,99.0289,13.3056,-91.3893,68.4509,-11.9887,-104.324,109.534,5.1495,-69.2746,69.3756,5.64085,-90.0718,
13.2236,43.8015,10.5054,0.924726,112.252,10.0201,-153.809,99.0289,13.3056,-91.3893,68.4509,-11.9887,-104.324,109.534,5.1495,-69.2746,69.3756,5.64085,-90.0718,
8.85867,43.9142,-4.11568,3.75983,111.514,10.2785,-154.379,102.656,11.7042,-89.4534,67.6001,-11.2982,-99.3182,98.5399,-0.244218,-71.445,71.3599,4.44072,-91.2835,
8.85867,43.9142,-4.11568,3.75983,111.514,10.2785,-154.379,102.656,11.7042,-89.4534,67.6001,-11.2982,-99.3182,98.5399,-0.244218,-71.445,71.3599,4.44072,-91.2835,
5.42167,42.6798,-12.7095,8.16557,111.13,10.2797,-151.121,105.708,11.4822,-86.3536,68.4501,-10.5758,-98.5072,92.9988,-3.50678,-71.1795,76.6157,2.90506,-91.7556,
5.42167,42.6798,-12.7095,8.16557,111.13,10.2797,-151.121,105.708,11.4822,-86.3536,68.4501,-10.5758,-98.5072,92.9988,-3.50678,-71.1795,76.6157,2.90506,-91.7556,
5.48434,39.5431,-23.9228,4.96614,111.193,10.4343,-150.095,105.708,11.4822,-86.3536,71.6496,-9.18891,-100.965,81.7855,-10.1687,-66.9528,76.6157,2.90506,-91.7556,
5.48434,39.5431,-23.9228,4.96614,111.193,10.4343,-150.095,105.708,11.4822,-86.3536,71.6496,-9.18891,-100.965,81.7855,-10.1687,-66.9528,76.6157,2.90506,-91.7556,
4.19927,37.7345,-35.6911,9.2912,111.392,10.785,-149.58,107.193,11.1624,-84.5922,73.6577,-8.19353,-99.6279,71.5019,-14.867,-61.1907,82.9489,1.46765,-87.498,
4.19927,37.7345,-35.6911,9.2912,111.392,10.785,-149.58,107.193,11.1624,-84.5922,73.6577,-8.19353,-99.6279,71.5019,-14.867,-61.1907,82.9489,1.46765,-87.498,
4.8702,39.8786,-39.186,11.1034,111.724,11.0643,-149.485,106.854,10.8904,-84.3502,71.8455,-8.45968,-99.4315,67.6679,-15.945,-58.6904,82.9489,1.46765,-87.498,
4.8702,39.8786,-39.186,11.1034,111.724,11.0643,-149.485,106.854,10.8904,-84.3502,71.8455,-8.45968,-99.4315,67.6679,-15.945,-58.6904,82.9489,1.46765,-87.498,
4.15314,38.7745,-41.0209,15.9939,110.62,10.8797,-149.419,106.467,10.4491,-83.9034,71.8455,-8.45968,-99.4315,65.446,-16.7605,-57.4123,87.8394,0.00330195,-87.5366,
4.15314,38.7745,-41.0209,15.9939,110.62,10.8797,-149.419,106.467,10.4491,-83.9034,71.8455,-8.45968,-99.4315,65.446,-16.7605,-57.4123,87.8394,0.00330195,-87.5366,
4.15314,38.7745,-38.7913,15.9939,110.62,10.8797,-149.419,106.467,10.4491,-83.9034,71.8455,-8.45968,-99.4315,67.6756,-16.6365,-58.2968,87.8394,0.00330195,-87.5366,
4.15314,38.7745,-38.7913,15.9939,110.62,10.8797,-149.419,106.467,10.4491,-83.9034,71.8455,-8.45968,-99.4315,67.6756,-16.6365,-58.2968,87.8394,0.00330195,-87.5366,
11.1172,28.729,-24.6125,12.8328,109.573,10.4798,-149.089,98.4555,8.09547,-85.0204,80.8436,-10.0145,-99.6172,73.8429,-20.1945,-68.1287,93.6765,-1.63603,-87.0653,
11.1172,28.729,-24.6125,12.8328,109.573,10.4798,-149.089,98.4555,8.09547,-85.0204,80.8436,-10.0145,-99.6172,73.8429,-20.1945,-68.1287,93.6765,-1.63603,-87.0653,
14.7896,22.1193,-15.6774,6.25296,109.543,10.4298,-148.188,94.7532,7.07955,-87.2802,87.4235,-9.42124,-104.673,79.0758,-19.3529,-69.7593,93.6765,-1.63603,-87.0653,
14.7896,22.1193,-15.6774,6.25296,109.543,10.4298,-148.188,94.7532,7.07955,-87.2802,87.4235,-9.42124,-104.673,79.0758,-19.3529,-69.7593,93.6765,-1.63603,-87.0653,
17.4126,22.0982,-13.0333,18.2105,109.522,10.7586,-148.635,92.1092,6.0278,-85.3721,87.4235,-9.42124,-104.673,79.0758,-19.3529,-69.7593,105.634,-8.127,-77.434,
17.4126,22.0982,-13.0333,18.2105,109.522,10.7586,-148.635,92.1092,6.0278,-85.3721,87.4235,-9.42124,-104.673,79.0758,-19.3529,-69.7593,105.634,-8.127,-77.434,
21.2754,22.189,-5.059,28.5468,109.059,10.9053,-149.824,87.7834,6.63099,-74.9385,86.8698,-10.5664,-100.755,82.7244,-16.96,-68.5154,115.417,-13.0736,-72.4177,
21.2754,22.189,-5.059,28.5468,109.059,10.9053,-149.824,87.7834,6.63099,-74.9385,86.8698,-10.5664,-100.755,82.7244,-16.96,-68.5154,115.417,-13.0736,-72.4177,
27.6279,12.987,3.85083,22.518,109.166,11.2663,-153.331,81.5379,8.56651,-78.5111,96.1788,-11.3501,-107.668,85.3887,-15.0882,-68.0308,118.697,-14.9463,-73.2709,
27.6279,12.987,3.85083,22.518,109.166,11.2663,-153.331,81.5379,8.56651,-78.5111,96.1788,-11.3501,-107.668,85.3887,-15.0882,-68.0308,118.697,-14.9463,-73.2709,
31.4589,11.9823,9.07006,22.0411,109.044,11.4971,-153.83,77.5849,8.23684,-82.9442,97.0616,-11.5957,-107.923,86.6549,-14.7134,-68.3194,119.103,-15.0694,-73.8059,
31.4589,11.9823,9.07006,22.0411,109.044,11.4971,-153.83,77.5849,8.23684,-82.9442,97.0616,-11.5957,-107.923,86.6549,-14.7134,-68.3194,119.103,-15.0694,-73.8059,
34.0382,11.0026,13.6223,20.0098,108.064,11.6039,-153.276,74.026,8.02205,-85.8082,97.0616,-11.5957,-107.923,87.6483,-14.5086,-68.2291,117.071,-14.469,-73.6126,
34.0382,11.0026,13.6223,20.0098,108.064,11.6039,-153.276,74.026,8.02205,-85.8082,97.0616,-11.5957,-107.923,87.6483,-14.5086,-68.2291,117.071,-14.469,-73.6126,
38.1951,6.47313,20.5445,10.2986,107.521,11.6544,-152.774,69.326,8.08117,-88.3806,101.048,-9.7524,-108.409,89.8705,-12.8851,-65.4978,111.347,-12.612,-73.9895,
38.1951,6.47313,20.5445,10.2986,107.521,11.6544,-152.774,69.326,8.08117,-88.3806,101.048,-9.7524,-108.409,89.8705,-12.8851,-65.4978,111.347,-12.612,-73.9895,
39.8672,4.57132,25.3239,0.126021,106.374,11.2244,-150.623,66.507,8.38856,-90.7064,101.803,-9.54729,-108.755,91.8309,-11.6806,-63.9974,101.929,-9.24458,-74.4608,
39.8672,4.57132,25.3239,0.126021,106.374,11.2244,-150.623,66.507,8.38856,-90.7064,101.803,-9.54729,-108.755,91.8309,-11.6806,-63.9974,101.929,-9.24458,-74.4608,
40.7016,4.0416,26.7271,-12.0483,106.972,10.7252,-149.284,66.2706,7.95354,-92.4702,102.931,-9.34288,-109.565,92.9977,-10.9937,-63.4551,90.8823,-5.21138,-74.8551,
40.7016,4.0416,26.7271,-12.0483,106.972,10.7252,-149.284,66.2706,7.95354,-92.4702,102.931,-9.34288,-109.565,92.9977,-10.9937,-63.4551,90.8823,-5.21138,-74.8551,
41.629,1.62404,28.4227,-14.8853,107.392,10.1268,-147.48,65.7627,7.08475,-94.5761,105.768,-8.94337,-111.572,94.1854,-10.3045,-63.1883,90.8823,-5.21138,-74.8551,
41.629,1.62404,28.4227,-14.8853,107.392,10.1268,-147.48,65.7627,7.08475,-94.5761,105.768,-8.94337,-111.572,94.1854,-10.3045,-63.1883,90.8823,-5.21138,-74.8551,
40.6313,-0.773524,30.8604,-16.2853,106.394,9.91816,-148.31,65.7627,7.08475,-94.5761,107.168,-8.74796,-112.393,96.6231,-9.0913,-63.2842,90.8823,-5.21138,-74.8551,
40.6313,-0.773524,30.8604,-16.2853,106.394,9.91816,-148.31,65.7627,7.08475,-94.5761,107.168,-8.74796,-112.393,96.6231,-9.0913,-63.2842,90.8823,-5.21138,-74.8551,
35.0385,-2.98158,26.4804,-30.5394,106.378,9.43186,-149.656,71.3395,3.68035,-97.1877,109.36,-8.40095,-113.289,97.8199,-8.43636,-63.4837,78.8202,-0.21593,-74.2025,
35.0385,-2.98158,26.4804,-30.5394,106.378,9.43186,-149.656,71.3395,3.68035,-97.1877,109.36,-8.40095,-113.289,97.8199,-8.43636,-63.4837,78.8202,-0.21593,-74.2025,
31.1979,-2.72736,24.3619,-54.2064,107.123,9.0038,-150.408,75.9251,6.46138,-95.0226,109.85,-8.3028,-113.327,100.287,-6.80964,-64.0592,55.644,8.78077,-80.9505,
31.1979,-2.72736,24.3619,-54.2064,107.123,9.0038,-150.408,75.9251,6.46138,-95.0226,109.85,-8.3028,-113.327,100.287,-6.80964,-64.0592,55.644,8.78077,-80.9505,
32.5179,-1.40741,24.3619,-54.2064,108.443,8.7903,-149.448,75.9251,6.46138,-95.0226,109.85,-8.3028,-113.327,100.287,-6.80964,-64.0592,55.644,8.78077,-80.9505,
32.5179,-1.40741,24.3619,-54.2064,108.443,8.7903,-149.448,75.9251,6.46138,-95.0226,109.85,-8.3028,-113.327,100.287,-6.80964,-64.0592,55.644,8.78077,-80.9505,
36.6627,0.722969,36.3959,-58.9504,108.777,8.52033,-149.562,72.1138,8.04313,-96.6108,108.054,-8.22192,-113.455,108.51,-2.21663,-63.2509,49.1031,9.62466,-88.4937,
36.6627,0.722969,36.3959,-58.9504,108.777,8.52033,-149.562,72.1138,8.04313,-96.6108,108.054,-8.22192,-113.455,108.51,-2.21663,-63.2509,49.1031,9.62466,-88.4937,
33.4418,5.20423,36.1957,-49.8832,108.462,8.55759,-149.575,75.0202,8.63906,-100.239,103.258,-8.48045,-113.8,111.216,-0.601614,-63.5673,53.3746,11.4317,-86.9608,
33.4418,5.20423,36.1957,-49.8832,108.462,8.55759,-149.575,75.0202,8.63906,-100.239,103.258,-8.48045,-113.8,111.216,-0.601614,-63.5673,53.3746,11.4317,-86.9608,
24.4999,5.62652,29.765,-47.8793,108.884,8.99635,-148.427,84.3845,10.4848,-93.1474,103.258,-8.48045,-113.8,114.149,1.47234,-64.3902,55.3785,7.97741,-87.7987,
24.4999,5.62652,29.765,-47.8793,108.884,8.99635,-148.427,84.3845,10.4848,-93.1474,103.258,-8.48045,-113.8,114.149,1.47234,-64.3902,55.3785,7.97741,-87.7987,
24.7773,5.90399,29.765,-47.8793,109.162,9.36414,-148.113,84.3845,10.4848,-93.1474,103.258,-8.48045,-113.8,114.149,1.47234,-64.3902,55.3785,7.97741,-87.7987,
24.7773,5.90399,29.765,-47.8793,109.162,9.36414,-148.113,84.3845,10.4848,-93.1474,103.258,-8.48045,-113.8,114.149,1.47234,-64.3902,55.3785,7.97741,-87.7987,
24.124,21.0612,41.1662,-27.6305,109.767,9.81275,-148.372,85.6433,11.6,-94.7022,88.706,-7.15371,-112.541,126.809,14.1565,-71.6436,61.0755,8.93255,-84.7886,
24.124,21.0612,41.1662,-27.6305,109.767,9.81275,-148.372,85.6433,11.6,-94.7022,88.706,-7.15371,-112.541,126.809,14.1565,-71.6436,61.0755,8.93255,-84.7886,
19.1306,25.7165,39.4233,-16.2802,109.738,9.71434,-146.948,90.6073,12.3644,-93.0755,84.0214,-9.25701,-116.73,130.031,15.6085,-70.7221,67.7412,5.95391,-87.5217,
19.1306,25.7165,39.4233,-16.2802,109.738,9.71434,-146.948,90.6073,12.3644,-93.0755,84.0214,-9.25701,-116.73,130.031,15.6085,-70.7221,67.7412,5.95391,-87.5217,
16.0623,25.4836,36.9086,-16.2802,109.505,10.0046,-147.168,93.4426,12.4487,-93.1763,84.0214,-9.25701,-116.73,130.351,15.6673,-69.791,67.7412,5.95391,-87.5217,
16.0623,25.4836,36.9086,-16.2802,109.505,10.0046,-147.168,93.4426,12.4487,-93.1763,84.0214,-9.25701,-116.73,130.351,15.6673,-69.791,67.7412,5.95391,-87.5217,
16.6638,32.596,36.4178,-9.76919,110.106,10.1341,-148.04,93.4426,12.4487,-93.1763,77.5104,-10.3963,-113.489,129.86,14.0146,-68.863,67.7412,5.95391,-87.5217,
16.6638,32.596,36.4178,-9.76919,110.106,10.1341,-148.04,93.4426,12.4487,-93.1763,77.5104,-10.3963,-113.489,129.86,14.0146,-68.863,67.7412,5.95391,-87.5217,
13.6488,41.1394,27.9649,-0.0151566,110.512,9.37988,-148.587,96.8635,12.9087,-91.37,69.3729,-11.2924,-108.981,124.828,11.3408,-68.17,69.3577,5.53512,-88.6646,
13.6488,41.1394,27.9649,-0.0151566,110.512,9.37988,-148.587,96.8635,12.9087,-91.37,69.3729,-11.2924,-108.981,124.828,11.3408,-68.17,69.3577,5.53512,-88.6646,
13.2879,40.7785,27.9649,1.55358,110.151,9.36312,-148.574,96.8635,12.9087,-91.37,69.3729,-11.2924,-108.981,124.828,11.3408,-68.17,70.9265,4.57394,-90.1582,
13.2879,40.7785,27.9649,1.55358,110.151,9.36312,-148.574,96.8635,12.9087,-91.37,69.3729,-11.2924,-108.981,124.828,11.3408,-68.17,70.9265,4.57394,-90.1582,
9.22591,41.183,16.2831,4.63946,109.514,9.61045,-148.814,100.288,11.3536,-89.9116,68.3312,-11.8767,-108.074,116.571,7.43438,-68.2695,72.9707,3.81667,-90.9095,
9.22591,41.183,16.2831,4.63946,109.514,9.61045,-148.814,100.288,11.3536,-89.9116,68.3312,-11.8767,-108.074,116.571,7.43438,-68.2695,72.9707,3.81667,-90.9095,
8.76192,41.8927,-0.514076,5.23804,109.625,10.9691,-151.017,100.863,11.2107,-89.9926,67.7327,-12.6645,-106.67,100.349,-0.104579,-69.0157,72.9707,3.81667,-90.9095,
8.76192,41.8927,-0.514076,5.23804,109.625,10.9691,-151.017,100.863,11.2107,-89.9926,67.7327,-12.6645,-106.67,100.349,-0.104579,-69.0157,72.9707,3.81667,-90.9095,
2.99612,37.9382,-16.9318,7.5493,108.672,11.5366,-151.501,105.676,11.0251,-87.0167,70.7336,-10.2507,-104.047,88.7438,-6.41929,-68.6644,78.2829,2.42719,-92.2551,
2.99612,37.9382,-16.9318,7.5493,108.672,11.5366,-151.501,105.676,11.0251,-87.0167,70.7336,-10.2507,-104.047,88.7438,-6.41929,-68.6644,78.2829,2.42719,-92.2551,
2.85124,38.516,-23.4725,8.92418,109.25,11.7555,-150.797,106.398,10.9514,-86.6339,70.7336,-10.2507,-104.047,82.9258,-9.84601,-68.0489,79.6578,2.08893,-92.0155,
2.85124,38.516,-23.4725,8.92418,109.25,11.7555,-150.797,106.398,10.9514,-86.6339,70.7336,-10.2507,-104.047,82.9258,-9.84601,-68.0489,79.6578,2.08893,-92.0155,
3.05695,37.3071,-23.9525,8.43742,109.935,12.047,-150.413,106.878,10.8042,-86.2686,72.6282,-9.43904,-104.135,82.9258,-9.84601,-68.0489,81.0656,1.6959,-91.7486,
3.05695,37.3071,-23.9525,8.43742,109.935,12.047,-150.413,106.878,10.8042,-86.2686,72.6282,-9.43904,-104.135,82.9258,-9.84601,-68.0489,81.0656,1.6959,-91.7486,
4.41295,35.8737,-34.4014,5.64797,111.291,12.7672,-150.151,106.878,10.8042,-86.2686,75.4176,-7.96355,-100.262,72.477,-15.4216,-63.7294,81.0656,1.6959,-91.7486,
4.41295,35.8737,-34.4014,5.64797,111.291,12.7672,-150.151,106.878,10.8042,-86.2686,75.4176,-7.96355,-100.262,72.477,-15.4216,-63.7294,81.0656,1.6959,-91.7486,
4.19695,38.9856,-41.4103,11.9218,111.351,12.8667,-150.068,107.154,10.3085,-87.6298,72.3651,-8.11921,-100.271,65.7434,-17.4567,-59.7266,84.2869,0.721598,-91.8891,
4.19695,38.9856,-41.4103,11.9218,111.351,12.8667,-150.068,107.154,10.3085,-87.6298,72.3651,-8.11921,-100.271,65.7434,-17.4567,-59.7266,84.2869,0.721598,-91.8891,
3.96826,39.8323,-37.4591,22.9005,111.115,13.0053,-149.662,107.147,9.61893,-86.6489,71.283,-9.84579,-97.326,69.688,-17.6367,-62.04,94.1834,-2.16495,-92.2938,
3.96826,39.8323,-37.4591,22.9005,111.115,13.0053,-149.662,107.147,9.61893,-86.6489,71.283,-9.84579,-97.326,69.688,-17.6367,-62.04,94.1834,-2.16495,-92.2938,
3.90245,38.969,-36.6615,22.9005,110.252,12.7794,-149.217,106.349,9.44144,-86.2442,71.283,-9.84579,-97.326,69.688,-17.6367,-62.04,94.1834,-2.16495,-92.2938,
3.90245,38.969,-36.6615,22.9005,110.252,12.7794,-149.217,106.349,9.44144,-86.2442,71.283,-9.84579,-97.326,69.688,-17.6367,-62.04,94.1834,-2.16495,-92.2938,
8.95195,24.1482,-22.96,14.7241,109.558,12.3842,-149.026,100.606,8.47554,-91.4681,85.4094,-10.5592,-109.318,77.6457,-18.3199,-69.7085,100.134,-4.05019,-92.0225,
8.95195,24.1482,-22.96,14.7241,109.558,12.3842,-149.026,100.606,8.47554,-91.4681,85.4094,-10.5592,-109.318,77.6457,-18.3199,-69.7085,100.134,-4.05019,-92.0225,
15.4432,23.4793,-12.2938,18.9882,109.914,12.2673,-148.594,94.4713,6.61422,-93.2966,86.4351,-10.5027,-104.828,82.1775,-16.8973,-70.6354,105.423,-8.30803,-85.5728,
15.4432,23.4793,-12.2938,18.9882,109.914,12.2673,-148.594,94.4713,6.61422,-93.2966,86.4351,-10.5027,-104.828,82.1775,-16.8973,-70.6354,105.423,-8.30803,-85.5728,
20.1038,24.0108,-5.96598,27.924,110.463,12.7417,-150.539,90.3587,6.47315,-82.9389,86.4517,-11.1127,-105.244,84.3928,-16.2449,-70.8893,114.376,-13.3345,-81.0564,
20.1038,24.0108,-5.96598,27.924,110.463,12.7417,-150.539,90.3587,6.47315,-82.9389,86.4517,-11.1127,-105.244,84.3928,-16.2449,-70.8893,114.376,-13.3345,-81.0564,
20.1038,24.0108,-5.96598,27.924,110.463,12.7417,-150.539,90.3587,6.47315,-82.9389,86.4517,-11.1127,-105.244,84.3928,-16.2449,-70.8893,114.376,-13.3345,-81.0564,
20.1038,24.0108,-5.96598,27.924,110.463,12.7417,-150.539,90.3587,6.47315,-82.9389,86.4517,-11.1127,-105.244,84.3928,-16.2449,-70.8893,114.376,-13.3345,-81.0564,
25.0861,13.655,3.55469,22.4399,109.573,13.2902,-153.638,84.4866,8.503,-84.522,95.9176,-11.7854,-112.037,88.0413,-14.0887,-69.7145,118.358,-15.1857,-83.1795,
25.0861,13.655,3.55469,22.4399,109.573,13.2902,-153.638,84.4866,8.503,-84.522,95.9176,-11.7854,-112.037,88.0413,-14.0887,-69.7145,118.358,-15.1857,-83.1795,
32.2483,13.3166,12.7257,17.2153,109.568,13.7607,-156.357,77.3198,8.48398,-90.8616,96.2515,-12.0323,-111.68,90.0455,-13.4988,-69.6223,113.467,-13.434,-83.2566,
32.2483,13.3166,12.7257,17.2153,109.568,13.7607,-156.357,77.3198,8.48398,-90.8616,96.2515,-12.0323,-111.68,90.0455,-13.4988,-69.6223,113.467,-13.434,-83.2566,
35.2742,12.5692,16.0797,12.742,109.934,14.1368,-156.603,74.6601,8.61004,-92.257,97.3652,-11.7799,-111.845,90.7398,-12.896,-68.7267,110.107,-12.2767,-83.2545,
35.2742,12.5692,16.0797,12.742,109.934,14.1368,-156.603,74.6601,8.61004,-92.257,97.3652,-11.7799,-111.845,90.7398,-12.896,-68.7267,110.107,-12.2767,-83.2545,
35.7248,10.8422,18.9423,12.742,108.207,14.186,-155.269,72.4826,8.70586,-93.5035,97.3652,-11.7799,-111.845,91.4249,-12.2986,-67.6734,110.107,-12.2767,-83.2545,
35.7248,10.8422,18.9423,12.742,108.207,14.186,-155.269,72.4826,8.70586,-93.5035,97.3652,-11.7799,-111.845,91.4249,-12.2986,-67.6734,110.107,-12.2767,-83.2545,
35.3473,8.58017,22.0798,2.2473,107.83,14.0845,-154.927,72.4826,8.70586,-93.5035,99.2497,-10.4675,-113.645,94.5623,-10.2414,-65.1406,101.497,-8.60836,-84.8142,
35.3473,8.58017,22.0798,2.2473,107.83,14.0845,-154.927,72.4826,8.70586,-93.5035,99.2497,-10.4675,-113.645,94.5623,-10.2414,-65.1406,101.497,-8.60836,-84.8142,
38.6007,7.32077,26.0119,-16.2293,108.309,13.8137,-154.095,69.7079,8.91401,-96.6562,100.988,-10.0518,-114.309,95.7197,-9.56398,-64.494,84.7584,-2.48196,-87.3116,
38.6007,7.32077,26.0119,-16.2293,108.309,13.8137,-154.095,69.7079,8.91401,-96.6562,100.988,-10.0518,-114.309,95.7197,-9.56398,-64.494,84.7584,-2.48196,-87.3116,
40.0875,7.36082,27.1793,-23.9073,109.795,13.605,-153.352,69.7079,8.91401,-96.6562,102.435,-9.8221,-115.375,96.8872,-8.9462,-64.0679,78.5273,-0.133724,-87.0673,
40.0875,7.36082,27.1793,-23.9073,109.795,13.605,-153.352,69.7079,8.91401,-96.6562,102.435,-9.8221,-115.375,96.8872,-8.9462,-64.0679,78.5273,-0.133724,-87.0673,
40.6703,3.26653,29.6404,-28.3647,110.159,12.9415,-152.164,69.4882,7.0474,-101.854,106.892,-8.67237,-117.257,99.1286,-7.66722,-63.7954,78.5273,-0.133724,-87.0673,
40.6703,3.26653,29.6404,-28.3647,110.159,12.9415,-152.164,69.4882,7.0474,-101.854,106.892,-8.67237,-117.257,99.1286,-7.66722,-63.7954,78.5273,-0.133724,-87.0673,
38.922,1.51815,31.9126,-52.292,108.41,11.9982,-152.592,69.4882,7.0474,-101.854,106.892,-8.67237,-117.257,101.401,-6.41066,-64.149,54.6,8.83672,-94.1879,
38.922,1.51815,31.9126,-52.292,108.41,11.9982,-152.592,69.4882,7.0474,-101.854,106.892,-8.67237,-117.257,101.401,-6.41066,-64.149,54.6,8.83672,-94.1879,
38.4927,-0.839963,33.2503,-58.9007,107.981,11.0314,-154.149,69.4882,7.0474,-101.854,108.821,-7.90909,-118.002,102.738,-5.65896,-64.1509,49.9202,9.6247,-96.2527,
38.4927,-0.839963,33.2503,-58.9007,107.981,11.0314,-154.149,69.4882,7.0474,-101.854,108.821,-7.90909,-118.002,102.738,-5.65896,-64.1509,49.9202,9.6247,-96.2527,
35.3306,0.456647,30.0993,-62.0664,109.497,11.4956,-152.214,74.166,4.82336,-101.643,109.04,-7.86129,-117.923,104.265,-4.8121,-63.9086,46.9736,9.89647,-98.0052,
35.3306,0.456647,30.0993,-62.0664,109.497,11.4956,-152.214,74.166,4.82336,-101.643,109.04,-7.86129,-117.923,104.265,-4.8121,-63.9086,46.9736,9.89647,-98.0052,
32.2588,0.894508,28.8354,-61.9416,109.81,11.3048,-151.615,77.5508,6.55847,-100.452,108.915,-7.90458,-117.668,106.386,-3.74517,-63.6369,46.9736,9.89647,-98.0052,
32.2588,0.894508,28.8354,-61.9416,109.81,11.3048,-151.615,77.5508,6.55847,-100.452,108.915,-7.90458,-117.668,106.386,-3.74517,-63.6369,46.9736,9.89647,-98.0052,
33.5985,1.50291,34.9736,-61.3332,109.81,11.3048,-151.615,76.2112,7.85326,-99.6704,108.307,-7.83154,-118.537,111.185,-1.1218,-63.4143,46.9736,9.89647,-98.0052,
33.5985,1.50291,34.9736,-61.3332,109.81,11.3048,-151.615,76.2112,7.85326,-99.6704,108.307,-7.83154,-118.537,111.185,-1.1218,-63.4143,46.9736,9.89647,-98.0052,
33.3803,7.82576,40.4825,-48.8076,109.592,10.7825,-150.795,76.2112,7.85326,-99.6704,101.766,-8.1412,-118.391,116.694,3.05234,-65.2138,52.9582,10.9767,-98.8845,
33.3803,7.82576,40.4825,-48.8076,109.592,10.7825,-150.795,76.2112,7.85326,-99.6704,101.766,-8.1412,-118.391,116.694,3.05234,-65.2138,52.9582,10.9767,-98.8845,
36.747,13.522,45.9905,-37.8041,109.739,11.1025,-150.117,72.9922,8.10665,-101.641,96.2172,-7.97829,-115.779,118.983,6.39497,-67.5747,58.4131,10.448,-95.8181,
36.747,13.522,45.9905,-37.8041,109.739,11.1025,-150.117,72.9922,8.10665,-101.641,96.2172,-7.97829,-115.779,118.983,6.39497,-67.5747,58.4131,10.448,-95.8181,
26.5889,21.2881,45.7586,-26.3446,110.542,12.5089,-149.091,83.9529,9.31262,-98.4845,89.2537,-7.20473,-123.449,129.712,16.0745,-72.4828,62.9091,9.37084,-94.1372,
26.5889,21.2881,45.7586,-26.3446,110.542,12.5089,-149.091,83.9529,9.31262,-98.4845,89.2537,-7.20473,-123.449,129.712,16.0745,-72.4828,62.9091,9.37084,-94.1372,
23.4146,25.2303,45.3874,-18.0507,110.001,12.441,-149.017,86.5863,9.8621,-97.8965,84.7706,-9.62084,-126.811,131.974,17.1775,-71.5658,66.72,8.04881,-94.916,
23.4146,25.2303,45.3874,-18.0507,110.001,12.441,-149.017,86.5863,9.8621,-97.8965,84.7706,-9.62084,-126.811,131.974,17.1775,-71.5658,66.72,8.04881,-94.916,
23.0293,26.7207,46.1251,-13.213,108.226,12.0705,-147.73,85.1969,10.6545,-98.404,81.5056,-10.3472,-124.268,131.322,16.6859,-71.1922,68.2925,7.79444,-94.7956,
23.0293,26.7207,46.1251,-13.213,108.226,12.0705,-147.73,85.1969,10.6545,-98.404,81.5056,-10.3472,-124.268,131.322,16.6859,-71.1922,68.2925,7.79444,-94.7956,
20.5843,28.0553,42.3454,-11.801,109.561,12.4722,-149.993,88.9766,12.0307,-98.5883,81.5056,-10.3472,-124.268,131.322,16.6859,-71.1922,69.7046,7.39386,-94.5641,
20.5843,28.0553,42.3454,-11.801,109.561,12.4722,-149.993,88.9766,12.0307,-98.5883,81.5056,-10.3472,-124.268,131.322,16.6859,-71.1922,69.7046,7.39386,-94.5641,
17.2099,35.9077,34.4181,-2.02586,110.143,11.8664,-151.06,92.933,12.7748,-95.5089,74.2352,-10.7284,-118.104,127.351,14.2944,-70.7784,72.2094,6.26388,-93.839,
17.2099,35.9077,34.4181,-2.02586,110.143,11.8664,-151.06,92.933,12.7748,-95.5089,74.2352,-10.7284,-118.104,127.351,14.2944,-70.7784,72.2094,6.26388,-93.839,
12.989,40.3959,19.633,5.27913,109.47,11.4175,-150.1,96.4807,12.3224,-93.6487,69.0738,-12.7547,-114.874,116.114,7.58556,-69.9228,74.3529,5.06916,-94.7601,
12.989,40.3959,19.633,5.27913,109.47,11.4175,-150.1,96.4807,12.3224,-93.6487,69.0738,-12.7547,-114.874,116.114,7.58556,-69.9228,74.3529,5.06916,-94.7601,
9.43008,40.2169,11.4249,6.26459,109.291,12.2455,-150.179,99.8606,10.8872,-91.053,69.0738,-12.7547,-114.874,111.286,4.9295,-69.512,75.3384,4.57315,-95.3553,
9.43008,40.2169,11.4249,6.26459,109.291,12.2455,-150.179,99.8606,10.8872,-91.053,69.0738,-12.7547,-114.874,111.286,4.9295,-69.512,75.3384,4.57315,-95.3553,
6.49457,39.3933,9.69174,7.60565,108.088,13.2675,-150.8,101.594,10.4316,-90.7549,68.6951,-13.5106,-113.659,111.286,4.9295,-69.512,76.3007,4.11615,-96.0826,
6.49457,39.3933,9.69174,7.60565,108.088,13.2675,-150.8,101.594,10.4316,-90.7549,68.6951,-13.5106,-113.659,111.286,4.9295,-69.512,76.3007,4.11615,-96.0826,
4.29917,35.4861,-8.68578,6.19151,107.544,13.1885,-150.145,103.245,10.2547,-90.5122,72.058,-11.0392,-110.091,94.5591,-3.67009,-68.779,78.2495,3.45514,-96.4348,
4.29917,35.4861,-8.68578,6.19151,107.544,13.1885,-150.145,103.245,10.2547,-90.5122,72.058,-11.0392,-110.091,94.5591,-3.67009,-68.779,78.2495,3.45514,-96.4348,
2.04376,34.9221,-23.3098,6.59067,108.385,13.574,-149.428,106.341,10.1954,-89.3843,73.463,-10.2686,-109.455,83.0315,-10.0671,-66.2977,80.0537,3.03962,-96.6887,
2.04376,34.9221,-23.3098,6.59067,108.385,13.574,-149.428,106.341,10.1954,-89.3843,73.463,-10.2686,-109.455,83.0315,-10.0671,-66.2977,80.0537,3.03962,-96.6887,
0.058615,34.2627,-30.6151,6.70934,108.569,13.7313,-149.195,108.511,10.31,-89.216,74.3067,-9.82279,-107.938,77.8957,-12.9116,-64.5592,81.016,2.82334,-96.5885,
0.058615,34.2627,-30.6151,6.70934,108.569,13.7313,-149.195,108.511,10.31,-89.216,74.3067,-9.82279,-107.938,77.8957,-12.9116,-64.5592,81.016,2.82334,-96.5885,
-0.0818006,34.5647,-35.6729,7.88845,108.871,14.2272,-148.662,108.953,10.2775,-89.4242,74.3067,-9.82279,-107.938,73.2802,-14.8767,-61.9933,82.1951,2.55739,-96.4219,
-0.0818006,34.5647,-35.6729,7.88845,108.871,14.2272,-148.662,108.953,10.2775,-89.4242,74.3067,-9.82279,-107.938,73.2802,-14.8767,-61.9933,82.1951,2.55739,-96.4219,
0.573608,39.2687,-40.1923,17.9709,109.145,14.4323,-148.471,108.571,9.76017,-89.2942,69.8759,-9.55259,-104.137,68.3787,-16.9932,-59.5365,87.8469,0.90304,-97.3951,
0.573608,39.2687,-40.1923,17.9709,109.145,14.4323,-148.471,108.571,9.76017,-89.2942,69.8759,-9.55259,-104.137,68.3787,-16.9932,-59.5365,87.8469,0.90304,-97.3951,
1.80217,31.3591,-32.2904,15.2819,109.354,14.2569,-147.944,107.552,9.09111,-87.2228,77.9951,-10.5972,-106.049,75.2617,-18.7437,-67.6584,93.2771,-0.673757,-96.9811,
1.80217,31.3591,-32.2904,15.2819,109.354,14.2569,-147.944,107.552,9.09111,-87.2228,77.9951,-10.5972,-106.049,75.2617,-18.7437,-67.6584,93.2771,-0.673757,-96.9811,
6.82257,31.282,-27.1928,18.3855,109.277,14.0425,-147.33,102.455,8.09999,-87.1403,77.9951,-10.5972,-106.049,75.2617,-18.7437,-67.6584,96.3807,-1.52707,-96.0448,
6.82257,31.282,-27.1928,18.3855,109.277,14.0425,-147.33,102.455,8.09999,-87.1403,77.9951,-10.5972,-106.049,75.2617,-18.7437,-67.6584,96.3807,-1.52707,-96.0448,
6.82847,22.1759,-22.7272,9.27354,109.283,13.8091,-146.433,102.455,8.09999,-87.1403,87.1071,-9.58415,-111.867,79.7274,-18.8069,-70.9912,96.3807,-1.52707,-96.0448,
6.82847,22.1759,-22.7272,9.27354,109.283,13.8091,-146.433,102.455,8.09999,-87.1403,87.1071,-9.58415,-111.867,79.7274,-18.8069,-70.9912,96.3807,-1.52707,-96.0448,
6.81953,22.167,-22.7272,9.27354,109.274,13.7003,-145.866,102.455,8.09999,-87.1403,87.1071,-9.58415,-111.867,79.7274,-18.8069,-70.9912,96.3807,-1.52707,-96.0448,
6.81953,22.167,-22.7272,9.27354,109.274,13.7003,-145.866,102.455,8.09999,-87.1403,87.1071,-9.58415,-111.867,79.7274,-18.8069,-70.9912,96.3807,-1.52707,-96.0448,
14.2512,23.5744,-9.89982,24.667,109.596,13.7205,-145.594,95.3448,6.14711,-93.491,86.0216,-11.2503,-105.949,85.445,-15.6465,-70.5255,110.689,-10.4589,-83.296,
14.2512,23.5744,-9.89982,24.667,109.596,13.7205,-145.594,95.3448,6.14711,-93.491,86.0216,-11.2503,-105.949,85.445,-15.6465,-70.5255,110.689,-10.4589,-83.296,
18.8276,20.6452,-3.80342,28.5772,109.615,13.7629,-145.749,90.7878,5.05111,-83.6498,88.9701,-11.8086,-108.762,86.9844,-14.6641,-70.2545,117.547,-13.4226,-83.1261,
18.8276,20.6452,-3.80342,28.5772,109.615,13.7629,-145.749,90.7878,5.05111,-83.6498,88.9701,-11.8086,-108.762,86.9844,-14.6641,-70.2545,117.547,-13.4226,-83.1261,
20.7041,20.1019,1.19738,28.5772,109.072,13.8474,-146.764,88.3679,6.34437,-80.2428,88.9701,-11.8086,-108.762,89.5653,-13.5907,-70.371,117.547,-13.4226,-83.1261,
20.7041,20.1019,1.19738,28.5772,109.072,13.8474,-146.764,88.3679,6.34437,-80.2428,88.9701,-11.8086,-108.762,89.5653,-13.5907,-70.371,117.547,-13.4226,-83.1261,
31.8544,12.0569,14.0116,20.7657,109.563,13.9093,-148.837,77.7089,7.49865,-91.4824,97.5063,-12.3957,-115.273,91.7205,-12.4244,-69.5689,118.272,-14.2905,-85.4759,
31.8544,12.0569,14.0116,20.7657,109.563,13.9093,-148.837,77.7089,7.49865,-91.4824,97.5063,-12.3957,-115.273,91.7205,-12.4244,-69.5689,118.272,-14.2905,-85.4759,
41.419,10.8206,22.6213,10.019,111.236,15.021,-150.877,69.8166,7.43587,-96.6433,100.415,-10.8881,-116.868,92.4379,-11.7289,-68.5277,110.434,-11.7553,-87.2456,
41.419,10.8206,22.6213,10.019,111.236,15.021,-150.877,69.8166,7.43587,-96.6433,100.415,-10.8881,-116.868,92.4379,-11.7289,-68.5277,110.434,-11.7553,-87.2456,
39.1581,7.52746,24.4559,5.64088,107.942,15.3713,-150.349,68.7843,7.6821,-97.6978,100.415,-10.8881,-116.868,93.2403,-11.0677,-67.5449,106.056,-10.3196,-87.7853,
39.1581,7.52746,24.4559,5.64088,107.942,15.3713,-150.349,68.7843,7.6821,-97.6978,100.415,-10.8881,-116.868,93.2403,-11.0677,-67.5449,106.056,-10.3196,-87.7853,
38.4062,4.83281,25.3114,3.69813,107.191,14.1764,-147.916,68.7843,7.6821,-97.6978,102.358,-9.81743,-118.679,94.0957,-10.4047,-66.504,106.056,-10.3196,-87.7853,
38.4062,4.83281,25.3114,3.69813,107.191,14.1764,-147.916,68.7843,7.6821,-97.6978,102.358,-9.81743,-118.679,94.0957,-10.4047,-66.504,106.056,-10.3196,-87.7853,
41.3591,3.58284,30.077,-22.2438,109.498,13.4744,-145.699,68.1389,7.5731,-99.779,105.915,-9.15142,-121.263,98.2159,-7.91756,-64.6736,83.6714,-2.31975,-91.996,
41.3591,3.58284,30.077,-22.2438,109.498,13.4744,-145.699,68.1389,7.5731,-99.779,105.915,-9.15142,-121.263,98.2159,-7.91756,-64.6736,83.6714,-2.31975,-91.996,
37.4327,-0.057163,29.6532,-29.7493,107.114,12.9057,-146.159,69.6811,4.61752,-105.082,107.171,-8.80816,-122.095,99.3343,-7.31924,-64.8086,77.4216,0.299227,-91.7163,
37.4327,-0.057163,29.6532,-29.7493,107.114,12.9057,-146.159,69.6811,4.61752,-105.082,107.171,-8.80816,-122.095,99.3343,-7.31924,-64.8086,77.4216,0.299227,-91.7163,
35.7738,0.304394,27.6327,-36.0678,107.475,12.5414,-147.195,71.7016,3.65025,-105.314,107.171,-8.80816,-122.095,99.3343,-7.31924,-64.8086,71.1031,3.31743,-91.9637,
35.7738,0.304394,27.6327,-36.0678,107.475,12.5414,-147.195,71.7016,3.65025,-105.314,107.171,-8.80816,-122.095,99.3343,-7.31924,-64.8086,71.1031,3.31743,-91.9637,
36.1213,-1.83215,31.2171,-50.6796,107.823,12.2038,-147.498,71.7016,3.65025,-105.314,109.655,-7.91533,-124.761,102.919,-5.15457,-65.6238,58.9754,8.48533,-94.3445,
36.1213,-1.83215,31.2171,-50.6796,107.823,12.2038,-147.498,71.7016,3.65025,-105.314,109.655,-7.91533,-124.761,102.919,-5.15457,-65.6238,58.9754,8.48533,-94.3445,
32.6518,-1.3034,30.799,-63.2209,108.145,12.1122,-148.022,75.4937,7.00385,-103.554,109.449,-7.83247,-124.81,106.293,-3.25001,-65.4354,46.2279,9.93492,-101.777,
32.6518,-1.3034,30.799,-63.2209,108.145,12.1122,-148.022,75.4937,7.00385,-103.554,109.449,-7.83247,-124.81,106.293,-3.25001,-65.4354,46.2279,9.93492,-101.777,
35.907,-1.24823,33.9991,-63.2209,108.201,12.1796,-148.087,72.2936,7.45242,-106.132,109.449,-7.83247,-124.81,106.293,-3.25001,-65.4354,46.2279,9.93492,-101.777,
35.907,-1.24823,33.9991,-63.2209,108.201,12.1796,-148.087,72.2936,7.45242,-106.132,109.449,-7.83247,-124.81,106.293,-3.25001,-65.4354,46.2279,9.93492,-101.777,
35.8771,-0.934899,36.2221,-61.0398,108.127,12.3251,-148,72.2497,7.79475,-108.766,109.062,-7.77295,-125.012,108.472,-2.03877,-65.2119,48.022,8.97109,-102.099,
35.8771,-0.934899,36.2221,-61.0398,108.127,12.3251,-148,72.2497,7.79475,-108.766,109.062,-7.77295,-125.012,108.472,-2.03877,-65.2119,48.022,8.97109,-102.099,
35.8702,3.96476,43.9654,-56.1332,108.12,12.6974,-147.784,72.2497,7.79475,-108.766,104.155,-7.79299,-126.158,116.215,3.18758,-66.2559,48.022,8.97109,-102.099,
35.8702,3.96476,43.9654,-56.1332,108.12,12.6974,-147.784,72.2497,7.79475,-108.766,104.155,-7.79299,-126.158,116.215,3.18758,-66.2559,48.022,8.97109,-102.099,
20.2664,13.6967,30.5649,-37.0969,108.318,13.3444,-148.047,88.0511,9.69322,-103.358,94.6209,-7.18867,-122.017,118.616,6.20198,-67.9848,57.5239,9.8098,-96.9187,
20.2664,13.6967,30.5649,-37.0969,108.318,13.3444,-148.047,88.0511,9.69322,-103.358,94.6209,-7.18867,-122.017,118.616,6.20198,-67.9848,57.5239,9.8098,-96.9187,
20.8695,16.0796,36.5995,-29.8673,108.318,13.5378,-148.534,87.4489,9.90625,-105.6,92.2387,-6.52063,-122.72,124.048,14.0883,-73.7082,62.3714,8.54789,-97.2491,
20.8695,16.0796,36.5995,-29.8673,108.318,13.5378,-148.534,87.4489,9.90625,-105.6,92.2387,-6.52063,-122.72,124.048,14.0883,-73.7082,62.3714,8.54789,-97.2491,
20.3816,15.5918,41.5961,-29.8673,107.83,13.3548,-147.941,87.4489,9.90625,-105.6,92.2387,-6.52063,-122.72,129.045,16.2422,-73.1351,62.3714,8.54789,-97.2491,
20.3816,15.5918,41.5961,-29.8673,107.83,13.3548,-147.941,87.4489,9.90625,-105.6,92.2387,-6.52063,-122.72,129.045,16.2422,-73.1351,62.3714,8.54789,-97.2491,
19.4876,18.044,45.234,-26.5211,106.936,13.4105,-147.91,87.4489,9.90625,-105.6,88.8925,-7.4331,-131.846,132.683,17.4422,-71.4372,62.3714,8.54789,-97.2491,
19.4876,18.044,45.234,-26.5211,106.936,13.4105,-147.91,87.4489,9.90625,-105.6,88.8925,-7.4331,-131.846,132.683,17.4422,-71.4372,62.3714,8.54789,-97.2491,
15.8407,17.6328,41.3931,-20.1496,106.525,13.456,-148.686,90.6846,11.6457,-105.973,88.8925,-7.4331,-131.846,132.078,16.7443,-70.6771,68.7429,6.81015,-94.13,
15.8407,17.6328,41.3931,-20.1496,106.525,13.456,-148.686,90.6846,11.6457,-105.973,88.8925,-7.4331,-131.846,132.078,16.7443,-70.6771,68.7429,6.81015,-94.13,
13.852,27.5426,36.4202,-9.36376,107.346,13.1543,-150.678,93.4939,12.0963,-105.487,79.8033,-9.79955,-126.728,129.914,15.8473,-70.7769,70.4395,6.00944,-94.8135,
13.852,27.5426,36.4202,-9.36376,107.346,13.1543,-150.678,93.4939,12.0963,-105.487,79.8033,-9.79955,-126.728,129.914,15.8473,-70.7769,70.4395,6.00944,-94.8135,
11.5353,31.1143,27.7714,-5.82872,107.383,12.5122,-151.024,95.8472,12.4032,-104.03,76.2682,-9.97799,-123.92,123.619,12.8662,-71.2842,70.4395,6.00944,-94.8135,
11.5353,31.1143,27.7714,-5.82872,107.383,12.5122,-151.024,95.8472,12.4032,-104.03,76.2682,-9.97799,-123.92,123.619,12.8662,-71.2842,70.4395,6.00944,-94.8135,
7.29222,34.8835,15.6422,2.17621,106.923,12.2044,-150.547,99.6309,11.8263,-101.801,72.0395,-12.2346,-123.971,115.273,7.68005,-70.1164,74.2157,4.32869,-97.5645,
7.29222,34.8835,15.6422,2.17621,106.923,12.2044,-150.547,99.6309,11.8263,-101.801,72.0395,-12.2346,-123.971,115.273,7.68005,-70.1164,74.2157,4.32869,-97.5645,
2.88639,36.1391,5.95455,4.31282,107.189,13.1613,-150.821,104.302,10.5628,-100.573,71.0495,-14.0248,-118.688,110.257,4.95162,-69.6037,75.3623,4.04313,-97.7643,
2.88639,36.1391,5.95455,4.31282,107.189,13.1613,-150.821,104.302,10.5628,-100.573,71.0495,-14.0248,-118.688,110.257,4.95162,-69.6037,75.3623,4.04313,-97.7643,
1.3241,35.8241,-0.852119,5.46274,106.874,14.0201,-152.026,105.549,10.606,-99.5596,71.0495,-14.0248,-118.688,104.697,2.07325,-69.1189,76.5122,3.80859,-97.6911,
1.3241,35.8241,-0.852119,5.46274,106.874,14.0201,-152.026,105.549,10.606,-99.5596,71.0495,-14.0248,-118.688,104.697,2.07325,-69.1189,76.5122,3.80859,-97.6911,
-0.518628,35.1669,-7.98159,5.46274,106.216,13.946,-152.067,106.735,10.5496,-98.4088,71.0495,-14.0248,-118.688,98.7534,-0.998999,-68.9545,76.5122,3.80859,-97.6911,
-0.518628,35.1669,-7.98159,5.46274,106.216,13.946,-152.067,106.735,10.5496,-98.4088,71.0495,-14.0248,-118.688,98.7534,-0.998999,-68.9545,76.5122,3.80859,-97.6911,
-1.2306,31.7193,-25.2392,6.24119,105.504,13.9527,-151.836,106.735,10.5496,-98.4088,73.7851,-11.9489,-115.886,81.4958,-12.0948,-68.1414,80.0263,3.08684,-97.2423,
-1.2306,31.7193,-25.2392,6.24119,105.504,13.9527,-151.836,106.735,10.5496,-98.4088,73.7851,-11.9489,-115.886,81.4958,-12.0948,-68.1414,80.0263,3.08684,-97.2423,
-0.550974,28.9584,-32.3752,4.07958,108.005,15.1381,-150.652,108.556,9.83704,-93.9688,79.0462,-9.23143,-113.862,76.1805,-15.2678,-65.7419,83.1258,2.308,-96.6425,
-0.550974,28.9584,-32.3752,4.07958,108.005,15.1381,-150.652,108.556,9.83704,-93.9688,79.0462,-9.23143,-113.862,76.1805,-15.2678,-65.7419,83.1258,2.308,-96.6425,
-0.316919,28.7622,-37.3001,5.77882,108.239,15.3791,-150.327,108.556,9.83704,-93.9688,79.4765,-8.75599,-113.48,71.2556,-17.0185,-62.5328,85.2554,1.69224,-96.5794,
-0.316919,28.7622,-37.3001,5.77882,108.239,15.3791,-150.327,108.556,9.83704,-93.9688,79.4765,-8.75599,-113.48,71.2556,-17.0185,-62.5328,85.2554,1.69224,-96.5794,
-0.0901641,36.5823,-36.2967,13.5989,108.239,15.3791,-150.327,108.329,9.63976,-93.6204,71.6564,-11.5951,-106.752,72.0322,-18.8531,-63.5796,85.2554,1.69224,-96.5794,
-0.0901641,36.5823,-36.2967,13.5989,108.239,15.3791,-150.327,108.329,9.63976,-93.6204,71.6564,-11.5951,-106.752,72.0322,-18.8531,-63.5796,85.2554,1.69224,-96.5794,
0.815559,32.3797,-32.6039,20.4331,108.239,15.3791,-150.327,107.423,9.05566,-92.7297,75.8591,-11.8099,-107.34,74.8193,-20.8783,-68.4731,96.2922,-1.40924,-95.1209,
0.815559,32.3797,-32.6039,20.4331,108.239,15.3791,-150.327,107.423,9.05566,-92.7297,75.8591,-11.8099,-107.34,74.8193,-20.8783,-68.4731,96.2922,-1.40924,-95.1209,
0.815559,26.8373,-29.903,14.8907,108.239,15.3791,-150.327,107.423,9.05566,-92.7297,81.4015,-11.6319,-111.156,77.5202,-20.1825,-70.3591,96.2922,-1.40924,-95.1209,
0.815559,26.8373,-29.903,14.8907,108.239,15.3791,-150.327,107.423,9.05566,-92.7297,81.4015,-11.6319,-111.156,77.5202,-20.1825,-70.3591,96.2922,-1.40924,-95.1209,
5.95943,21.6931,-21.7592,15.2479,108.382,15.687,-149.699,102.423,7.9302,-93.0838,86.6888,-11.6583,-117.722,80.6634,-18.8198,-71.1245,101.937,-4.90015,-89.5212,
5.95943,21.6931,-21.7592,15.2479,108.382,15.687,-149.699,102.423,7.9302,-93.0838,86.6888,-11.6583,-117.722,80.6634,-18.8198,-71.1245,101.937,-4.90015,-89.5212,
13.8363,20.7006,-7.94347,13.7536,108.884,15.8168,-148.876,95.0474,5.91905,-97.577,88.1831,-12.108,-109.18,87.104,-16.5253,-71.3063,101.937,-4.90015,-89.5212,
13.8363,20.7006,-7.94347,13.7536,108.884,15.8168,-148.876,95.0474,5.91905,-97.577,88.1831,-12.108,-109.18,87.104,-16.5253,-71.3063,101.937,-4.90015,-89.5212,
18.1677,18.471,-3.01741,26.7779,109.488,15.5011,-147.548,91.3202,4.83969,-83.531,91.017,-13.7705,-110.947,88.3028,-15.7353,-70.1553,117.795,-12.6197,-85.8805,
18.1677,18.471,-3.01741,26.7779,109.488,15.5011,-147.548,91.3202,4.83969,-83.531,91.017,-13.7705,-110.947,88.3028,-15.7353,-70.1553,117.795,-12.6197,-85.8805,
26.8667,14.6131,7.63972,23.6249,109.234,15.1938,-146.763,82.3671,6.96493,-87.0025,94.6207,-13.489,-112.285,90.0068,-14.3687,-68.2153,118.246,-13.549,-86.6161,
26.8667,14.6131,7.63972,23.6249,109.234,15.1938,-146.763,82.3671,6.96493,-87.0025,94.6207,-13.489,-112.285,90.0068,-14.3687,-68.2153,118.246,-13.549,-86.6161,
30.8384,12.7022,11.2927,21.5489,109.552,15.0144,-146.493,78.7141,6.49419,-90.8419,96.8503,-13.1344,-112.407,90.0068,-14.3687,-68.2153,118.399,-13.7773,-86.6195,
30.8384,12.7022,11.2927,21.5489,109.552,15.0144,-146.493,78.7141,6.49419,-90.8419,96.8503,-13.1344,-112.407,90.0068,-14.3687,-68.2153,118.399,-13.7773,-86.6195,
31.2101,11.6165,13.1124,20.0915,109.924,15.0904,-147.41,78.7141,6.49419,-90.8419,98.3078,-12.556,-111.162,91.8265,-13.0769,-65.4967,118.399,-13.7773,-86.6195,
31.2101,11.6165,13.1124,20.0915,109.924,15.0904,-147.41,78.7141,6.49419,-90.8419,98.3078,-12.556,-111.162,91.8265,-13.0769,-65.4967,118.399,-13.7773,-86.6195,
36.7556,11.9569,18.9532,15.2138,110.265,15.3901,-148.962,73.5091,6.54993,-94.4041,98.3078,-12.556,-111.162,92.4623,-12.5861,-64.3205,113.522,-13.0421,-84.7349,
36.7556,11.9569,18.9532,15.2138,110.265,15.3901,-148.962,73.5091,6.54993,-94.4041,98.3078,-12.556,-111.162,92.4623,-12.5861,-64.3205,113.522,-13.0421,-84.7349,
38.5009,9.78854,21.7652,1.17791,109.198,15.7715,-151.256,70.6971,6.67248,-97.0878,99.4095,-11.0721,-110.814,92.4623,-12.5861,-64.3205,100.587,-9.13545,-85.5522,
38.5009,9.78854,21.7652,1.17791,109.198,15.7715,-151.256,70.6971,6.67248,-97.0878,99.4095,-11.0721,-110.814,92.4623,-12.5861,-64.3205,100.587,-9.13545,-85.5522,
38.5465,8.71092,24.8638,-4.62521,108.558,16.3542,-152.664,70.0113,6.30257,-100.494,99.8469,-11.1556,-111.296,94.8751,-11.3993,-63.1538,95.2217,-7.25031,-85.8735,
38.5465,8.71092,24.8638,-4.62521,108.558,16.3542,-152.664,70.0113,6.30257,-100.494,99.8469,-11.1556,-111.296,94.8751,-11.3993,-63.1538,95.2217,-7.25031,-85.8735,
38.5184,5.75372,24.8638,-7.55433,108.53,16.502,-152.777,70.0113,6.30257,-100.494,102.776,-11.0198,-114.798,94.8751,-11.3993,-63.1538,95.2217,-7.25031,-85.8735,
38.5184,5.75372,24.8638,-7.55433,108.53,16.502,-152.777,70.0113,6.30257,-100.494,102.776,-11.0198,-114.798,94.8751,-11.3993,-63.1538,95.2217,-7.25031,-85.8735,
38.5165,5.62075,27.4464,-32.0529,108.397,16.6634,-152.803,69.8802,4.54858,-104.215,102.776,-11.0198,-114.798,97.3267,-9.93001,-62.1823,70.7231,2.36102,-86.4611,
38.5165,5.62075,27.4464,-32.0529,108.397,16.6634,-152.803,69.8802,4.54858,-104.215,102.776,-11.0198,-114.798,97.3267,-9.93001,-62.1823,70.7231,2.36102,-86.4611,
31.3985,3.93664,24.5407,-44.3548,106.713,16.8283,-152.551,75.3141,2.82256,-103.806,102.776,-11.0198,-114.798,99.8548,-8.54209,-62.0263,58.4212,8.05885,-89.1329,
31.3985,3.93664,24.5407,-44.3548,106.713,16.8283,-152.551,75.3141,2.82256,-103.806,102.776,-11.0198,-114.798,99.8548,-8.54209,-62.0263,58.4212,8.05885,-89.1329,
29.329,3.85842,22.5493,-44.3548,106.634,16.5771,-152.178,77.3054,3.85775,-102.575,102.776,-11.0198,-114.798,99.8548,-8.54209,-62.0263,58.4212,8.05885,-89.1329,
29.329,3.85842,22.5493,-44.3548,106.634,16.5771,-152.178,77.3054,3.85775,-102.575,102.776,-11.0198,-114.798,99.8548,-8.54209,-62.0263,58.4212,8.05885,-89.1329,
30.7702,1.15777,23.6508,-54.0252,108.076,15.8952,-150.865,77.3054,3.85775,-102.575,106.918,-9.82509,-117.867,100.956,-7.89705,-62.1875,52.8927,9.44958,-91.7599,
30.7702,1.15777,23.6508,-54.0252,108.076,15.8952,-150.865,77.3054,3.85775,-102.575,106.918,-9.82509,-117.867,100.956,-7.89705,-62.1875,52.8927,9.44958,-91.7599,
38.6782,1.79155,32.7985,-57.7602,109.918,15.7369,-150.159,71.2402,7.49616,-104.143,108.127,-9.32603,-118.389,104.039,-5.90222,-62.8901,50.3666,10.3305,-98.5378,
38.6782,1.79155,32.7985,-57.7602,109.918,15.7369,-150.159,71.2402,7.49616,-104.143,108.127,-9.32603,-118.389,104.039,-5.90222,-62.8901,50.3666,10.3305,-98.5378,
