18.9029,23.2988,16.8135,3.73979,110.375,-5.4627,-20.7416,91.472,5.55496,-28.1067,87.0761,-4.88917,-40.4748,108.286,1.15489,-47.3488,90.8159,9.25123,1.98757,
18.9029,23.2988,16.8135,3.73979,110.375,-5.4627,-20.7416,91.472,5.55496,-28.1067,87.0761,-4.88917,-40.4748,108.286,1.15489,-47.3488,90.8159,9.25123,1.98757,
17.6212,22.4591,18.0423,4.68816,109.093,-5.60355,-18.2201,91.472,5.55496,-28.1067,86.6341,-5.71969,-38.3405,109.514,2.87573,-48.0357,91.3223,9.05003,1.4309,
17.6212,22.4591,18.0423,4.68816,109.093,-5.60355,-18.2201,91.472,5.55496,-28.1067,86.6341,-5.71969,-38.3405,109.514,2.87573,-48.0357,91.3223,9.05003,1.4309,
12.8957,25.4995,15.1619,9.97792,107.248,-5.8639,-15.1992,94.3525,6.57815,-24.4578,81.7487,-5.51472,-37.8482,109.514,2.87573,-48.0357,91.7266,8.57321,0.874419,
12.8957,25.4995,15.1619,9.97792,107.248,-5.8639,-15.1992,94.3525,6.57815,-24.4578,81.7487,-5.51472,-37.8482,109.514,2.87573,-48.0357,91.7266,8.57321,0.874419,
10.7495,25.4833,14.4181,11.3829,105.846,-5.85821,-12.1673,95.0963,6.7586,-23.8463,80.3625,-5.27699,-37.6756,109.514,2.87573,-48.0357,91.7454,8.6281,0.639148,
10.7495,25.4833,14.4181,11.3829,105.846,-5.85821,-12.1673,95.0963,6.7586,-23.8463,80.3625,-5.27699,-37.6756,109.514,2.87573,-48.0357,91.7454,8.6281,0.639148,
9.56985,26.2544,17.7237,12.1744,105.461,-5.64386,-10.9841,95.8909,6.82734,-23.5296,79.2063,-5.17018,-37.0619,113.615,7.30694,-50.2546,91.3808,8.68788,-0.534395,
9.56985,26.2544,17.7237,12.1744,105.461,-5.64386,-10.9841,95.8909,6.82734,-23.5296,79.2063,-5.17018,-37.0619,113.615,7.30694,-50.2546,91.3808,8.68788,-0.534395,
9.11653,25.8011,19.3837,12.1744,105.007,-5.4475,-10.3638,95.8909,6.82734,-23.5296,79.2063,-5.17018,-37.0619,115.275,8.1195,-49.9525,91.3808,8.68788,-0.534395,
9.11653,25.8011,19.3837,12.1744,105.007,-5.4475,-10.3638,95.8909,6.82734,-23.5296,79.2063,-5.17018,-37.0619,115.275,8.1195,-49.9525,91.3808,8.68788,-0.534395,
5.64412,28.6554,18.671,15.4171,103.381,-5.39932,-9.41516,97.7364,7.14833,-23.009,74.7251,-6.17809,-33.9048,116.407,8.46514,-49.1354,90.1422,9.01602,-0.118048,
5.64412,28.6554,18.671,15.4171,103.381,-5.39932,-9.41516,97.7364,7.14833,-23.009,74.7251,-6.17809,-33.9048,116.407,8.46514,-49.1354,90.1422,9.01602,-0.118048,
5.14291,29.8121,18.5819,16.3903,103.272,-5.20408,-9.09295,98.1286,7.22247,-22.1575,73.4594,-6.32396,-32.9937,116.71,8.72698,-48.0935,89.8497,9.10186,0.182035,
5.14291,29.8121,18.5819,16.3903,103.272,-5.20408,-9.09295,98.1286,7.22247,-22.1575,73.4594,-6.32396,-32.9937,116.71,8.72698,-48.0935,89.8497,9.10186,0.182035,
4.87931,30.9516,17.4824,17.4877,103.314,-4.95094,-7.87526,98.4343,7.24785,-21.0125,72.362,-6.29187,-32.1245,115.917,8.24538,-47.0301,89.8497,9.10186,0.182035,
4.87931,30.9516,17.4824,17.4877,103.314,-4.95094,-7.87526,98.4343,7.24785,-21.0125,72.362,-6.29187,-32.1245,115.917,8.24538,-47.0301,89.8497,9.10186,0.182035,
3.92611,29.9985,16.622,18.006,102.36,-4.68537,-5.92001,98.4343,7.24785,-21.0125,72.362,-6.29187,-32.1245,115.056,7.81195,-46.596,90.3679,8.95368,0.328851,
3.92611,29.9985,16.622,18.006,102.36,-4.68537,-5.92001,98.4343,7.24785,-21.0125,72.362,-6.29187,-32.1245,115.056,7.81195,-46.596,90.3679,8.95368,0.328851,
1.91472,33.9798,13.1545,23.1438,102.445,-4.48185,-5.04147,100.53,7.83917,-16.2913,68.4652,-5.71309,-28.2327,113.685,7.19116,-46.0245,91.609,8.73557,0.0491896,
1.91472,33.9798,13.1545,23.1438,102.445,-4.48185,-5.04147,100.53,7.83917,-16.2913,68.4652,-5.71309,-28.2327,113.685,7.19116,-46.0245,91.609,8.73557,0.0491896,
2.03288,34.6379,13.1545,23.6837,102.563,-4.40607,-4.86817,100.53,7.83917,-16.2913,67.9253,-5.3601,-27.4304,113.685,7.19116,-46.0245,91.609,8.73557,0.0491896,
2.03288,34.6379,13.1545,23.6837,102.563,-4.40607,-4.86817,100.53,7.83917,-16.2913,67.9253,-5.3601,-27.4304,113.685,7.19116,-46.0245,91.609,8.73557,0.0491896,
1.27022,35.0461,0.60449,26.0195,102.639,-4.11227,-4.51174,101.368,8.196,-16.0205,67.5925,-5.10661,-26.8287,101.973,2.18352,-43.9129,93.6121,8.42095,-0.106951,
1.27022,35.0461,0.60449,26.0195,102.639,-4.11227,-4.51174,101.368,8.196,-16.0205,67.5925,-5.10661,-26.8287,101.973,2.18352,-43.9129,93.6121,8.42095,-0.106951,
1.26294,34.8566,-2.28828,26.4533,102.631,-3.74695,-4.13451,101.368,8.196,-16.0205,67.7747,-4.40885,-25.9152,99.0801,0.871288,-43.7464,94.228,8.30942,-0.00980857,
1.26294,34.8566,-2.28828,26.4533,102.631,-3.74695,-4.13451,101.368,8.196,-16.0205,67.7747,-4.40885,-25.9152,99.0801,0.871288,-43.7464,94.228,8.30942,-0.00980857,
-0.967683,34.0747,-4.46081,26.9328,102.573,-3.39402,-3.74864,103.541,7.90807,-14.6798,68.4985,-4.34202,-25.7855,99.0801,0.871288,-43.7464,95.4312,8.14159,0.196714,
-0.967683,34.0747,-4.46081,26.9328,102.573,-3.39402,-3.74864,103.541,7.90807,-14.6798,68.4985,-4.34202,-25.7855,99.0801,0.871288,-43.7464,95.4312,8.14159,0.196714,
-1.33847,33.6203,-16.4428,26.4065,102.645,-2.92846,-3.46671,103.983,7.83096,-14.557,69.0247,-4.47141,-25.8754,87.5406,-5.17126,-40.7932,95.4312,8.14159,0.196714,
-1.33847,33.6203,-16.4428,26.4065,102.645,-2.92846,-3.46671,103.983,7.83096,-14.557,69.0247,-4.47141,-25.8754,87.5406,-5.17126,-40.7932,95.4312,8.14159,0.196714,
-1.83556,33.7146,-19.8844,27.4517,102.739,-2.74987,-3.42717,104.575,7.65342,-14.4007,69.0247,-4.47141,-25.8754,84.6905,-6.5528,-39.1542,96.4764,7.80649,0.492236,
-1.83556,33.7146,-19.8844,27.4517,102.739,-2.74987,-3.42717,104.575,7.65342,-14.4007,69.0247,-4.47141,-25.8754,84.6905,-6.5528,-39.1542,96.4764,7.80649,0.492236,
-3.01661,32.0775,-24.0358,26.7635,102.846,-2.61278,-3.48052,105.863,7.23602,-13.7844,70.769,-4.86043,-26.7214,81.8273,-8.11151,-38.5545,97.5325,7.50436,0.908872,
-3.01661,32.0775,-24.0358,26.7635,102.846,-2.61278,-3.48052,105.863,7.23602,-13.7844,70.769,-4.86043,-26.7214,81.8273,-8.11151,-38.5545,97.5325,7.50436,0.908872,
-3.7389,27.3707,-24.7724,22.5954,102.861,-2.65489,-3.58751,106.6,6.97162,-13.7059,75.4901,-6.44895,-29.2276,81.8273,-8.11151,-38.5545,98.0855,7.37828,1.06457,
-3.7389,27.3707,-24.7724,22.5954,102.861,-2.65489,-3.58751,106.6,6.97162,-13.7059,75.4901,-6.44895,-29.2276,81.8273,-8.11151,-38.5545,98.0855,7.37828,1.06457,
-4.29349,26.2051,-32.8282,21.8478,103.022,-2.7466,-3.83012,107.316,6.85444,-13.7846,76.8173,-7.19021,-29.3318,74.4877,-12.9924,-38.9227,98.6651,7.24496,1.24517,
-4.29349,26.2051,-32.8282,21.8478,103.022,-2.7466,-3.83012,107.316,6.85444,-13.7846,76.8173,-7.19021,-29.3318,74.4877,-12.9924,-38.9227,98.6651,7.24496,1.24517,
-4.32304,26.1755,-34.5268,23.2018,102.993,-2.78646,-4.01068,107.316,6.85444,-13.7846,76.8173,-7.19021,-29.3318,72.7891,-15.3771,-40.404,100.019,6.86742,1.56854,
-4.32304,26.1755,-34.5268,23.2018,102.993,-2.78646,-4.01068,107.316,6.85444,-13.7846,76.8173,-7.19021,-29.3318,72.7891,-15.3771,-40.404,100.019,6.86742,1.56854,
-4.99266,27.786,-33.9254,27.7847,102.812,-2.8229,-4.1134,107.804,6.68391,-13.7013,75.0255,-8.61209,-24.6968,73.8787,-15.784,-41.3123,102.81,6.2695,1.57421,
-4.99266,27.786,-33.9254,27.7847,102.812,-2.8229,-4.1134,107.804,6.68391,-13.7013,75.0255,-8.61209,-24.6968,73.8787,-15.784,-41.3123,102.81,6.2695,1.57421,
-2.8709,26.4286,-32.7112,26.6218,103.719,-2.7174,-4.27052,106.59,6.50205,-14.6387,77.2905,-8.20861,-25.0262,73.8787,-15.784,-41.3123,103.912,6.07026,1.40357,
-2.8709,26.4286,-32.7112,26.6218,103.719,-2.7174,-4.27052,106.59,6.50205,-14.6387,77.2905,-8.20861,-25.0262,73.8787,-15.784,-41.3123,103.912,6.07026,1.40357,
-1.27259,24.2707,-29.2759,24.3504,103.833,-2.53729,-4.5212,105.105,6.22728,-15.5584,79.5619,-7.67524,-27.1175,75.8292,-16.6418,-43.1607,103.912,6.07026,1.40357,
-1.27259,24.2707,-29.2759,24.3504,103.833,-2.53729,-4.5212,105.105,6.22728,-15.5584,79.5619,-7.67524,-27.1175,75.8292,-16.6418,-43.1607,103.912,6.07026,1.40357,
-1.21647,24.3268,-29.2759,24.3504,103.889,-2.48727,-4.74616,105.105,6.22728,-15.5584,79.5619,-7.67524,-27.1175,75.8292,-16.6418,-43.1607,103.912,6.07026,1.40357,
-1.21647,24.3268,-29.2759,24.3504,103.889,-2.48727,-4.74616,105.105,6.22728,-15.5584,79.5619,-7.67524,-27.1175,75.8292,-16.6418,-43.1607,103.912,6.07026,1.40357,
2.94802,20.3805,-22.7311,27.9334,103.943,-2.33939,-5.28811,100.995,5.11217,-17.9776,83.5622,-6.81744,-25.1658,78.2636,-14.4674,-41.0554,111.496,3.06756,3.47602,
2.94802,20.3805,-22.7311,27.9334,103.943,-2.33939,-5.28811,100.995,5.11217,-17.9776,83.5622,-6.81744,-25.1658,78.2636,-14.4674,-41.0554,111.496,3.06756,3.47602,
10.6225,17.983,-15.0253,27.8961,103.911,-1.64672,-7.30878,93.2888,0.887546,-17.1857,85.9283,-7.63672,-27.854,78.2636,-14.4674,-41.0554,113.824,1.3689,6.12223,
10.6225,17.983,-15.0253,27.8961,103.911,-1.64672,-7.30878,93.2888,0.887546,-17.1857,85.9283,-7.63672,-27.854,78.2636,-14.4674,-41.0554,113.824,1.3689,6.12223,
12.9129,14.7712,-6.67173,24.2793,104.316,-1.00101,-9.9975,91.4033,0.0588212,-14.3971,89.545,-8.45627,-30.2938,84.7316,-14.2157,-41.1863,113.824,1.3689,6.12223,
12.9129,14.7712,-6.67173,24.2793,104.316,-1.00101,-9.9975,91.4033,0.0588212,-14.3971,89.545,-8.45627,-30.2938,84.7316,-14.2157,-41.1863,113.824,1.3689,6.12223,
13.6832,11.2752,-5.52082,29.2306,105.087,-0.66157,-11.6148,91.4033,0.0588212,-14.3971,93.8113,-9.25281,-31.9128,85.8825,-14.0728,-41.6458,123.042,-4.84654,11.1939,
13.6832,11.2752,-5.52082,29.2306,105.087,-0.66157,-11.6148,91.4033,0.0588212,-14.3971,93.8113,-9.25281,-31.9128,85.8825,-14.0728,-41.6458,123.042,-4.84654,11.1939,
19.2914,11.0805,0.455437,28.574,105.825,-0.489109,-11.9138,86.5335,0.9358,-8.67186,94.7445,-9.26668,-31.4423,86.989,-14.0352,-41.9731,123.318,-5.07062,10.4018,
19.2914,11.0805,0.455437,28.574,105.825,-0.489109,-11.9138,86.5335,0.9358,-8.67186,94.7445,-9.26668,-31.4423,86.989,-14.0352,-41.9731,123.318,-5.07062,10.4018,
22.0661,10.3913,2.9323,28.5375,106.123,-0.405924,-10.9806,84.0567,1.31698,-9.37627,95.7315,-8.97676,-31.4992,86.989,-14.0352,-41.9731,124.269,-4.96858,9.30768,
22.0661,10.3913,2.9323,28.5375,106.123,-0.405924,-10.9806,84.0567,1.31698,-9.37627,95.7315,-8.97676,-31.4992,86.989,-14.0352,-41.9731,124.269,-4.96858,9.30768,
28.0927,9.12907,12.0513,27.535,105.863,-0.585019,-9.53221,77.7703,1.28774,-13.3893,96.7339,-8.57213,-31.5293,89.8215,-13.1191,-41.4454,124.269,-4.96858,9.30768,
28.0927,9.12907,12.0513,27.535,105.863,-0.585019,-9.53221,77.7703,1.28774,-13.3893,96.7339,-8.57213,-31.5293,89.8215,-13.1191,-41.4454,124.269,-4.96858,9.30768,
27.2375,8.27382,13.4213,25.2358,105.008,-0.929421,-8.52263,77.7703,1.28774,-13.3893,96.7339,-8.57213,-31.5293,91.1916,-12.9553,-42.4986,121.97,-3.40277,4.44951,
27.2375,8.27382,13.4213,25.2358,105.008,-0.929421,-8.52263,77.7703,1.28774,-13.3893,96.7339,-8.57213,-31.5293,91.1916,-12.9553,-42.4986,121.97,-3.40277,4.44951,
36.7832,4.91855,23.3265,20.1558,104.648,-1.31981,-9.2156,67.865,-1.05585,-21.1552,99.7297,-8.33728,-33.8072,91.1916,-12.9553,-42.4986,119.886,-3.30618,3.8094,
36.7832,4.91855,23.3265,20.1558,104.648,-1.31981,-9.2156,67.865,-1.05585,-21.1552,99.7297,-8.33728,-33.8072,91.1916,-12.9553,-42.4986,119.886,-3.30618,3.8094,
37.5334,2.99228,25.6942,15.9575,104.357,-1.60827,-9.40236,66.824,-1.56082,-22.4044,101.365,-8.32568,-35.6962,92.5182,-12.3853,-42.644,117.323,-3.29974,3.54412,
37.5334,2.99228,25.6942,15.9575,104.357,-1.60827,-9.40236,66.824,-1.56082,-22.4044,101.365,-8.32568,-35.6962,92.5182,-12.3853,-42.644,117.323,-3.29974,3.54412,
38.3374,3.23117,28.8243,9.4846,104.596,-1.92772,-9.23253,66.2588,-1.87511,-23.401,101.365,-8.32568,-35.6962,95.0831,-11.5037,-42.6376,110.85,-3.32807,4.18545,
38.3374,3.23117,28.8243,9.4846,104.596,-1.92772,-9.23253,66.2588,-1.87511,-23.401,101.365,-8.32568,-35.6962,95.0831,-11.5037,-42.6376,110.85,-3.32807,4.18545,
39.547,3.50598,29.8041,0.960346,105.806,-2.38466,-9.20784,66.2588,-1.87511,-23.401,102.3,-8.40786,-36.8616,96.063,-11.1089,-42.1357,103.26,-3.13443,4.8837,
39.547,3.50598,29.8041,0.960346,105.806,-2.38466,-9.20784,66.2588,-1.87511,-23.401,102.3,-8.40786,-36.8616,96.063,-11.1089,-42.1357,103.26,-3.13443,4.8837,
39.8734,3.36194,29.9938,-3.40541,105.943,-2.42989,-9.44863,66.0692,-1.96183,-24.9996,102.581,-8.31749,-37.3747,96.063,-11.1089,-42.1357,99.1752,-2.82404,5.23644,
39.8734,3.36194,29.9938,-3.40541,105.943,-2.42989,-9.44863,66.0692,-1.96183,-24.9996,102.581,-8.31749,-37.3747,96.063,-11.1089,-42.1357,99.1752,-2.82404,5.23644,
38.5117,2.78663,33.4604,-8.22703,105.948,-2.57978,-9.78245,67.4368,-2.19588,-26.7609,103.162,-8.10157,-38.5597,100.897,-9.31709,-41.171,94.9348,-2.22517,5.9379,
38.5117,2.78663,33.4604,-8.22703,105.948,-2.57978,-9.78245,67.4368,-2.19588,-26.7609,103.162,-8.10157,-38.5597,100.897,-9.31709,-41.171,94.9348,-2.22517,5.9379,
37.1168,2.0923,34.0708,-17.0985,105.254,-3.04795,-9.94353,68.1373,-2.41636,-27.0853,103.162,-8.10157,-38.5597,102.208,-8.86813,-41.064,86.0633,0.143165,6.8887,
37.1168,2.0923,34.0708,-17.0985,105.254,-3.04795,-9.94353,68.1373,-2.41636,-27.0853,103.162,-8.10157,-38.5597,102.208,-8.86813,-41.064,86.0633,0.143165,6.8887,
37.3898,1.03672,35.4019,-27.5297,105.527,-3.17788,-10.1248,68.1373,-2.41636,-27.0853,104.49,-7.84508,-39.9806,103.539,-8.35496,-40.9515,76.9607,2.84029,5.35335,
37.3898,1.03672,35.4019,-27.5297,105.527,-3.17788,-10.1248,68.1373,-2.41636,-27.0853,104.49,-7.84508,-39.9806,103.539,-8.35496,-40.9515,76.9607,2.84029,5.35335,
34.1959,0.312906,31.7185,-37.4201,106.017,-3.13562,-10.3652,71.8207,-2.33526,-26.4774,105.704,-7.14602,-41.1156,103.539,-8.35496,-40.9515,68.2836,5.04837,3.04313,
34.1959,0.312906,31.7185,-37.4201,106.017,-3.13562,-10.3652,71.8207,-2.33526,-26.4774,105.704,-7.14602,-41.1156,103.539,-8.35496,-40.9515,68.2836,5.04837,3.04313,
33.4151,-0.24808,30.9677,-37.9511,105.987,-3.07922,-10.3644,72.5716,-2.08555,-26.2876,106.235,-6.86792,-41.4638,103.539,-8.35496,-40.9515,68.2836,5.04837,3.04313,
33.4151,-0.24808,30.9677,-37.9511,105.987,-3.07922,-10.3644,72.5716,-2.08555,-26.2876,106.235,-6.86792,-41.4638,103.539,-8.35496,-40.9515,68.2836,5.04837,3.04313,
33.055,-0.374018,33.2632,-37.9511,105.861,-3.03156,-10.3472,72.8056,-1.54404,-25.9636,106.235,-6.86792,-41.4638,106.069,-7.42296,-40.8491,68.2836,5.04837,3.04313,
33.055,-0.374018,33.2632,-37.9511,105.861,-3.03156,-10.3472,72.8056,-1.54404,-25.9636,106.235,-6.86792,-41.4638,106.069,-7.42296,-40.8491,68.2836,5.04837,3.04313,
32.2079,-2.34096,37.69,-53.1266,105.399,-2.78389,-10.1483,73.1908,-0.0677871,-26.9066,107.74,-5.81276,-43.0957,110.881,-5.54123,-41.4351,54.613,6.71304,-1.73044,
32.2079,-2.34096,37.69,-53.1266,105.399,-2.78389,-10.1483,73.1908,-0.0677871,-26.9066,107.74,-5.81276,-43.0957,110.881,-5.54123,-41.4351,54.613,6.71304,-1.73044,
32.7906,-2.26492,38.3517,-54.4016,105.32,-2.55717,-9.92437,72.5291,-0.395301,-28.0208,107.585,-5.76626,-43.4171,110.881,-5.54123,-41.4351,53.183,6.94359,-1.91925,
32.7906,-2.26492,38.3517,-54.4016,105.32,-2.55717,-9.92437,72.5291,-0.395301,-28.0208,107.585,-5.76626,-43.4171,110.881,-5.54123,-41.4351,53.183,6.94359,-1.91925,
31.9969,-2.16248,41.6692,-53.8986,104.919,-2.30127,-9.63128,72.9222,-0.526898,-28.1201,107.082,-5.77636,-43.6953,114.591,-3.75645,-42.2419,53.183,6.94359,-1.91925,
31.9969,-2.16248,41.6692,-53.8986,104.919,-2.30127,-9.63128,72.9222,-0.526898,-28.1201,107.082,-5.77636,-43.6953,114.591,-3.75645,-42.2419,53.183,6.94359,-1.91925,
31.7794,-2.37994,44.8204,-50.9887,104.702,-1.9176,-9.49299,72.9222,-0.526898,-28.1201,107.082,-5.77636,-43.6953,117.743,-2.10411,-42.7498,56.0928,9.38096,1.62614,
31.7794,-2.37994,44.8204,-50.9887,104.702,-1.9176,-9.49299,72.9222,-0.526898,-28.1201,107.082,-5.77636,-43.6953,117.743,-2.10411,-42.7498,56.0928,9.38096,1.62614,
25.5493,7.05975,41.2048,-37.4747,104.178,-1.91727,-8.77837,78.6282,0.289116,-26.2603,97.1178,-5.6997,-41.9782,119.833,-0.962792,-43.2494,59.6431,10.3458,4.49374,
25.5493,7.05975,41.2048,-37.4747,104.178,-1.91727,-8.77837,78.6282,0.289116,-26.2603,97.1178,-5.6997,-41.9782,119.833,-0.962792,-43.2494,59.6431,10.3458,4.49374,
22.1624,9.01071,38.3773,-33.0905,103.618,-1.84054,-7.95831,81.4557,0.0785614,-27.0459,94.6074,-5.46689,-41.326,119.833,-0.962792,-43.2494,61.5169,10.9513,5.46873,
22.1624,9.01071,38.3773,-33.0905,103.618,-1.84054,-7.95831,81.4557,0.0785614,-27.0459,94.6074,-5.46689,-41.326,119.833,-0.962792,-43.2494,61.5169,10.9513,5.46873,
19.4511,11.6799,40.2291,-30.3237,103.521,-1.81904,-7.7558,84.0694,1.57646,-25.8158,91.8407,-5.219,-40.5555,124.299,2.13909,-44.6905,61.5169,10.9513,5.46873,
19.4511,11.6799,40.2291,-30.3237,103.521,-1.81904,-7.7558,84.0694,1.57646,-25.8158,91.8407,-5.219,-40.5555,124.299,2.13909,-44.6905,61.5169,10.9513,5.46873,
19.7262,11.955,47.5367,-25.7659,103.796,-1.8615,-7.64042,84.0694,1.57646,-25.8158,91.8407,-5.219,-40.5555,131.606,11.0772,-49.8383,66.0748,11.6561,4.3195,
19.7262,11.955,47.5367,-25.7659,103.796,-1.8615,-7.64042,84.0694,1.57646,-25.8158,91.8407,-5.219,-40.5555,131.606,11.0772,-49.8383,66.0748,11.6561,4.3195,
12.0154,18.0228,39.7347,-19.2403,103.887,-2.17064,-8.02077,91.8714,4.62192,-25.5948,85.864,-6.96367,-46.564,131.606,11.0772,-49.8383,66.6237,11.6234,4.0795,
12.0154,18.0228,39.7347,-19.2403,103.887,-2.17064,-8.02077,91.8714,4.62192,-25.5948,85.864,-6.96367,-46.564,131.606,11.0772,-49.8383,66.6237,11.6234,4.0795,
10.8233,18.2936,39.3482,-18.156,104.064,-2.50934,-9.3184,93.2409,4.86114,-26.018,85.7707,-8.28008,-47.6076,132.589,13.8976,-50.1161,67.6147,11.0852,3.78492,
10.8233,18.2936,39.3482,-18.156,104.064,-2.50934,-9.3184,93.2409,4.86114,-26.018,85.7707,-8.28008,-47.6076,132.589,13.8976,-50.1161,67.6147,11.0852,3.78492,
9.8547,19.4476,38.8231,-16.2155,103.278,-2.35746,-9.70389,93.4231,4.61703,-26.4679,83.8303,-9.62363,-47.4825,132.246,15.6191,-50.5006,67.6147,11.0852,3.78492,
9.8547,19.4476,38.8231,-16.2155,103.278,-2.35746,-9.70389,93.4231,4.61703,-26.4679,83.8303,-9.62363,-47.4825,132.246,15.6191,-50.5006,67.6147,11.0852,3.78492,
9.31046,18.9033,36.6139,-15.1547,102.734,-1.9845,-9.6328,93.4231,4.61703,-26.4679,83.8303,-9.62363,-47.4825,130.037,14.0309,-49.4314,68.6755,11.3285,4.25375,
9.31046,18.9033,36.6139,-15.1547,102.734,-1.9845,-9.6328,93.4231,4.61703,-26.4679,83.8303,-9.62363,-47.4825,130.037,14.0309,-49.4314,68.6755,11.3285,4.25375,
8.4809,25.0717,35.7843,-8.98628,102.734,-1.9845,-9.6328,94.2527,4.48485,-26.3726,77.6618,-10.8726,-45.0425,130.037,14.0309,-49.4314,68.6755,11.3285,4.25375,
8.4809,25.0717,35.7843,-8.98628,102.734,-1.9845,-9.6328,94.2527,4.48485,-26.3726,77.6618,-10.8726,-45.0425,130.037,14.0309,-49.4314,68.6755,11.3285,4.25375,
4.94253,31.4164,29.2086,1.81207,101.665,-2.32157,-10.6299,96.7223,5.3549,-23.4565,70.2485,-10.3688,-37.6603,125.931,11.2951,-47.4769,72.0605,11.28,5.83645,
4.94253,31.4164,29.2086,1.81207,101.665,-2.32157,-10.6299,96.7223,5.3549,-23.4565,70.2485,-10.3688,-37.6603,125.931,11.2951,-47.4769,72.0605,11.28,5.83645,
3.52037,33.0244,22.2057,3.76818,101.317,-2.04139,-10.9773,97.7963,5.7123,-22.4704,68.2923,-9.6424,-35.2488,120.002,7.65963,-45.8387,72.0605,11.28,5.83645,
3.52037,33.0244,22.2057,3.76818,101.317,-2.04139,-10.9773,97.7963,5.7123,-22.4704,68.2923,-9.6424,-35.2488,120.002,7.65963,-45.8387,72.0605,11.28,5.83645,
4.60098,35.9856,14.4495,7.54167,102.397,-1.30688,-10.0278,97.7963,5.7123,-22.4704,66.4117,-7.97476,-32.2221,112.246,3.70748,-43.2748,73.9534,11.0329,6.18716,
4.60098,35.9856,14.4495,7.54167,102.397,-1.30688,-10.0278,97.7963,5.7123,-22.4704,66.4117,-7.97476,-32.2221,112.246,3.70748,-43.2748,73.9534,11.0329,6.18716,
2.12639,35.8936,12.3104,10.5029,102.062,-1.18141,-8.88955,99.9355,6.8408,-21.5063,66.1683,-6.88337,-30.4876,112.246,3.70748,-43.2748,76.6712,10.2622,5.67952,
2.12639,35.8936,12.3104,10.5029,102.062,-1.18141,-8.88955,99.9355,6.8408,-21.5063,66.1683,-6.88337,-30.4876,112.246,3.70748,-43.2748,76.6712,10.2622,5.67952,
1.38144,34.5197,-0.79016,10.3243,101.754,-1.15903,-8.20213,100.372,6.94317,-21.5449,67.2342,-6.76158,-30.5254,99.5823,-0.0747457,-44.3758,77.5584,9.89249,5.32114,
1.38144,34.5197,-0.79016,10.3243,101.754,-1.15903,-8.20213,100.372,6.94317,-21.5449,67.2342,-6.76158,-30.5254,99.5823,-0.0747457,-44.3758,77.5584,9.89249,5.32114,
0.957467,34.5324,-5.40533,10.3243,101.767,-1.01509,-8.20555,100.809,7.01118,-21.4827,67.2342,-6.76158,-30.5254,95.4038,-1.7207,-44.9017,77.5584,9.89249,5.32114,
0.957467,34.5324,-5.40533,10.3243,101.767,-1.01509,-8.20555,100.809,7.01118,-21.4827,67.2342,-6.76158,-30.5254,95.4038,-1.7207,-44.9017,77.5584,9.89249,5.32114,
0.970338,33.3151,-13.5485,10.9762,101.779,-0.868371,-8.15789,100.809,7.01118,-21.4827,68.4644,-7.33326,-31.7848,87.2606,-5.4566,-45.3634,79.4406,9.17859,4.3637,
0.970338,33.3151,-13.5485,10.9762,101.779,-0.868371,-8.15789,100.809,7.01118,-21.4827,68.4644,-7.33326,-31.7848,87.2606,-5.4566,-45.3634,79.4406,9.17859,4.3637,
-1.90624,29.7763,-16.3424,10.7534,101.697,-0.736537,-7.934,103.603,7.42388,-20.7135,71.9205,-7.80612,-34.4271,87.2606,-5.4566,-45.3634,82.6739,8.27177,2.77257,
-1.90624,29.7763,-16.3424,10.7534,101.697,-0.736537,-7.934,103.603,7.42388,-20.7135,71.9205,-7.80612,-34.4271,87.2606,-5.4566,-45.3634,82.6739,8.27177,2.77257,
-2.63313,28.3364,-32.1073,10.5747,101.618,-0.733436,-7.6187,104.251,7.58133,-20.5589,73.2813,-7.91363,-35.3245,72.1436,-12.8269,-41.9769,83.8561,7.99104,2.12504,
-2.63313,28.3364,-32.1073,10.5747,101.618,-0.733436,-7.6187,104.251,7.58133,-20.5589,73.2813,-7.91363,-35.3245,72.1436,-12.8269,-41.9769,83.8561,7.99104,2.12504,
-3.03064,28.4241,-35.6598,10.5747,101.705,-0.7624,-7.51442,104.736,7.69475,-20.4509,73.2813,-7.91363,-35.3245,69.0762,-14.1042,-41.1543,83.8561,7.99104,2.12504,
-3.03064,28.4241,-35.6598,10.5747,101.705,-0.7624,-7.51442,104.736,7.69475,-20.4509,73.2813,-7.91363,-35.3245,69.0762,-14.1042,-41.1543,83.8561,7.99104,2.12504,
-3.26386,28.9479,-37.8424,16.9346,101.472,-0.849919,-7.32257,104.736,7.69475,-20.4509,72.5243,-8.58147,-32.3392,66.8937,-14.8122,-40.3826,89.459,6.80865,-0.306465,
-3.26386,28.9479,-37.8424,16.9346,101.472,-0.849919,-7.32257,104.736,7.69475,-20.4509,72.5243,-8.58147,-32.3392,66.8937,-14.8122,-40.3826,89.459,6.80865,-0.306465,
-4.39422,31.4867,-38.6262,21.5154,101.126,-0.969124,-6.87127,105.52,8.16071,-20.0652,69.639,-7.29118,-28.1762,66.8937,-14.8122,-40.3826,91.1544,6.43986,-0.708475,
-4.39422,31.4867,-38.6262,21.5154,101.126,-0.969124,-6.87127,105.52,8.16071,-20.0652,69.639,-7.29118,-28.1762,66.8937,-14.8122,-40.3826,91.1544,6.43986,-0.708475,
-4.90363,31.482,-39.1309,21.5154,101.121,-0.982106,-6.68821,106.025,7.98312,-19.5726,69.639,-7.29118,-28.1762,66.8937,-14.8122,-40.3826,91.1544,6.43986,-0.708475,
-4.90363,31.482,-39.1309,21.5154,101.121,-0.982106,-6.68821,106.025,7.98312,-19.5726,69.639,-7.29118,-28.1762,66.8937,-14.8122,-40.3826,91.1544,6.43986,-0.708475,
-4.35435,31.2204,-33.6351,25.5228,102.076,-0.772888,-6.08951,106.43,7.70325,-19.041,70.8553,-6.65126,-29.2784,72.795,-17.4365,-45.388,96.3781,5.21023,-0.585876,
-4.35435,31.2204,-33.6351,25.5228,102.076,-0.772888,-6.08951,106.43,7.70325,-19.041,70.8553,-6.65126,-29.2784,72.795,-17.4365,-45.388,96.3781,5.21023,-0.585876,
-3.7101,26.3285,-31.6141,24.0085,102.72,-0.521003,-6.11291,106.43,7.70325,-19.041,76.3914,-7.17223,-35.3651,74.816,-18.0987,-44.9849,100.4,4.13726,-0.101652,
-3.7101,26.3285,-31.6141,24.0085,102.72,-0.521003,-6.11291,106.43,7.70325,-19.041,76.3914,-7.17223,-35.3651,74.816,-18.0987,-44.9849,100.4,4.13726,-0.101652,
-0.0197974,23.937,-27.6127,23.9821,102.409,0.0943045,-6.55812,102.429,6.70546,-19.6305,78.4719,-9.37025,-29.1334,74.816,-18.0987,-44.9849,102.454,3.52853,-0.0778799,
-0.0197974,23.937,-27.6127,23.9821,102.409,0.0943045,-6.55812,102.429,6.70546,-19.6305,78.4719,-9.37025,-29.1334,74.816,-18.0987,-44.9849,102.454,3.52853,-0.0778799,
1.58311,23.3837,-18.7677,26.1588,101.705,0.804653,-6.95803,100.122,4.69878,-20.9207,78.3213,-8.96202,-25.9499,81.3541,-13.3419,-39.0389,104.48,2.8984,0.124812,
1.58311,23.3837,-18.7677,26.1588,101.705,0.804653,-6.95803,100.122,4.69878,-20.9207,78.3213,-8.96202,-25.9499,81.3541,-13.3419,-39.0389,104.48,2.8984,0.124812,
1.54721,23.3478,-16.2262,26.1588,101.669,1.26157,-7.47663,100.122,4.69878,-20.9207,78.3213,-8.96202,-25.9499,83.8957,-13.692,-40.8989,104.48,2.8984,0.124812,
1.54721,23.3478,-16.2262,26.1588,101.669,1.26157,-7.47663,100.122,4.69878,-20.9207,78.3213,-8.96202,-25.9499,83.8957,-13.692,-40.8989,104.48,2.8984,0.124812,
1.27666,20.2922,-14.1163,27.1621,101.399,1.64146,-8.06637,100.122,4.69878,-20.9207,81.1064,-7.92253,-31.9273,86.0056,-14.1337,-41.7091,108.268,1.20347,2.11917,
1.27666,20.2922,-14.1163,27.1621,101.399,1.64146,-8.06637,100.122,4.69878,-20.9207,81.1064,-7.92253,-31.9273,86.0056,-14.1337,-41.7091,108.268,1.20347,2.11917,
10.3754,16.826,-4.9589,30.8039,101.34,2.48971,-9.69846,90.9645,-1.09488,-13.6402,84.5139,-8.44044,-32.6511,86.0056,-14.1337,-41.7091,115.318,-3.98833,10.0906,
10.3754,16.826,-4.9589,30.8039,101.34,2.48971,-9.69846,90.9645,-1.09488,-13.6402,84.5139,-8.44044,-32.6511,86.0056,-14.1337,-41.7091,115.318,-3.98833,10.0906,
10.6344,18.3559,0.854195,35.5203,100.858,2.89256,-11.2819,90.2236,-0.810985,-10.3714,82.5022,-8.69221,-30.059,91.0778,-12.8909,-36.0088,118.022,-5.82737,12.266,
10.6344,18.3559,0.854195,35.5203,100.858,2.89256,-11.2819,90.2236,-0.810985,-10.3714,82.5022,-8.69221,-30.059,91.0778,-12.8909,-36.0088,118.022,-5.82737,12.266,
11.5759,19.2974,4.88055,38.2459,101.8,2.98918,-12.288,90.2236,-0.810985,-10.3714,82.5022,-8.69221,-30.059,95.1042,-12.263,-38.1914,120.748,-7.44671,12.5676,
11.5759,19.2974,4.88055,38.2459,101.8,2.98918,-12.288,90.2236,-0.810985,-10.3714,82.5022,-8.69221,-30.059,95.1042,-12.263,-38.1914,120.748,-7.44671,12.5676,
13.7619,19.8624,5.77503,38.8004,103.091,3.14511,-9.70688,89.3291,1.25863,-8.22477,83.2286,-8.68862,-30.1443,95.1042,-12.263,-38.1914,122.029,-7.36292,10.7659,
13.7619,19.8624,5.77503,38.8004,103.091,3.14511,-9.70688,89.3291,1.25863,-8.22477,83.2286,-8.68862,-30.1443,95.1042,-12.263,-38.1914,122.029,-7.36292,10.7659,
19.3202,17.8577,15.8343,35.5031,101.841,3.17271,-6.49353,82.5204,1.22322,-13.1077,83.9829,-8.64931,-30.1562,98.3547,-11.4244,-37.1286,119.486,-7.26873,10.5016,
19.3202,17.8577,15.8343,35.5031,101.841,3.17271,-6.49353,82.5204,1.22322,-13.1077,83.9829,-8.64931,-30.1562,98.3547,-11.4244,-37.1286,119.486,-7.26873,10.5016,
21.4801,17.006,20.7468,34.6856,101.806,3.15507,-6.87357,80.3263,0.881585,-14.9287,84.8004,-8.3565,-30.4772,101.073,-10.2778,-36.5299,119.486,-7.26873,10.5016,
21.4801,17.006,20.7468,34.6856,101.806,3.15507,-6.87357,80.3263,0.881585,-14.9287,84.8004,-8.3565,-30.4772,101.073,-10.2778,-36.5299,119.486,-7.26873,10.5016,
21.643,17.1689,22.1088,34.6856,101.969,2.92022,-7.70552,80.3263,0.881585,-14.9287,84.8004,-8.3565,-30.4772,102.435,-9.80116,-37.1817,119.486,-7.26873,10.5016,
21.643,17.1689,22.1088,34.6856,101.969,2.92022,-7.70552,80.3263,0.881585,-14.9287,84.8004,-8.3565,-30.4772,102.435,-9.80116,-37.1817,119.486,-7.26873,10.5016,
23.9303,10.2231,26.6484,17.1529,100.847,2.14398,-7.58106,76.9162,0.432496,-20.697,90.6234,-8.23638,-36.3521,103.565,-9.46081,-37.6891,107.776,-5.57423,8.8846,
23.9303,10.2231,26.6484,17.1529,100.847,2.14398,-7.58106,76.9162,0.432496,-20.697,90.6234,-8.23638,-36.3521,103.565,-9.46081,-37.6891,107.776,-5.57423,8.8846,
23.2644,8.12238,28.8596,7.5029,99.8627,1.48468,-7.78395,76.5983,-0.248688,-22.3016,91.7404,-8.00443,-36.883,105.458,-8.92406,-37.7484,99.2433,-4.04316,6.88998,
23.2644,8.12238,28.8596,7.5029,99.8627,1.48468,-7.78395,76.5983,-0.248688,-22.3016,91.7404,-8.00443,-36.883,105.458,-8.92406,-37.7484,99.2433,-4.04316,6.88998,
23.4698,7.09658,31.5405,6.44876,99.8911,0.709833,-8.26424,76.4213,-1.04072,-23.5879,92.7945,-7.71396,-37.1955,107.962,-7.96559,-38.2508,99.2433,-4.04316,6.88998,
23.4698,7.09658,31.5405,6.44876,99.8911,0.709833,-8.26424,76.4213,-1.04072,-23.5879,92.7945,-7.71396,-37.1955,107.962,-7.96559,-38.2508,99.2433,-4.04316,6.88998,
23.5071,4.02167,31.5405,3.33647,99.9285,0.22652,-7.7803,76.4213,-1.04072,-23.5879,95.9068,-6.87582,-37.8004,107.962,-7.96559,-38.2508,99.2433,-4.04316,6.88998,
23.5071,4.02167,31.5405,3.33647,99.9285,0.22652,-7.7803,76.4213,-1.04072,-23.5879,95.9068,-6.87582,-37.8004,107.962,-7.96559,-38.2508,99.2433,-4.04316,6.88998,
21.4937,2.02073,29.9824,-26.3909,100.251,-0.318367,-8.10038,78.7573,-2.07295,-23.3099,98.2303,-6.16945,-38.4177,108.74,-7.66284,-38.2963,71.8394,1.50074,5.91304,
21.4937,2.02073,29.9824,-26.3909,100.251,-0.318367,-8.10038,78.7573,-2.07295,-23.3099,98.2303,-6.16945,-38.4177,108.74,-7.66284,-38.2963,71.8394,1.50074,5.91304,
18.6664,2.02073,27.1551,-26.3909,100.251,-0.318367,-8.10038,81.5846,-1.11333,-20.7561,98.2303,-6.16945,-38.4177,108.74,-7.66284,-38.2963,71.8394,1.50074,5.91304,
18.6664,2.02073,27.1551,-26.3909,100.251,-0.318367,-8.10038,81.5846,-1.11333,-20.7561,98.2303,-6.16945,-38.4177,108.74,-7.66284,-38.2963,71.8394,1.50074,5.91304,
19.6925,2.7081,29.5249,-33.586,102.115,0.696526,-4.6244,82.4224,-0.78701,-20.6866,99.4067,-5.76314,-38.9562,111.947,-6.2579,-39.0356,65.8207,2.80009,5.10183,
19.6925,2.7081,29.5249,-33.586,102.115,0.696526,-4.6244,82.4224,-0.78701,-20.6866,99.4067,-5.76314,-38.9562,111.947,-6.2579,-39.0356,65.8207,2.80009,5.10183,
19.9849,0.569053,29.5249,-47.0785,102.407,0.493199,-3.41243,82.4224,-0.78701,-20.6866,101.838,-4.91936,-40.1866,111.947,-6.2579,-39.0356,54.7597,5.13288,2.55014,
19.9849,0.569053,29.5249,-47.0785,102.407,0.493199,-3.41243,82.4224,-0.78701,-20.6866,101.838,-4.91936,-40.1866,111.947,-6.2579,-39.0356,54.7597,5.13288,2.55014,
30.2903,-2.27956,39.7007,-61.3019,103.153,0.0698663,-4.04641,72.8627,-2.30535,-28.8323,105.433,-4.60343,-41.7666,112.563,-5.94215,-39.2754,44.1307,6.28675,0.617336,
30.2903,-2.27956,39.7007,-61.3019,103.153,0.0698663,-4.04641,72.8627,-2.30535,-28.8323,105.433,-4.60343,-41.7666,112.563,-5.94215,-39.2754,44.1307,6.28675,0.617336,
32.3462,-3.18338,43.3801,-59.9999,103.051,0.847769,-6.39707,70.7052,-3.3143,-29.3004,106.235,-4.45373,-42.0002,114.085,-5.28451,-39.5002,46.2348,7.44658,1.79012,
32.3462,-3.18338,43.3801,-59.9999,103.051,0.847769,-6.39707,70.7052,-3.3143,-29.3004,106.235,-4.45373,-42.0002,114.085,-5.28451,-39.5002,46.2348,7.44658,1.79012,
31.1283,-3.05167,43.7978,-59.9999,103.183,1.22473,-5.62767,72.0547,-2.43821,-25.4282,106.235,-4.45373,-42.0002,115.852,-4.36998,-39.3334,46.2348,7.44658,1.79012,
31.1283,-3.05167,43.7978,-59.9999,103.183,1.22473,-5.62767,72.0547,-2.43821,-25.4282,106.235,-4.45373,-42.0002,115.852,-4.36998,-39.3334,46.2348,7.44658,1.79012,
32.3845,-0.524238,46.1811,-54.1663,104.439,1.20187,-5.6958,72.0547,-2.43821,-25.4282,104.964,-4.23141,-41.0021,118.236,-2.83816,-39.5586,50.7972,8.47013,3.79531,
32.3845,-0.524238,46.1811,-54.1663,104.439,1.20187,-5.6958,72.0547,-2.43821,-25.4282,104.964,-4.23141,-41.0021,118.236,-2.83816,-39.5586,50.7972,8.47013,3.79531,
22.6139,1.78431,35.8163,-48.3819,105.033,1.18633,-4.95561,82.4195,-1.13859,-26.2,103.249,-3.81876,-40.6992,118.236,-2.83816,-39.5586,54.8671,10.1283,5.99795,
22.6139,1.78431,35.8163,-48.3819,105.033,1.18633,-4.95561,82.4195,-1.13859,-26.2,103.249,-3.81876,-40.6992,118.236,-2.83816,-39.5586,54.8671,10.1283,5.99795,
20.3711,2.11575,39.5981,-45.2365,103.519,0.61238,-2.0547,83.1476,-2.08885,-26.3937,101.403,-3.28878,-43.0473,122.746,0.40551,-40.9839,56.1666,10.0156,6.01397,
20.3711,2.11575,39.5981,-45.2365,103.519,0.61238,-2.0547,83.1476,-2.08885,-26.3937,101.403,-3.28878,-43.0473,122.746,0.40551,-40.9839,56.1666,10.0156,6.01397,
18.3059,0.0504905,45.2533,-45.2365,101.454,0.436108,-2.30134,83.1476,-2.08885,-26.3937,101.403,-3.28878,-43.0473,128.401,5.48124,-44.1686,56.1666,10.0156,6.01397,
18.3059,0.0504905,45.2533,-45.2365,101.454,0.436108,-2.30134,83.1476,-2.08885,-26.3937,101.403,-3.28878,-43.0473,128.401,5.48124,-44.1686,56.1666,10.0156,6.01397,
22.0022,10.6838,45.6646,-30.9934,104.739,1.57561,-8.47282,82.7363,-1.9912,-27.4971,94.0548,-2.9566,-43.6216,128.401,5.48124,-44.1686,63.0613,9.75833,6.75175,
22.0022,10.6838,45.6646,-30.9934,104.739,1.57561,-8.47282,82.7363,-1.9912,-27.4971,94.0548,-2.9566,-43.6216,128.401,5.48124,-44.1686,63.0613,9.75833,6.75175,
12.971,14.4381,35.9003,-26.8687,105.472,1.20529,-9.58799,92.5006,0.72999,-23.5274,91.0335,-2.84624,-45.8159,128.401,5.48124,-44.1686,64.1649,10.5565,7.25959,
12.971,14.4381,35.9003,-26.8687,105.472,1.20529,-9.58799,92.5006,0.72999,-23.5274,91.0335,-2.84624,-45.8159,128.401,5.48124,-44.1686,64.1649,10.5565,7.25959,
6.73865,14.71,36.0865,-25.432,104.969,0.074257,-8.92683,98.2303,2.20184,-22.477,90.259,-3.69001,-47.5685,134.317,15.6156,-50.1901,64.827,10.8865,7.27162,
6.73865,14.71,36.0865,-25.432,104.969,0.074257,-8.92683,98.2303,2.20184,-22.477,90.259,-3.69001,-47.5685,134.317,15.6156,-50.1901,64.827,10.8865,7.27162,
6.73865,14.71,36.6165,-25.432,104.969,0.074257,-8.92683,98.2303,2.20184,-22.477,90.259,-3.69001,-47.5685,134.847,16.1399,-49.6618,64.827,10.8865,7.27162,
6.73865,14.71,36.6165,-25.432,104.969,0.074257,-8.92683,98.2303,2.20184,-22.477,90.259,-3.69001,-47.5685,134.847,16.1399,-49.6618,64.827,10.8865,7.27162,
4.0571,18.4241,37.252,-16.5236,102.395,-0.0518907,-8.26024,98.3383,3.35178,-22.2265,83.9713,-7.7551,-45.9276,135.59,16.1862,-48.8548,67.4478,11.7235,8.78463,
4.0571,18.4241,37.252,-16.5236,102.395,-0.0518907,-8.26024,98.3383,3.35178,-22.2265,83.9713,-7.7551,-45.9276,135.59,16.1862,-48.8548,67.4478,11.7235,8.78463,
4.73629,21.5056,36.4873,-13.1661,102.917,0.486641,-9.30134,98.1808,3.2219,-21.8756,81.4114,-8.43363,-44.602,134.668,15.639,-48.3747,68.2453,11.6761,9.39396,
4.73629,21.5056,36.4873,-13.1661,102.917,0.486641,-9.30134,98.1808,3.2219,-21.8756,81.4114,-8.43363,-44.602,134.668,15.639,-48.3747,68.2453,11.6761,9.39396,
5.35336,24.0587,33.3174,-10.1094,103.403,0.826995,-10.4852,98.0493,3.20031,-21.4606,79.3439,-8.99601,-43.1538,131.367,13.8214,-47.9904,69.2345,11.7228,10.1089,
5.35336,24.0587,33.3174,-10.1094,103.403,0.826995,-10.4852,98.0493,3.20031,-21.4606,79.3439,-8.99601,-43.1538,131.367,13.8214,-47.9904,69.2345,11.7228,10.1089,
5.19476,25.1721,30.7475,-6.58319,103.244,1.34005,-11.9212,98.0493,3.20031,-21.4606,78.0719,-9.35373,-41.5375,128.797,12.2589,-47.6967,71.4887,11.3841,10.4542,
5.19476,25.1721,30.7475,-6.58319,103.244,1.34005,-11.9212,98.0493,3.20031,-21.4606,78.0719,-9.35373,-41.5375,128.797,12.2589,-47.6967,71.4887,11.3841,10.4542,
2.25709,29.0999,25.9614,1.0631,101.966,1.29397,-10.9065,99.7092,4.59098,-19.4102,72.8663,-9.48119,-35.3056,125.671,10.0478,-46.9111,73.9294,11.0379,10.3029,
2.25709,29.0999,25.9614,1.0631,101.966,1.29397,-10.9065,99.7092,4.59098,-19.4102,72.8663,-9.48119,-35.3056,125.671,10.0478,-46.9111,73.9294,11.0379,10.3029,
2.34393,30.9318,25.6051,3.73712,102.409,1.54271,-10.1033,100.065,5.37018,-18.9055,71.4776,-9.18584,-33.1953,125.671,10.0478,-46.9111,75.2147,10.7266,9.78324,
2.34393,30.9318,25.6051,3.73712,102.409,1.54271,-10.1033,100.065,5.37018,-18.9055,71.4776,-9.18584,-33.1953,125.671,10.0478,-46.9111,75.2147,10.7266,9.78324,
2.22331,31.6097,7.79124,5.66008,102.532,1.92619,-9.70904,100.309,6.19674,-19.0694,70.9223,-8.31085,-31.4126,108.1,0.708533,-39.827,76.5824,9.74425,8.70049,
2.22331,31.6097,7.79124,5.66008,102.532,1.92619,-9.70904,100.309,6.19674,-19.0694,70.9223,-8.31085,-31.4126,108.1,0.708533,-39.827,76.5824,9.74425,8.70049,
2.36521,31.7516,-2.47348,8.52851,102.674,2.33312,-7.96237,100.309,6.19674,-19.0694,70.9223,-8.31085,-31.4126,97.8352,-1.99584,-39.9908,79.4508,8.16699,7.20802,
2.36521,31.7516,-2.47348,8.52851,102.674,2.33312,-7.96237,100.309,6.19674,-19.0694,70.9223,-8.31085,-31.4126,97.8352,-1.99584,-39.9908,79.4508,8.16699,7.20802,
0.821391,30.0948,-3.71301,10.1279,102.37,2.47312,-8.0171,101.548,5.73744,-17.8104,72.2749,-7.48867,-30.3434,97.8352,-1.99584,-39.9908,82.4027,7.36418,5.68026,
0.821391,30.0948,-3.71301,10.1279,102.37,2.47312,-8.0171,101.548,5.73744,-17.8104,72.2749,-7.48867,-30.3434,97.8352,-1.99584,-39.9908,82.4027,7.36418,5.68026,
-0.91419,29.8581,-20.3831,13.044,102.269,2.66512,-7.90003,103.183,6.04225,-17.4968,72.4108,-7.27688,-30.4891,82.8,-7.63764,-39.8872,85.4548,6.6266,4.31276,
-0.91419,29.8581,-20.3831,13.044,102.269,2.66512,-7.90003,103.183,6.04225,-17.4968,72.4108,-7.27688,-30.4891,82.8,-7.63764,-39.8872,85.4548,6.6266,4.31276,
-2.19255,29.5176,-30.0832,13.044,101.928,2.80821,-7.41393,104.121,6.20217,-17.027,72.4108,-7.27688,-30.4891,74.0377,-11.7129,-37.4087,85.4548,6.6266,4.31276,
-2.19255,29.5176,-30.0832,13.044,101.928,2.80821,-7.41393,104.121,6.20217,-17.027,72.4108,-7.27688,-30.4891,74.0377,-11.7129,-37.4087,85.4548,6.6266,4.31276,
-3.01177,29.4025,-33.4549,16.547,101.109,2.61346,-6.90448,104.121,6.20217,-17.027,71.7066,-6.69851,-30.1828,70.666,-13.7337,-36.7709,88.2536,6.09734,2.85588,
-3.01177,29.4025,-33.4549,16.547,101.109,2.61346,-6.90448,104.121,6.20217,-17.027,71.7066,-6.69851,-30.1828,70.666,-13.7337,-36.7709,88.2536,6.09734,2.85588,
-3.01177,32.1003,-33.4549,21.6172,101.109,2.61346,-6.90448,104.121,6.20217,-17.027,69.0088,-9.40109,-29.9937,70.666,-13.7337,-36.7709,90.626,5.73557,2.18494,
-3.01177,32.1003,-33.4549,21.6172,101.109,2.61346,-6.90448,104.121,6.20217,-17.027,69.0088,-9.40109,-29.9937,70.666,-13.7337,-36.7709,90.626,5.73557,2.18494,
-6.42993,32.7357,-38.9329,24.8963,100.812,2.28729,-6.239,107.242,6.33728,-16.1533,68.076,-10.26,-29.5436,68.3088,-18.7733,-41.6901,92.9723,5.35798,1.94187,
-6.42993,32.7357,-38.9329,24.8963,100.812,2.28729,-6.239,107.242,6.33728,-16.1533,68.076,-10.26,-29.5436,68.3088,-18.7733,-41.6901,92.9723,5.35798,1.94187,
-6.95231,32.8583,-37.2164,24.8963,100.934,2.14896,-5.80322,107.887,6.23155,-15.7884,68.076,-10.26,-29.5436,70.6703,-18.891,-43.2592,92.9723,5.35798,1.94187,
-6.95231,32.8583,-37.2164,24.8963,100.934,2.14896,-5.80322,107.887,6.23155,-15.7884,68.076,-10.26,-29.5436,70.6703,-18.891,-43.2592,92.9723,5.35798,1.94187,
-6.88248,33.2643,-34.9957,30.2642,101.004,2.29019,-5.53182,107.887,6.23155,-15.7884,67.7399,-10.1226,-30.4822,72.891,-19.2271,-45.3601,98.0042,4.23852,2.64576,
-6.88248,33.2643,-34.9957,30.2642,101.004,2.29019,-5.53182,107.887,6.23155,-15.7884,67.7399,-10.1226,-30.4822,72.891,-19.2271,-45.3601,98.0042,4.23852,2.64576,
-4.2717,26.6328,-32.5679,24.9863,101.187,2.76313,-5.35142,105.459,5.22867,-16.448,74.5543,-10.1769,-33.5607,72.891,-19.2271,-45.3601,99.5407,3.91506,2.89738,
-4.2717,26.6328,-32.5679,24.9863,101.187,2.76313,-5.35142,105.459,5.22867,-16.448,74.5543,-10.1769,-33.5607,72.891,-19.2271,-45.3601,99.5407,3.91506,2.89738,
-2.42387,23.5125,-23.8139,24.9248,100.106,3.12024,-5.17459,102.53,3.95789,-17.1859,76.5932,-9.79776,-32.6639,78.7157,-18.9799,-45.103,101.518,3.45623,3.1323,
-2.42387,23.5125,-23.8139,24.9248,100.106,3.12024,-5.17459,102.53,3.95789,-17.1859,76.5932,-9.79776,-32.6639,78.7157,-18.9799,-45.103,101.518,3.45623,3.1323,
-2.42387,23.5125,-23.8139,24.9248,100.106,3.12024,-5.17459,102.53,3.95789,-17.1859,76.5932,-9.79776,-32.6639,78.7157,-18.9799,-45.103,101.518,3.45623,3.1323,
-2.42387,23.5125,-23.8139,24.9248,100.106,3.12024,-5.17459,102.53,3.95789,-17.1859,76.5932,-9.79776,-32.6639,78.7157,-18.9799,-45.103,101.518,3.45623,3.1323,
1.76193,19.8741,-17.5901,27.9145,99.5509,3.43235,-4.45621,97.789,1.25542,-16.7631,79.6769,-8.40097,-24.2599,80.1989,-16.9591,-38.8315,107.591,1.14921,6.71066,
1.76193,19.8741,-17.5901,27.9145,99.5509,3.43235,-4.45621,97.789,1.25542,-16.7631,79.6769,-8.40097,-24.2599,80.1989,-16.9591,-38.8315,107.591,1.14921,6.71066,
5.76373,14.9467,-13.6006,28.2882,99.5632,4.46631,-4.31239,93.7995,-1.32426,-12.5601,84.6166,-7.84685,-26.8376,80.1989,-16.9591,-38.8315,112.905,-2.65294,13.5221,
5.76373,14.9467,-13.6006,28.2882,99.5632,4.46631,-4.31239,93.7995,-1.32426,-12.5601,84.6166,-7.84685,-26.8376,80.1989,-16.9591,-38.8315,112.905,-2.65294,13.5221,
8.60159,11.831,-4.84889,28.4331,99.6648,5.833,-6.80678,91.0632,-1.49287,-4.44364,87.8338,-7.78791,-29.8629,86.2144,-16.4418,-39.0256,116.267,-4.98089,16.4168,
8.60159,11.831,-4.84889,28.4331,99.6648,5.833,-6.80678,91.0632,-1.49287,-4.44364,87.8338,-7.78791,-29.8629,86.2144,-16.4418,-39.0256,116.267,-4.98089,16.4168,
8.94556,12.175,-4.03542,31.9015,100.009,6.29417,-7.81145,91.0632,-1.49287,-4.44364,87.8338,-7.78791,-29.8629,87.0278,-16.1324,-38.2308,119.735,-6.89811,16.448,
8.94556,12.175,-4.03542,31.9015,100.009,6.29417,-7.81145,91.0632,-1.49287,-4.44364,87.8338,-7.78791,-29.8629,87.0278,-16.1324,-38.2308,119.735,-6.89811,16.448,
13.4591,6.11664,0.838997,26.5213,100.448,6.30735,-3.98883,86.9887,1.84771,-4.58656,94.3312,-9.16211,-28.187,87.8277,-15.7442,-37.6698,120.853,-6.70458,12.9428,
13.4591,6.11664,0.838997,26.5213,100.448,6.30735,-3.98883,86.9887,1.84771,-4.58656,94.3312,-9.16211,-28.187,87.8277,-15.7442,-37.6698,120.853,-6.70458,12.9428,
16.0785,4.38364,3.64204,24.4265,100.264,6.27812,-1.38069,84.1857,2.0238,-6.48651,95.8805,-8.83115,-28.8821,87.8277,-15.7442,-37.6698,120.307,-6.77329,12.3279,
16.0785,4.38364,3.64204,24.4265,100.264,6.27812,-1.38069,84.1857,2.0238,-6.48651,95.8805,-8.83115,-28.8821,87.8277,-15.7442,-37.6698,120.307,-6.77329,12.3279,
18.5523,3.49652,9.55285,22.0616,100.164,6.26201,-0.471383,81.6112,1.96062,-8.36354,96.667,-8.34272,-29.199,91.1641,-15.0171,-37.0831,118.729,-6.84276,11.9868,
18.5523,3.49652,9.55285,22.0616,100.164,6.26201,-0.471383,81.6112,1.96062,-8.36354,96.667,-8.34272,-29.199,91.1641,-15.0171,-37.0831,118.729,-6.84276,11.9868,
20.8656,3.6442,13.8724,13.8163,100.311,6.33754,0.316729,79.4457,1.81676,-10.2523,96.667,-8.34272,-29.199,93.3181,-14.4161,-37.7142,110.483,-6.61107,10.7435,
20.8656,3.6442,13.8724,13.8163,100.311,6.33754,0.316729,79.4457,1.81676,-10.2523,96.667,-8.34272,-29.199,93.3181,-14.4161,-37.7142,110.483,-6.61107,10.7435,
24.7978,1.71872,17.7122,8.10426,100.404,6.31808,0.43117,75.6059,0.836532,-15.2576,98.685,-8.22054,-31.9942,93.3181,-14.4161,-37.7142,106.789,-6.18357,9.64165,
24.7978,1.71872,17.7122,8.10426,100.404,6.31808,0.43117,75.6059,0.836532,-15.2576,98.685,-8.22054,-31.9942,93.3181,-14.4161,-37.7142,106.789,-6.18357,9.64165,
27.5867,-0.305602,21.0666,2.64954,99.8381,6.1937,-0.576272,72.2515,-0.873162,-21.0962,100.144,-8.50355,-33.5594,93.3181,-14.4161,-37.7142,102.793,-5.69572,8.31467,
27.5867,-0.305602,21.0666,2.64954,99.8381,6.1937,-0.576272,72.2515,-0.873162,-21.0962,100.144,-8.50355,-33.5594,93.3181,-14.4161,-37.7142,102.793,-5.69572,8.31467,
28.8364,-1.53579,27.5924,-2.80206,99.7559,6.17111,-1.23423,70.9195,-2.63689,-25.1643,101.292,-8.66499,-34.8224,98.5119,-12.7166,-39.9261,98.4896,-5.25297,7.38657,
28.8364,-1.53579,27.5924,-2.80206,99.7559,6.17111,-1.23423,70.9195,-2.63689,-25.1643,101.292,-8.66499,-34.8224,98.5119,-12.7166,-39.9261,98.4896,-5.25297,7.38657,
29.0326,-2.90267,27.5924,-13.6622,99.952,5.49956,-1.75826,70.9195,-2.63689,-25.1643,102.855,-8.51777,-36.4533,98.5119,-12.7166,-39.9261,89.1924,-4.27614,7.33467,
29.0326,-2.90267,27.5924,-13.6622,99.952,5.49956,-1.75826,70.9195,-2.63689,-25.1643,102.855,-8.51777,-36.4533,98.5119,-12.7166,-39.9261,89.1924,-4.27614,7.33467,
28.8025,-3.81466,28.4699,-19.2774,99.722,5.21106,-2.29888,70.9195,-2.63689,-25.1643,103.537,-8.35858,-37.0133,99.3894,-12.4218,-40.2664,84.2593,-3.50079,7.46676,
28.8025,-3.81466,28.4699,-19.2774,99.722,5.21106,-2.29888,70.9195,-2.63689,-25.1643,103.537,-8.35858,-37.0133,99.3894,-12.4218,-40.2664,84.2593,-3.50079,7.46676,
24.7967,-6.13775,26.3842,-31.4235,99.4452,5.04211,-3.13745,74.6485,-2.92963,-26.3973,105.583,-7.85942,-38.0446,101.033,-11.6999,-40.4324,74.1594,-1.42416,6.75225,
24.7967,-6.13775,26.3842,-31.4235,99.4452,5.04211,-3.13745,74.6485,-2.92963,-26.3973,105.583,-7.85942,-38.0446,101.033,-11.6999,-40.4324,74.1594,-1.42416,6.75225,
23.953,-6.0112,28.0746,-36.469,99.5717,5.76168,-2.84838,75.6188,-2.79497,-25.7115,105.583,-7.85942,-38.0446,103.693,-10.6929,-40.8425,69.1139,-0.313028,5.62055,
23.953,-6.0112,28.0746,-36.469,99.5717,5.76168,-2.84838,75.6188,-2.79497,-25.7115,105.583,-7.85942,-38.0446,103.693,-10.6929,-40.8425,69.1139,-0.313028,5.62055,
23.7379,-7.49723,29.0364,-52.4375,99.3566,5.47341,-3.56323,75.6188,-2.79497,-25.7115,106.854,-7.49246,-38.6912,104.655,-10.3507,-40.957,54.4163,3.58466,2.02292,
23.7379,-7.49723,29.0364,-52.4375,99.3566,5.47341,-3.56323,75.6188,-2.79497,-25.7115,106.854,-7.49246,-38.6912,104.655,-10.3507,-40.957,54.4163,3.58466,2.02292,
23.7005,-7.73198,28.3486,-57.7978,100.007,4.9267,-3.38297,76.3065,-2.76853,-24.3104,107.739,-7.28174,-39.2225,104.655,-10.3507,-40.957,49.9412,4.68557,0.93264,
23.7005,-7.73198,28.3486,-57.7978,100.007,4.9267,-3.38297,76.3065,-2.76853,-24.3104,107.739,-7.28174,-39.2225,104.655,-10.3507,-40.957,49.9412,4.68557,0.93264,
29.8593,-8.76782,36.3051,-65.4236,100.408,5.14877,-3.92696,70.5485,-1.11062,-25.3704,109.176,-6.94524,-40.4097,106.854,-9.62003,-41.1666,43.752,5.97123,-0.0911875,
29.8593,-8.76782,36.3051,-65.4236,100.408,5.14877,-3.92696,70.5485,-1.11062,-25.3704,109.176,-6.94524,-40.4097,106.854,-9.62003,-41.1666,43.752,5.97123,-0.0911875,
31.5605,-8.61157,41.5176,-65.4236,100.564,5.31355,-3.96285,69.0035,-1.23992,-27.5925,109.176,-6.94524,-40.4097,110.521,-7.90341,-41.2406,43.752,5.97123,-0.0911875,
31.5605,-8.61157,41.5176,-65.4236,100.564,5.31355,-3.96285,69.0035,-1.23992,-27.5925,109.176,-6.94524,-40.4097,110.521,-7.90341,-41.2406,43.752,5.97123,-0.0911875,
31.6329,-10.0644,42.7729,-62.9618,100.636,5.59785,-3.74914,69.0035,-1.23992,-27.5925,110.701,-6.34855,-41.6902,111.776,-7.25048,-41.3057,47.739,8.20782,2.11405,
31.6329,-10.0644,42.7729,-62.9618,100.636,5.59785,-3.74914,69.0035,-1.23992,-27.5925,110.701,-6.34855,-41.6902,111.776,-7.25048,-41.3057,47.739,8.20782,2.11405,
23.2093,-9.89131,34.3402,-61.0372,100.645,5.5909,-4.31684,77.4362,-0.0651918,-23.8008,110.537,-5.31848,-43.2411,111.776,-7.25048,-41.3057,49.4996,8.47612,2.70455,
23.2093,-9.89131,34.3402,-61.0372,100.645,5.5909,-4.31684,77.4362,-0.0651918,-23.8008,110.537,-5.31848,-43.2411,111.776,-7.25048,-41.3057,49.4996,8.47612,2.70455,
21.8371,-8.19128,37.4641,-58.0039,101.631,5.26775,-4.75885,79.7942,-0.229738,-26.6155,109.823,-5.08918,-43.9421,117.258,-3.44585,-42.7705,51.8186,9.64913,3.47688,
21.8371,-8.19128,37.4641,-58.0039,101.631,5.26775,-4.75885,79.7942,-0.229738,-26.6155,109.823,-5.08918,-43.9421,117.258,-3.44585,-42.7705,51.8186,9.64913,3.47688,
21.1167,-8.40897,38.8861,-58.0039,101.414,5.07194,-3.27054,80.2969,-0.166971,-27.8178,109.823,-5.08918,-43.9421,119.183,-2.13307,-43.4579,51.8186,9.64913,3.47688,
21.1167,-8.40897,38.8861,-58.0039,101.414,5.07194,-3.27054,80.2969,-0.166971,-27.8178,109.823,-5.08918,-43.9421,119.183,-2.13307,-43.4579,51.8186,9.64913,3.47688,
20.1758,-5.90854,40.996,-50.3353,100.473,4.95858,-2.59277,80.2969,-0.166971,-27.8178,106.381,-4.94732,-45.0636,121.293,-0.764204,-44.0993,56.046,7.87416,1.01726,
20.1758,-5.90854,40.996,-50.3353,100.473,4.95858,-2.59277,80.2969,-0.166971,-27.8178,106.381,-4.94732,-45.0636,121.293,-0.764204,-44.0993,56.046,7.87416,1.01726,
19.7454,2.36999,40.6717,-38.731,100.367,5.11473,-3.72895,80.6212,-0.228452,-32.0912,97.9966,-3.8382,-45.5027,121.293,-0.764204,-44.0993,59.2656,5.48225,-1.6829,
19.7454,2.36999,40.6717,-38.731,100.367,5.11473,-3.72895,80.6212,-0.228452,-32.0912,97.9966,-3.8382,-45.5027,121.293,-0.764204,-44.0993,59.2656,5.48225,-1.6829,
15.9682,5.47709,41.0151,-34.032,100.488,5.21127,-4.28921,84.5202,0.845963,-31.4644,95.0114,-3.28106,-45.1296,125.535,2.38456,-45.4996,60.9794,5.56538,-1.74665,
15.9682,5.47709,41.0151,-34.032,100.488,5.21127,-4.28921,84.5202,0.845963,-31.4644,95.0114,-3.28106,-45.1296,125.535,2.38456,-45.4996,60.9794,5.56538,-1.74665,
12.6812,5.65479,43.0945,-32.5423,100.666,5.01296,-5.52661,87.9849,1.75522,-29.5787,95.0114,-3.28106,-45.1296,131.079,11.2065,-51.5757,62.4691,6.09942,-1.41904,
12.6812,5.65479,43.0945,-32.5423,100.666,5.01296,-5.52661,87.9849,1.75522,-29.5787,95.0114,-3.28106,-45.1296,131.079,11.2065,-51.5757,62.4691,6.09942,-1.41904,
12.7626,10.0916,45.3535,-24.7424,100.747,4.59364,-5.81948,87.9849,1.75522,-29.5787,90.6559,-5.73519,-49.9903,133.338,13.5499,-51.5687,65.9136,6.67782,-1.69661,
12.7626,10.0916,45.3535,-24.7424,100.747,4.59364,-5.81948,87.9849,1.75522,-29.5787,90.6559,-5.73519,-49.9903,133.338,13.5499,-51.5687,65.9136,6.67782,-1.69661,
6.79084,11.2797,39.1134,-23.006,101.016,3.81332,-4.96043,94.2251,5.63379,-27.0705,89.7362,-7.07915,-49.6365,133.338,13.5499,-51.5687,66.7301,7.03074,-1.46841,
6.79084,11.2797,39.1134,-23.006,101.016,3.81332,-4.96043,94.2251,5.63379,-27.0705,89.7362,-7.07915,-49.6365,133.338,13.5499,-51.5687,66.7301,7.03074,-1.46841,
3.69563,13.4699,39.0796,-20.242,101.035,3.2178,-4.53085,97.3395,6.41771,-26.4233,87.5652,-8.26538,-48.2905,136.419,14.5906,-46.7677,67.3231,7.42183,-1.16252,
3.69563,13.4699,39.0796,-20.242,101.035,3.2178,-4.53085,97.3395,6.41771,-26.4233,87.5652,-8.26538,-48.2905,136.419,14.5906,-46.7677,67.3231,7.42183,-1.16252,
4.3982,14.1725,38.1015,-19.8574,101.738,3.43265,-6.68979,97.3395,6.41771,-26.4233,87.5652,-8.26538,-48.2905,135.441,14.8013,-46.8073,67.7078,7.60422,-1.09712,
4.3982,14.1725,38.1015,-19.8574,101.738,3.43265,-6.68979,97.3395,6.41771,-26.4233,87.5652,-8.26538,-48.2905,135.441,14.8013,-46.8073,67.7078,7.60422,-1.09712,
3.72643,19.5143,36.3638,-12.715,101.066,3.41649,-7.18736,97.3395,6.41771,-26.4233,81.5516,-9.311,-44.2099,133.703,14.7037,-47.0812,68.8366,7.58064,-1.11277,
3.72643,19.5143,36.3638,-12.715,101.066,3.41649,-7.18736,97.3395,6.41771,-26.4233,81.5516,-9.311,-44.2099,133.703,14.7037,-47.0812,68.8366,7.58064,-1.11277,
3.11726,24.8455,36.2879,-4.78331,100.533,3.59711,-7.85616,97.4154,5.5914,-26.4841,75.6871,-9.89145,-39.8021,133.703,14.7037,-47.0812,70.9038,7.33111,-1.31987,
3.11726,24.8455,36.2879,-4.78331,100.533,3.59711,-7.85616,97.4154,5.5914,-26.4841,75.6871,-9.89145,-39.8021,133.703,14.7037,-47.0812,70.9038,7.33111,-1.31987,
0.148255,25.0711,21.1625,-2.40354,99.6502,3.90875,-7.2352,99.5019,6.60479,-23.599,74.5791,-9.86926,-38.0711,120.664,9.70155,-47.2881,72.1756,7.27291,-1.21259,
0.148255,25.0711,21.1625,-2.40354,99.6502,3.90875,-7.2352,99.5019,6.60479,-23.599,74.5791,-9.86926,-38.0711,120.664,9.70155,-47.2881,72.1756,7.27291,-1.21259,
0.120805,27.3805,11.8867,2.57598,99.6227,4.10058,-6.72535,99.5019,6.60479,-23.599,72.2422,-9.12963,-33.9193,111.389,4.84194,-44.8159,74.8182,7.03553,-1.06924,
0.120805,27.3805,11.8867,2.57598,99.6227,4.10058,-6.72535,99.5019,6.60479,-23.599,72.2422,-9.12963,-33.9193,111.389,4.84194,-44.8159,74.8182,7.03553,-1.06924,
-0.259245,28.7055,10.5021,5.58072,100.627,4.4759,-6.89151,100.886,7.39632,-21.9495,71.9217,-7.71129,-30.9419,111.389,4.84194,-44.8159,77.5024,6.76044,-0.982371,
-0.259245,28.7055,10.5021,5.58072,100.627,4.4759,-6.89151,100.886,7.39632,-21.9495,71.9217,-7.71129,-30.9419,111.389,4.84194,-44.8159,77.5024,6.76044,-0.982371,
-0.362946,30.0013,-0.986117,6.84312,101.918,5.15719,-7.30687,102.281,7.62614,-21.5315,71.9162,-6.97823,-30.0331,101.294,0.851009,-44.9629,78.7593,6.52966,-1.07013,
-0.362946,30.0013,-0.986117,6.84312,101.918,5.15719,-7.30687,102.281,7.62614,-21.5315,71.9162,-6.97823,-30.0331,101.294,0.851009,-44.9629,78.7593,6.52966,-1.07013,
-1.77679,29.9868,-11.9875,8.05381,101.909,5.24386,-7.26948,103.685,7.46493,-21.3454,71.9219,-6.35157,-29.6901,91.6979,-3.63202,-45.7362,79.9757,6.31127,-1.11875,
-1.77679,29.9868,-11.9875,8.05381,101.909,5.24386,-7.26948,103.685,7.46493,-21.3454,71.9219,-6.35157,-29.6901,91.6979,-3.63202,-45.7362,79.9757,6.31127,-1.11875,
-1.92251,29.6275,-16.5725,10.1748,101.763,5.38533,-7.19283,103.685,7.46493,-21.3454,72.1354,-6.03014,-30.6213,87.113,-6.16687,-45.573,82.3102,6.02183,-1.16909,
-1.92251,29.6275,-16.5725,10.1748,101.763,5.38533,-7.19283,103.685,7.46493,-21.3454,72.1354,-6.03014,-30.6213,87.113,-6.16687,-45.573,82.3102,6.02183,-1.16909,
-4.80363,29.2622,-23.9025,12.0982,101.764,5.69901,-7.56377,106.567,7.2418,-20.3626,72.5013,-6.92543,-32.9863,82.6647,-8.67214,-44.6725,84.5995,5.7476,-1.0129,
-4.80363,29.2622,-23.9025,12.0982,101.764,5.69901,-7.56377,106.567,7.2418,-20.3626,72.5013,-6.92543,-32.9863,82.6647,-8.67214,-44.6725,84.5995,5.7476,-1.0129,
-5.05079,29.6301,-32.6169,14.5372,102.041,5.79724,-7.8438,107.091,7.33572,-20.0289,72.4105,-8.09911,-33.9523,74.4745,-12.8946,-41.6579,86.9477,5.58185,-0.692693,
-5.05079,29.6301,-32.6169,14.5372,102.041,5.79724,-7.8438,107.091,7.33572,-20.0289,72.4105,-8.09911,-33.9523,74.4745,-12.8946,-41.6579,86.9477,5.58185,-0.692693,
-5.07905,30.0309,-38.2468,14.5372,102.441,5.76434,-8.36428,107.52,7.49872,-19.8602,72.4105,-8.09911,-33.9523,69.2736,-17.4047,-43.4338,86.9477,5.58185,-0.692693,
-5.07905,30.0309,-38.2468,14.5372,102.441,5.76434,-8.36428,107.52,7.49872,-19.8602,72.4105,-8.09911,-33.9523,69.2736,-17.4047,-43.4338,86.9477,5.58185,-0.692693,
-5.1495,31.1345,-36.8099,19.8427,102.371,5.40901,-8.10709,107.52,7.49872,-19.8602,71.2364,-10.6513,-32.9454,70.7106,-17.7114,-44.635,91.0791,4.83119,-0.415842,
-5.1495,31.1345,-36.8099,19.8427,102.371,5.40901,-8.10709,107.52,7.49872,-19.8602,71.2364,-10.6513,-32.9454,70.7106,-17.7114,-44.635,91.0791,4.83119,-0.415842,
-5.95338,32.278,-37.5964,22.5464,102.354,5.37276,-7.74006,108.307,7.55414,-19.3575,70.0756,-10.5899,-32.4893,70.7106,-17.7114,-44.635,92.6221,4.50112,-0.285337,
-5.95338,32.278,-37.5964,22.5464,102.354,5.37276,-7.74006,108.307,7.55414,-19.3575,70.0756,-10.5899,-32.4893,70.7106,-17.7114,-44.635,92.6221,4.50112,-0.285337,
-5.93121,29.6087,-37.6019,21.5711,102.381,5.38741,-7.53095,108.312,7.05259,-18.7563,72.7725,-10.6749,-34.8595,70.7106,-17.7114,-44.635,94.3437,4.14652,-0.133601,
-5.93121,29.6087,-37.6019,21.5711,102.381,5.38741,-7.53095,108.312,7.05259,-18.7563,72.7725,-10.6749,-34.8595,70.7106,-17.7114,-44.635,94.3437,4.14652,-0.133601,
-3.40784,26.2116,-28.451,23.9894,102.713,5.68557,-7.32865,106.121,6.34087,-18.6012,76.5016,-10.6867,-37.4998,77.6701,-18.5902,-50.808,100.491,2.41301,0.855944,
-3.40784,26.2116,-28.451,23.9894,102.713,5.68557,-7.32865,106.121,6.34087,-18.6012,76.5016,-10.6867,-37.4998,77.6701,-18.5902,-50.808,100.491,2.41301,0.855944,
-3.77091,21.9603,-25.7119,22.3958,102.35,5.95749,-7.76537,106.121,6.34087,-18.6012,80.3898,-9.70906,-35.5937,80.4091,-16.6664,-50.161,102.786,1.63581,1.40041,
-3.77091,21.9603,-25.7119,22.3958,102.35,5.95749,-7.76537,106.121,6.34087,-18.6012,80.3898,-9.70906,-35.5937,80.4091,-16.6664,-50.161,102.786,1.63581,1.40041,
5.85619,19.1759,-15.0006,24.8778,101.266,6.2608,-7.91918,95.4097,1.32356,-21.316,82.09,-7.61604,-32.3778,80.4091,-16.6664,-50.161,106.968,-0.700812,4.63984,
5.85619,19.1759,-15.0006,24.8778,101.266,6.2608,-7.91918,95.4097,1.32356,-21.316,82.09,-7.61604,-32.3778,80.4091,-16.6664,-50.161,106.968,-0.700812,4.63984,
7.17444,15.7139,-7.10619,24.5675,100.692,6.67314,-8.10212,93.518,0.00898729,-19.0679,84.9785,-7.72856,-34.2355,86.4118,-15.0504,-47.4012,109.546,-2.68741,8.31242,
7.17444,15.7139,-7.10619,24.5675,100.692,6.67314,-8.10212,93.518,0.00898729,-19.0679,84.9785,-7.72856,-34.2355,86.4118,-15.0504,-47.4012,109.546,-2.68741,8.31242,
9.14474,16.3024,-4.78271,24.5675,101.281,7.4155,-8.31962,92.1362,-0.903571,-15.1504,84.9785,-7.72856,-34.2355,87.3535,-15.0095,-47.1824,109.546,-2.68741,8.31242,
9.14474,16.3024,-4.78271,24.5675,101.281,7.4155,-8.31962,92.1362,-0.903571,-15.1504,84.9785,-7.72856,-34.2355,87.3535,-15.0095,-47.1824,109.546,-2.68741,8.31242,
9.30966,16.4673,-3.83541,33.5649,101.446,7.65727,-8.51584,92.1362,-0.903571,-15.1504,84.9785,-7.72856,-34.2355,88.3008,-14.9358,-47.5593,118.543,-8.19783,12.9503,
9.30966,16.4673,-3.83541,33.5649,101.446,7.65727,-8.51584,92.1362,-0.903571,-15.1504,84.9785,-7.72856,-34.2355,88.3008,-14.9358,-47.5593,118.543,-8.19783,12.9503,
12.1011,16.5832,-1.15985,33.5649,101.562,7.88411,-8.76919,89.4606,-0.55533,-7.66312,84.9785,-7.72856,-34.2355,88.3008,-14.9358,-47.5593,118.543,-8.19783,12.9503,
12.1011,16.5832,-1.15985,33.5649,101.562,7.88411,-8.76919,89.4606,-0.55533,-7.66312,84.9785,-7.72856,-34.2355,88.3008,-14.9358,-47.5593,118.543,-8.19783,12.9503,
17.7213,6.09224,7.99606,24.2413,101.781,8.54424,-10.2009,84.0597,0.973062,-10.0532,95.6888,-9.19315,-37.1993,92.0558,-13.909,-49.2899,119.93,-8.16543,9.48681,
17.7213,6.09224,7.99606,24.2413,101.781,8.54424,-10.2009,84.0597,0.973062,-10.0532,95.6888,-9.19315,-37.1993,92.0558,-13.909,-49.2899,119.93,-8.16543,9.48681,
20.8865,5.59941,11.0501,21.8812,102.607,8.91685,-12.0564,81.7207,0.943948,-11.8266,97.0078,-8.69202,-37.916,92.7708,-13.5274,-49.593,118.889,-8.01894,9.23487,
20.8865,5.59941,11.0501,21.8812,102.607,8.91685,-12.0564,81.7207,0.943948,-11.8266,97.0078,-8.69202,-37.916,92.7708,-13.5274,-49.593,118.889,-8.01894,9.23487,
25.1431,3.44921,15.7778,12.223,103.033,8.98119,-10.6763,77.8903,0.669634,-15.4035,99.5841,-7.6779,-39.6363,93.668,-13.2331,-50.2751,111.807,-6.35689,6.36876,
25.1431,3.44921,15.7778,12.223,103.033,8.98119,-10.6763,77.8903,0.669634,-15.4035,99.5841,-7.6779,-39.6363,93.668,-13.2331,-50.2751,111.807,-6.35689,6.36876,
25.9905,0.950634,18.3935,7.99271,101.265,8.46099,-6.43728,75.2745,0.268725,-19.3111,100.314,-7.70964,-40.5669,93.668,-13.2331,-50.2751,108.307,-5.66006,4.81588,
25.9905,0.950634,18.3935,7.99271,101.265,8.46099,-6.43728,75.2745,0.268725,-19.3111,100.314,-7.70964,-40.5669,93.668,-13.2331,-50.2751,108.307,-5.66006,4.81588,
28.2619,-0.0493938,24.3184,2.92227,101.21,8.3856,-7.61528,72.948,-0.680801,-24.2609,101.259,-7.82665,-41.5249,97.2664,-11.724,-50.3604,104.182,-4.96907,3.02231,
28.2619,-0.0493938,24.3184,2.92227,101.21,8.3856,-7.61528,72.948,-0.680801,-24.2609,101.259,-7.82665,-41.5249,97.2664,-11.724,-50.3604,104.182,-4.96907,3.02231,
28.318,0.00670509,25.2892,2.92227,101.266,8.1967,-8.63655,72.948,-0.680801,-24.2609,101.259,-7.82665,-41.5249,98.2373,-11.2689,-50.208,104.182,-4.96907,3.02231,
28.318,0.00670509,25.2892,2.92227,101.266,8.1967,-8.63655,72.948,-0.680801,-24.2609,101.259,-7.82665,-41.5249,98.2373,-11.2689,-50.208,104.182,-4.96907,3.02231,
27.032,-4.92653,26.6476,-19.6279,99.6196,6.96672,-9.73447,72.5876,-3.32113,-29.6084,104.546,-7.37796,-44.4942,99.2352,-10.8271,-50.0012,84.9182,-3.08847,-2.22238,
27.032,-4.92653,26.6476,-19.6279,99.6196,6.96672,-9.73447,72.5876,-3.32113,-29.6084,104.546,-7.37796,-44.4942,99.2352,-10.8271,-50.0012,84.9182,-3.08847,-2.22238,
27.1872,-4.90385,27.2621,-26.3384,101.112,6.70208,-11.3529,73.9244,-2.97628,-28.8931,106.015,-6.80567,-45.2493,101.186,-10.002,-49.2716,79.677,-2.62813,-2.89806,
27.1872,-4.90385,27.2621,-26.3384,101.112,6.70208,-11.3529,73.9244,-2.97628,-28.8931,106.015,-6.80567,-45.2493,101.186,-10.002,-49.2716,79.677,-2.62813,-2.89806,
27.3845,-3.81428,28.3899,-31.6527,102.201,6.94896,-12.4912,74.8167,-2.50076,-28.2515,106.015,-6.80567,-45.2493,103.207,-9.01857,-48.7894,74.3627,-2.08505,-3.43293,
27.3845,-3.81428,28.3899,-31.6527,102.201,6.94896,-12.4912,74.8167,-2.50076,-28.2515,106.015,-6.80567,-45.2493,103.207,-9.01857,-48.7894,74.3627,-2.08505,-3.43293,
26.7208,-6.16584,30.2583,-43.9357,101.537,6.78198,-8.86467,74.8167,-2.50076,-28.2515,107.703,-6.16965,-46.1624,105.075,-8.24445,-48.9323,63.7676,-0.206873,-3.85709,
26.7208,-6.16584,30.2583,-43.9357,101.537,6.78198,-8.86467,74.8167,-2.50076,-28.2515,107.703,-6.16965,-46.1624,105.075,-8.24445,-48.9323,63.7676,-0.206873,-3.85709,
26.3293,-7.68093,30.2583,-54.8802,101.146,6.60521,-9.27161,74.8167,-2.50076,-28.2515,108.827,-5.83376,-46.447,105.075,-8.24445,-48.9323,53.9467,2.5848,-4.17831,
26.3293,-7.68093,30.2583,-54.8802,101.146,6.60521,-9.27161,74.8167,-2.50076,-28.2515,108.827,-5.83376,-46.447,105.075,-8.24445,-48.9323,53.9467,2.5848,-4.17831,
25.9308,-7.93957,29.6106,-59.4579,101.395,6.08079,-10.5811,75.4643,-2.25842,-27.7678,109.335,-5.76319,-46.594,105.075,-8.24445,-48.9323,49.8769,4.7063,-3.26939,
25.9308,-7.93957,29.6106,-59.4579,101.395,6.08079,-10.5811,75.4643,-2.25842,-27.7678,109.335,-5.76319,-46.594,105.075,-8.24445,-48.9323,49.8769,4.7063,-3.26939,
28.0227,-8.62011,35.5417,-63.3604,101.353,6.09482,-10.922,73.33,-1.54968,-26.7319,109.973,-5.58122,-46.881,108.872,-6.58187,-49.1106,46.6124,7.25102,-1.77928,
28.0227,-8.62011,35.5417,-63.3604,101.353,6.09482,-10.922,73.33,-1.54968,-26.7319,109.973,-5.58122,-46.881,108.872,-6.58187,-49.1106,46.6124,7.25102,-1.77928,
32.3576,-9.59521,41.8486,-67.8021,101.547,6.47592,-10.8734,69.1898,0.756039,-26.5677,111.143,-4.91714,-47.7523,111.038,-5.55507,-49.3287,43.3405,11.4186,0.895958,
32.3576,-9.59521,41.8486,-67.8021,101.547,6.47592,-10.8734,69.1898,0.756039,-26.5677,111.143,-4.91714,-47.7523,111.038,-5.55507,-49.3287,43.3405,11.4186,0.895958,
36.3384,-10.0775,45.1805,-65.3684,102.196,7.22137,-9.07402,65.8579,2.09206,-25.9523,112.274,-4.04455,-48.7411,111.038,-5.55507,-49.3287,46.9053,14.6866,4.59012,
36.3384,-10.0775,45.1805,-65.3684,102.196,7.22137,-9.07402,65.8579,2.09206,-25.9523,112.274,-4.04455,-48.7411,111.038,-5.55507,-49.3287,46.9053,14.6866,4.59012,
30.1176,-9.90644,41.4817,-60.0024,102.062,7.09467,-9.06572,71.9446,3.05623,-23.5933,111.969,-3.68768,-49.2768,113.426,-4.26125,-48.7916,51.9663,14.6412,5.99296,
30.1176,-9.90644,41.4817,-60.0024,102.062,7.09467,-9.06572,71.9446,3.05623,-23.5933,111.969,-3.68768,-49.2768,113.426,-4.26125,-48.7916,51.9663,14.6412,5.99296,
28.0618,-9.5214,43.1235,-60.0024,102.447,6.75876,-8.5346,74.3855,2.69794,-24.9749,111.969,-3.68768,-49.2768,117.509,-2.2099,-49.3606,51.9663,14.6412,5.99296,
28.0618,-9.5214,43.1235,-60.0024,102.447,6.75876,-8.5346,74.3855,2.69794,-24.9749,111.969,-3.68768,-49.2768,117.509,-2.2099,-49.3606,51.9663,14.6412,5.99296,
28.0518,-9.53132,44.3805,-59.4082,102.437,6.73745,-7.07581,74.3855,2.69794,-24.9749,111.969,-3.68768,-49.2768,118.766,-1.16392,-49.5588,52.5605,12.8461,2.96257,
28.0518,-9.53132,44.3805,-59.4082,102.437,6.73745,-7.07581,74.3855,2.69794,-24.9749,111.969,-3.68768,-49.2768,118.766,-1.16392,-49.5588,52.5605,12.8461,2.96257,
23.2097,-8.69464,40.0608,-57.2768,101.915,6.76711,-6.25635,78.7053,2.78508,-27.5641,110.61,-3.54923,-50.1698,118.766,-1.16392,-49.5588,53.3328,11.0787,1.82645,
23.2097,-8.69464,40.0608,-57.2768,101.915,6.76711,-6.25635,78.7053,2.78508,-27.5641,110.61,-3.54923,-50.1698,118.766,-1.16392,-49.5588,53.3328,11.0787,1.82645,
23.934,-2.39467,49.5659,-45.8239,100.809,7.08868,-6.91608,76.8749,1.18081,-32.1096,103.204,-3.15043,-50.372,126.441,5.28194,-53.1053,57.3798,11.0087,2.56439,
23.934,-2.39467,49.5659,-45.8239,100.809,7.08868,-6.91608,76.8749,1.18081,-32.1096,103.204,-3.15043,-50.372,126.441,5.28194,-53.1053,57.3798,11.0087,2.56439,
21.5715,0.771695,47.1597,-42.7012,100.853,7.189,-7.32042,79.2811,2.00362,-30.6403,100.081,-2.74937,-50.3584,126.441,5.28194,-53.1053,57.3798,11.0087,2.56439,
21.5715,0.771695,47.1597,-42.7012,100.853,7.189,-7.32042,79.2811,2.00362,-30.6403,100.081,-2.74937,-50.3584,126.441,5.28194,-53.1053,57.3798,11.0087,2.56439,
21.5886,5.79759,50.8983,-34.4628,100.87,7.35021,-8.02191,79.2811,2.00362,-30.6403,95.0721,-1.96418,-50.9062,130.179,10.9648,-56.4604,60.6093,10.5412,1.96285,
21.5886,5.79759,50.8983,-34.4628,100.87,7.35021,-8.02191,79.2811,2.00362,-30.6403,95.0721,-1.96418,-50.9062,130.179,10.9648,-56.4604,60.6093,10.5412,1.96285,
7.71332,8.70298,36.6959,-27.9357,101.197,7.41289,-8.38413,93.4834,6.26673,-26.5572,92.4937,-5.03726,-54.188,130.179,10.9648,-56.4604,64.558,9.69953,1.52748,
7.71332,8.70298,36.6959,-27.9357,101.197,7.41289,-8.38413,93.4834,6.26673,-26.5572,92.4937,-5.03726,-54.188,130.179,10.9648,-56.4604,64.558,9.69953,1.52748,
8.66308,10.6065,43.0306,-25.9319,102.013,6.79974,-7.39812,93.3502,7.22615,-25.244,91.4068,-6.36834,-53.2958,136.381,14.6043,-51.1818,65.4749,9.91919,1.86523,
8.66308,10.6065,43.0306,-25.9319,102.013,6.79974,-7.39812,93.3502,7.22615,-25.244,91.4068,-6.36834,-53.2958,136.381,14.6043,-51.1818,65.4749,9.91919,1.86523,
8.78796,10.7314,43.0306,-25.9319,102.138,6.52504,-7.23841,93.3502,7.22615,-25.244,91.4068,-6.36834,-53.2958,136.381,14.6043,-51.1818,65.4749,9.91919,1.86523,
8.78796,10.7314,43.0306,-25.9319,102.138,6.52504,-7.23841,93.3502,7.22615,-25.244,91.4068,-6.36834,-53.2958,136.381,14.6043,-51.1818,65.4749,9.91919,1.86523,
4.90166,21.3786,39.4541,-12.7931,101.574,5.86603,-6.85195,96.6727,7.35997,-24.6462,80.1958,-9.27951,-44.8814,136.127,14.752,-48.6588,67.4027,9.71498,2.02197,
4.90166,21.3786,39.4541,-12.7931,101.574,5.86603,-6.85195,96.6727,7.35997,-24.6462,80.1958,-9.27951,-44.8814,136.127,14.752,-48.6588,67.4027,9.71498,2.02197,
5.04496,23.5598,39.8523,-9.43864,101.319,6.49332,-7.42667,96.2745,6.997,-24.9303,77.7596,-9.44593,-43.0503,136.127,14.752,-48.6588,68.321,9.53031,2.08997,
5.04496,23.5598,39.8523,-9.43864,101.319,6.49332,-7.42667,96.2745,6.997,-24.9303,77.7596,-9.44593,-43.0503,136.127,14.752,-48.6588,68.321,9.53031,2.08997,
4.86534,25.5924,36.2126,-6.13283,101.17,6.66695,-7.7052,96.3045,6.77293,-24.7041,75.5774,-9.62983,-41.0995,132.517,14.4804,-47.9026,69.4446,9.21001,2.14551,
4.86534,25.5924,36.2126,-6.13283,101.17,6.66695,-7.7052,96.3045,6.77293,-24.7041,75.5774,-9.62983,-41.0995,132.517,14.4804,-47.9026,69.4446,9.21001,2.14551,
2.50897,24.0641,25.9724,-6.13283,99.6415,6.75676,-9.97741,97.1326,6.80462,-23.6665,75.5774,-9.62983,-41.0995,123.105,12.5791,-47.4847,69.4446,9.21001,2.14551,
2.50897,24.0641,25.9724,-6.13283,99.6415,6.75676,-9.97741,97.1326,6.80462,-23.6665,75.5774,-9.62983,-41.0995,123.105,12.5791,-47.4847,69.4446,9.21001,2.14551,
-0.684955,27.9337,18.9271,1.65252,99.2751,7.22497,-9.798,99.96,7.3981,-20.6586,71.3414,-9.04789,-36.0889,118.887,11.0364,-47.1813,72.9939,8.74998,3.2818,
-0.684955,27.9337,18.9271,1.65252,99.2751,7.22497,-9.798,99.96,7.3981,-20.6586,71.3414,-9.04789,-36.0889,118.887,11.0364,-47.1813,72.9939,8.74998,3.2818,
-2.01525,28.1777,17.3528,4.05,99.5191,7.32815,-9.15408,101.534,7.73093,-18.9605,71.3414,-9.04789,-36.0889,118.887,11.0364,-47.1813,75.3914,8.32314,3.74435,
-2.01525,28.1777,17.3528,4.05,99.5191,7.32815,-9.15408,101.534,7.73093,-18.9605,71.3414,-9.04789,-36.0889,118.887,11.0364,-47.1813,75.3914,8.32314,3.74435,
-3.34126,30.7616,6.09435,7.64458,99.6813,7.4094,-8.80057,103.023,7.75579,-18.2725,68.9197,-6.44807,-31.0717,109.117,7.23329,-46.6792,76.5643,8.09072,3.88401,
-3.34126,30.7616,6.09435,7.64458,99.6813,7.4094,-8.80057,103.023,7.75579,-18.2725,68.9197,-6.44807,-31.0717,109.117,7.23329,-46.6792,76.5643,8.09072,3.88401,
-2.83133,31.0553,-9.50855,9.74385,100.191,8.07559,-7.64482,103.023,7.75579,-18.2725,69.1359,-5.51835,-30.309,93.514,0.271967,-48.1667,78.8797,7.55163,4.00068,
-2.83133,31.0553,-9.50855,9.74385,100.191,8.07559,-7.64482,103.023,7.75579,-18.2725,69.1359,-5.51835,-30.309,93.514,0.271967,-48.1667,78.8797,7.55163,4.00068,
-4.31974,28.1975,-15.7161,7.15712,99.9201,8.36511,-6.80378,104.24,7.53582,-18.1117,71.7226,-3.67873,-32.0449,88.5237,-2.63052,-48.5585,78.8797,7.55163,4.00068,
-4.31974,28.1975,-15.7161,7.15712,99.9201,8.36511,-6.80378,104.24,7.53582,-18.1117,71.7226,-3.67873,-32.0449,88.5237,-2.63052,-48.5585,78.8797,7.55163,4.00068,
-6.23578,28.1895,-26.684,10.8476,99.8787,8.46532,-6.42588,106.115,7.34157,-17.3635,71.6892,-4.06818,-32.9214,79.4305,-8.68776,-47.8952,82.5368,6.77065,4.21542,
-6.23578,28.1895,-26.684,10.8476,99.8787,8.46532,-6.42588,106.115,7.34157,-17.3635,71.6892,-4.06818,-32.9214,79.4305,-8.68776,-47.8952,82.5368,6.77065,4.21542,
-6.55263,28.6687,-35.1608,12.439,100.028,8.55016,-6.21778,106.581,7.45285,-17.1188,71.3596,-4.91255,-33.9006,71.4201,-12.6837,-44.3987,83.7987,6.50253,4.35185,
-6.55263,28.6687,-35.1608,12.439,100.028,8.55016,-6.21778,106.581,7.45285,-17.1188,71.3596,-4.91255,-33.9006,71.4201,-12.6837,-44.3987,83.7987,6.50253,4.35185,
-6.40438,30.0422,-38.0888,16.3904,100.177,8.32882,-5.87624,106.581,7.45285,-17.1188,70.1344,-7.76743,-34.1242,68.4922,-13.7036,-43.2079,86.5248,5.94478,4.56457,
-6.40438,30.0422,-38.0888,16.3904,100.177,8.32882,-5.87624,106.581,7.45285,-17.1188,70.1344,-7.76743,-34.1242,68.4922,-13.7036,-43.2079,86.5248,5.94478,4.56457,
-6.40438,31.2781,-38.276,17.6263,100.177,8.32882,-5.87624,106.581,7.45285,-17.1188,68.8984,-8.88966,-32.4189,68.305,-13.738,-42.72,86.5248,5.94478,4.56457,
-6.40438,31.2781,-38.276,17.6263,100.177,8.32882,-5.87624,106.581,7.45285,-17.1188,68.8984,-8.88966,-32.4189,68.305,-13.738,-42.72,86.5248,5.94478,4.56457,
-8.34449,27.7534,-35.0861,18.8818,100.201,8.12282,-5.36662,108.546,7.19032,-15.6932,72.4477,-8.14277,-34.6093,73.4594,-14.757,-47.8705,91.3294,4.37119,4.64144,
-8.34449,27.7534,-35.0861,18.8818,100.201,8.12282,-5.36662,108.546,7.19032,-15.6932,72.4477,-8.14277,-34.6093,73.4594,-14.757,-47.8705,91.3294,4.37119,4.64144,
-7.83415,27.6425,-31.9352,20.6247,100.09,7.96206,-4.53961,107.924,6.80171,-15.4745,72.4477,-8.14277,-34.6093,75.9891,-13.7164,-47.5108,93.0724,3.78312,4.64659,
-7.83415,27.6425,-31.9352,20.6247,100.09,7.96206,-4.53961,107.924,6.80171,-15.4745,72.4477,-8.14277,-34.6093,75.9891,-13.7164,-47.5108,93.0724,3.78312,4.64659,
-7.4994,21.854,-30.2985,18.5359,100.425,8.05927,-3.65364,107.924,6.80171,-15.4745,78.5709,-6.37761,-31.8107,77.6258,-12.5184,-47.2903,97.1068,2.3286,5.21347,
-7.4994,21.854,-30.2985,18.5359,100.425,8.05927,-3.65364,107.924,6.80171,-15.4745,78.5709,-6.37761,-31.8107,77.6258,-12.5184,-47.2903,97.1068,2.3286,5.21347,
-3.61211,22.2786,-26.5301,25.4739,100.544,8.30993,-3.83185,104.156,5.89413,-15.6261,78.2652,-4.73501,-28.8088,77.6258,-12.5184,-47.2903,103.739,-0.481978,6.78496,
-3.61211,22.2786,-26.5301,25.4739,100.544,8.30993,-3.83185,104.156,5.89413,-15.6261,78.2652,-4.73501,-28.8088,77.6258,-12.5184,-47.2903,103.739,-0.481978,6.78496,
3.38022,18.9997,-14.3197,25.0214,99.7139,9.04702,-4.3904,96.3337,2.41564,-17.8566,80.7143,-5.01856,-29.0642,82.0141,-11.9263,-46.6183,105.736,-1.8485,8.68801,
3.38022,18.9997,-14.3197,25.0214,99.7139,9.04702,-4.3904,96.3337,2.41564,-17.8566,80.7143,-5.01856,-29.0642,82.0141,-11.9263,-46.6183,105.736,-1.8485,8.68801,
5.59616,18.9697,-10.5242,25.0214,99.684,9.20154,-4.36045,94.0878,1.19121,-16.4983,80.7143,-5.01856,-29.0642,83.5637,-11.5039,-44.7752,105.736,-1.8485,8.68801,
5.59616,18.9697,-10.5242,25.0214,99.684,9.20154,-4.36045,94.0878,1.19121,-16.4983,80.7143,-5.01856,-29.0642,83.5637,-11.5039,-44.7752,105.736,-1.8485,8.68801,
5.71789,19.0915,-8.38315,33.6562,99.8057,9.58692,-4.24292,94.0878,1.19121,-16.4983,80.7143,-5.01856,-29.0642,85.7047,-11.062,-42.0568,114.37,-8.00618,16.2963,
5.71789,19.0915,-8.38315,33.6562,99.8057,9.58692,-4.24292,94.0878,1.19121,-16.4983,80.7143,-5.01856,-29.0642,85.7047,-11.062,-42.0568,114.37,-8.00618,16.2963,
10.7227,19.4091,-2.42001,36.3388,100.123,10.2741,-5.19631,89.4007,0.661987,-8.12438,80.7143,-5.01856,-29.0642,86.9807,-11.2902,-42.8039,117.053,-9.9252,16.1432,
10.7227,19.4091,-2.42001,36.3388,100.123,10.2741,-5.19631,89.4007,0.661987,-8.12438,80.7143,-5.01856,-29.0642,86.9807,-11.2902,-42.8039,117.053,-9.9252,16.1432,
13.6864,13.2879,2.58026,31.2031,100.332,10.4681,-6.22178,86.6455,2.14573,-7.95117,87.044,-5.93174,-31.599,89.2258,-11.0374,-43.6543,118.247,-9.65891,14.9157,
13.6864,13.2879,2.58026,31.2031,100.332,10.4681,-6.22178,86.6455,2.14573,-7.95117,87.044,-5.93174,-31.599,89.2258,-11.0374,-43.6543,118.247,-9.65891,14.9157,
16.8423,9.10438,8.09696,26.5384,100.813,10.3955,-6.46164,83.9708,2.41518,-9.08192,91.7087,-7.71775,-32.9652,92.0678,-10.7273,-42.8587,118.247,-9.65891,14.9157,
16.8423,9.10438,8.09696,26.5384,100.813,10.3955,-6.46164,83.9708,2.41518,-9.08192,91.7087,-7.71775,-32.9652,92.0678,-10.7273,-42.8587,118.247,-9.65891,14.9157,
17.5373,9.39334,8.79871,26.3675,101.508,10.3235,-4.25537,83.9708,2.41518,-9.08192,92.1148,-7.95759,-32.7884,92.7695,-10.4441,-42.6928,118.482,-8.51041,11.4784,
17.5373,9.39334,8.79871,26.3675,101.508,10.3235,-4.25537,83.9708,2.41518,-9.08192,92.1148,-7.95759,-32.7884,92.7695,-10.4441,-42.6928,118.482,-8.51041,11.4784,
27.2137,9.01507,18.8533,20.2156,101.13,10.235,-2.25225,73.9162,1.4824,-17.4061,92.1148,-7.95759,-32.7884,92.7695,-10.4441,-42.6928,112.33,-6.92085,8.63478,
27.2137,9.01507,18.8533,20.2156,101.13,10.235,-2.25225,73.9162,1.4824,-17.4061,92.1148,-7.95759,-32.7884,92.7695,-10.4441,-42.6928,112.33,-6.92085,8.63478,
29.2836,5.90955,22.6917,13.8906,101.13,10.235,-2.25225,71.8463,0.832829,-19.6367,95.2203,-7.33632,-33.6906,94.538,-10.1149,-43.2614,109.111,-6.23006,8.09556,
29.2836,5.90955,22.6917,13.8906,101.13,10.235,-2.25225,71.8463,0.832829,-19.6367,95.2203,-7.33632,-33.6906,94.538,-10.1149,-43.2614,109.111,-6.23006,8.09556,
29.1557,3.36838,26.7271,11.4773,101.002,10.1905,-2.76316,71.8463,0.832829,-19.6367,97.6337,-7.01603,-34.5816,98.5734,-8.82859,-41.5212,109.111,-6.23006,8.09556,
29.1557,3.36838,26.7271,11.4773,101.002,10.1905,-2.76316,71.8463,0.832829,-19.6367,97.6337,-7.01603,-34.5816,98.5734,-8.82859,-41.5212,109.111,-6.23006,8.09556,
30.0832,-1.52149,28.4901,-9.48086,100.167,9.77798,-4.50299,70.0833,0.193052,-21.7311,101.688,-6.90797,-37.6853,98.5734,-8.82859,-41.5212,92.2071,-3.75105,7.60188,
30.0832,-1.52149,28.4901,-9.48086,100.167,9.77798,-4.50299,70.0833,0.193052,-21.7311,101.688,-6.90797,-37.6853,98.5734,-8.82859,-41.5212,92.2071,-3.75105,7.60188,
30.4402,-4.02002,31.7391,-16.2018,99.4097,9.24011,-4.37064,68.9695,-1.45906,-24.8993,103.43,-6.5402,-38.8478,100.709,-7.98674,-41.2151,87.2278,-2.68721,8.56355,
30.4402,-4.02002,31.7391,-16.2018,99.4097,9.24011,-4.37064,68.9695,-1.45906,-24.8993,103.43,-6.5402,-38.8478,100.709,-7.98674,-41.2151,87.2278,-2.68721,8.56355,
29.0392,-4.48242,32.1597,-22.0288,99.6289,8.04799,-6.35618,70.5897,-2.94275,-26.646,104.111,-6.31184,-39.2327,102.749,-7.24855,-41.3153,82.0825,-1.3379,9.05363,
29.0392,-4.48242,32.1597,-22.0288,99.6289,8.04799,-6.35618,70.5897,-2.94275,-26.646,104.111,-6.31184,-39.2327,102.749,-7.24855,-41.3153,82.0825,-1.3379,9.05363,
28.1155,-5.91528,32.7854,-23.7964,99.9637,7.68794,-7.41146,71.8482,-2.86017,-26.3529,105.879,-5.70485,-40.0993,104.634,-6.43692,-41.4666,82.0825,-1.3379,9.05363,
28.1155,-5.91528,32.7854,-23.7964,99.9637,7.68794,-7.41146,71.8482,-2.86017,-26.3529,105.879,-5.70485,-40.0993,104.634,-6.43692,-41.4666,82.0825,-1.3379,9.05363,
28.0923,-5.93845,32.7854,-23.7964,99.9405,7.66683,-7.27394,71.8482,-2.86017,-26.3529,105.879,-5.70485,-40.0993,104.634,-6.43692,-41.4666,82.0825,-1.3379,9.05363,
28.0923,-5.93845,32.7854,-23.7964,99.9405,7.66683,-7.27394,71.8482,-2.86017,-26.3529,105.879,-5.70485,-40.0993,104.634,-6.43692,-41.4666,82.0825,-1.3379,9.05363,
25.4862,-7.67661,29.9513,-36.5373,100.169,7.91676,-6.45001,74.6823,-2.14217,-24.7098,107.845,-5.11586,-41.18,104.634,-6.43692,-41.4666,71.3079,1.58993,7.55911,
25.4862,-7.67661,29.9513,-36.5373,100.169,7.91676,-6.45001,74.6823,-2.14217,-24.7098,107.845,-5.11586,-41.18,104.634,-6.43692,-41.4666,71.3079,1.58993,7.55911,
25.4912,-7.13063,33.8137,-53.124,101.374,8.27765,-4.30682,75.8825,-1.51283,-23.2059,108.504,-5.00421,-41.375,109.696,-4.55735,-42.3654,55.3802,5.45384,3.3154,
25.4912,-7.13063,33.8137,-53.124,101.374,8.27765,-4.30682,75.8825,-1.51283,-23.2059,108.504,-5.00421,-41.375,109.696,-4.55735,-42.3654,55.3802,5.45384,3.3154,
28.2865,-8.46055,36.3573,-65.8352,101.625,8.10892,-5.44805,73.3389,-0.609896,-23.5927,110.086,-4.84212,-42.0035,109.696,-4.55735,-42.3654,44.2508,6.51602,0.735182,
28.2865,-8.46055,36.3573,-65.8352,101.625,8.10892,-5.44805,73.3389,-0.609896,-23.5927,110.086,-4.84212,-42.0035,109.696,-4.55735,-42.3654,44.2508,6.51602,0.735182,
34.6268,-9.13042,43.8256,-63.2155,101.752,7.79969,-6.06426,67.1252,-1.087,-27.458,110.882,-4.42991,-42.7371,110.951,-3.88829,-42.4247,47.6669,10.0297,3.92869,
34.6268,-9.13042,43.8256,-63.2155,101.752,7.79969,-6.06426,67.1252,-1.087,-27.458,110.882,-4.42991,-42.7371,110.951,-3.88829,-42.4247,47.6669,10.0297,3.92869,
34.7222,-8.61454,46.6687,-60.4238,101.847,7.84954,-6.18291,67.1252,-1.087,-27.458,110.462,-3.86628,-43.6829,113.794,-2.68601,-41.8625,50.0382,10.9258,4.43156,
34.7222,-8.61454,46.6687,-60.4238,101.847,7.84954,-6.18291,67.1252,-1.087,-27.458,110.462,-3.86628,-43.6829,113.794,-2.68601,-41.8625,50.0382,10.9258,4.43156,
25.7523,-8.43617,40.9523,-60.4238,102.026,7.9222,-6.2185,76.2735,0.841188,-21.9647,110.462,-3.86628,-43.6829,117.226,-0.799277,-41.795,50.0382,10.9258,4.43156,
25.7523,-8.43617,40.9523,-60.4238,102.026,7.9222,-6.2185,76.2735,0.841188,-21.9647,110.462,-3.86628,-43.6829,117.226,-0.799277,-41.795,50.0382,10.9258,4.43156,
25.9567,-8.23183,40.9523,-60.4238,102.23,8.03077,-6.17226,76.2735,0.841188,-21.9647,110.462,-3.86628,-43.6829,117.226,-0.799277,-41.795,50.0382,10.9258,4.43156,
25.9567,-8.23183,40.9523,-60.4238,102.23,8.03077,-6.17226,76.2735,0.841188,-21.9647,110.462,-3.86628,-43.6829,117.226,-0.799277,-41.795,50.0382,10.9258,4.43156,
26.2912,4.22433,42.8829,-40.5327,102.565,9.06112,-5.27214,76.2735,0.841188,-21.9647,98.3403,-3.00775,-44.1168,119.156,0.558407,-42.3667,57.8076,8.05842,2.85137,
26.2912,4.22433,42.8829,-40.5327,102.565,9.06112,-5.27214,76.2735,0.841188,-21.9647,98.3403,-3.00775,-44.1168,119.156,0.558407,-42.3667,57.8076,8.05842,2.85137,
26.9539,7.2584,48.8273,-34.5357,103.227,9.14806,-7.06554,76.2735,0.841188,-21.9647,95.969,-2.50242,-44.5105,125.101,5.47232,-44.3346,61.4333,7.92934,2.46611,
26.9539,7.2584,48.8273,-34.5357,103.227,9.14806,-7.06554,76.2735,0.841188,-21.9647,95.969,-2.50242,-44.5105,125.101,5.47232,-44.3346,61.4333,7.92934,2.46611,
22.7017,7.18585,50.222,-34.5357,103.155,8.79292,-4.81819,80.4531,0.722069,-25.3881,95.969,-2.50242,-44.5105,130.675,13.7186,-49.2015,61.4333,7.92934,2.46611,
22.7017,7.18585,50.222,-34.5357,103.155,8.79292,-4.81819,80.4531,0.722069,-25.3881,95.969,-2.50242,-44.5105,130.675,13.7186,-49.2015,61.4333,7.92934,2.46611,
22.4259,9.03177,53.4289,-28.8054,102.007,8.36944,-2.57785,79.5813,-0.622702,-29.2585,92.9755,-2.59403,-48.269,133.01,15.9349,-49.2885,64.1701,8.75149,3.38374,
22.4259,9.03177,53.4289,-28.8054,102.007,8.36944,-2.57785,79.5813,-0.622702,-29.2585,92.9755,-2.59403,-48.269,133.01,15.9349,-49.2885,64.1701,8.75149,3.38374,
20.2614,10.4853,51.319,-25.3073,101.953,8.45539,-3.68236,81.6912,-0.0347647,-28.5965,91.4673,-4.80834,-50.1773,133.01,15.9349,-49.2885,66.16,9.43474,4.44879,
20.2614,10.4853,51.319,-25.3073,101.953,8.45539,-3.68236,81.6912,-0.0347647,-28.5965,91.4673,-4.80834,-50.1773,133.01,15.9349,-49.2885,66.16,9.43474,4.44879,
20.2614,11.6243,51.319,-24.1682,101.953,8.45539,-3.68236,81.6912,-0.0347647,-28.5965,90.3282,-6.06576,-49.4381,133.01,15.9349,-49.2885,66.16,9.43474,4.44879,
20.2614,11.6243,51.319,-24.1682,101.953,8.45539,-3.68236,81.6912,-0.0347647,-28.5965,90.3282,-6.06576,-49.4381,133.01,15.9349,-49.2885,66.16,9.43474,4.44879,
18.0755,15.6049,49.7926,-20.9604,103.636,8.89069,-6.72798,85.561,1.36512,-27.8054,88.0316,-7.01514,-47.8425,135.354,16.4957,-46.3696,67.0712,9.73801,4.92215,
18.0755,15.6049,49.7926,-20.9604,103.636,8.89069,-6.72798,85.561,1.36512,-27.8054,88.0316,-7.01514,-47.8425,135.354,16.4957,-46.3696,67.0712,9.73801,4.92215,
10.1033,21.4349,40.4504,-14.3825,103.705,8.39536,-7.42464,93.6013,5.74672,-22.6675,82.2697,-8.27601,-43.1751,134.052,15.8543,-46.0808,67.8872,10.099,5.42067,
10.1033,21.4349,40.4504,-14.3825,103.705,8.39536,-7.42464,93.6013,5.74672,-22.6675,82.2697,-8.27601,-43.1751,134.052,15.8543,-46.0808,67.8872,10.099,5.42067,
6.71063,28.6766,36.8657,-7.33289,103.897,8.05868,-7.5179,97.186,6.20467,-22.5223,75.2201,-9.13995,-37.3203,134.052,15.8543,-46.0808,67.8872,10.099,5.42067,
6.71063,28.6766,36.8657,-7.33289,103.897,8.05868,-7.5179,97.186,6.20467,-22.5223,75.2201,-9.13995,-37.3203,134.052,15.8543,-46.0808,67.8872,10.099,5.42067,
5.90711,30.874,28.8691,-4.50319,104.629,7.80723,-7.30662,98.7221,6.03783,-21.4716,73.7552,-9.24108,-35.3098,127.591,12.3581,-44.7947,69.2521,10.2312,5.66639,
5.90711,30.874,28.8691,-4.50319,104.629,7.80723,-7.30662,98.7221,6.03783,-21.4716,73.7552,-9.24108,-35.3098,127.591,12.3581,-44.7947,69.2521,10.2312,5.66639,
4.0374,30.0804,20.7215,-1.91506,103.836,8.37206,-7.24202,99.7983,6.29716,-20.8332,73.7552,-9.24108,-35.3098,120.52,8.45256,-43.4133,71.8402,8.97675,4.64588,
4.0374,30.0804,20.7215,-1.91506,103.836,8.37206,-7.24202,99.7983,6.29716,-20.8332,73.7552,-9.24108,-35.3098,120.52,8.45256,-43.4133,71.8402,8.97675,4.64588,
3.2167,29.2597,16.4745,-0.810836,103.015,8.51564,-7.03918,99.7983,6.29716,-20.8332,73.7552,-9.24108,-35.3098,116.273,6.17492,-42.372,72.9444,8.75785,4.37255,
3.2167,29.2597,16.4745,-0.810836,103.015,8.51564,-7.03918,99.7983,6.29716,-20.8332,73.7552,-9.24108,-35.3098,116.273,6.17492,-42.372,72.9444,8.75785,4.37255,
3.36454,32.2217,16.4745,6.73888,103.163,8.78966,-7.96713,99.7983,6.29716,-20.8332,70.9411,-7.57169,-28.2768,116.273,6.17492,-42.372,77.6799,7.68128,3.67162,
3.36454,32.2217,16.4745,6.73888,103.163,8.78966,-7.96713,99.7983,6.29716,-20.8332,70.9411,-7.57169,-28.2768,116.273,6.17492,-42.372,77.6799,7.68128,3.67162,
0.864403,30.6632,-5.30692,8.00246,102.692,9.51964,-6.64343,101.828,6.74864,-19.0963,72.0289,-7.44225,-28.5783,96.5208,-2.81074,-41.9866,80.0314,7.15457,3.22536,
0.864403,30.6632,-5.30692,8.00246,102.692,9.51964,-6.64343,101.828,6.74864,-19.0963,72.0289,-7.44225,-28.5783,96.5208,-2.81074,-41.9866,80.0314,7.15457,3.22536,
-1.81105,30.8378,-13.378,8.00246,102.867,9.61835,-6.06216,104.678,6.975,-17.545,72.0289,-7.44225,-28.5783,91.2998,-5.55672,-41.9036,80.0314,7.15457,3.22536,
-1.81105,30.8378,-13.378,8.00246,102.867,9.61835,-6.06216,104.678,6.975,-17.545,72.0289,-7.44225,-28.5783,91.2998,-5.55672,-41.9036,80.0314,7.15457,3.22536,
-2.8457,27.4455,-21.0588,5.67888,104.174,9.94262,-5.1712,107.019,6.61661,-16.0727,76.7281,-7.10849,-31.2372,85.9605,-8.43661,-41.1523,82.407,6.73942,3.36179,
-2.8457,27.4455,-21.0588,5.67888,104.174,9.94262,-5.1712,107.019,6.61661,-16.0727,76.7281,-7.10849,-31.2372,85.9605,-8.43661,-41.1523,82.407,6.73942,3.36179,
-3.45497,26.9043,-32.0399,8.68987,104.333,10.5248,-5.9029,107.788,6.60043,-15.2423,77.4287,-7.38973,-31.2163,75.748,-13.0311,-37.8546,86.1186,6.34847,4.00009,
-3.45497,26.9043,-32.0399,8.68987,104.333,10.5248,-5.9029,107.788,6.60043,-15.2423,77.4287,-7.38973,-31.2163,75.748,-13.0311,-37.8546,86.1186,6.34847,4.00009,
-3.84287,28.3755,-38.1004,11.9167,103.997,10.6289,-5.65142,107.84,6.85193,-15.0783,75.6215,-8.29821,-30.0712,69.7395,-16.1033,-38.0059,87.5382,6.24447,4.05272,
-3.84287,28.3755,-38.1004,11.9167,103.997,10.6289,-5.65142,107.84,6.85193,-15.0783,75.6215,-8.29821,-30.0712,69.7395,-16.1033,-38.0059,87.5382,6.24447,4.05272,
-4.08556,28.3755,-36.979,11.9167,103.997,10.6289,-5.65142,108.083,7.08785,-14.8005,75.6215,-8.29821,-30.0712,71.1035,-16.4419,-39.8282,87.5382,6.24447,4.05272,
-4.08556,28.3755,-36.979,11.9167,103.997,10.6289,-5.65142,108.083,7.08785,-14.8005,75.6215,-8.29821,-30.0712,71.1035,-16.4419,-39.8282,87.5382,6.24447,4.05272,
-4.412,33.1146,-35.4422,16.3097,104.343,10.8168,-4.88166,108.755,7.20481,-14.0719,71.2285,-9.89811,-25.807,73.3129,-16.6203,-42.5252,87.5382,6.24447,4.05272,
-4.412,33.1146,-35.4422,16.3097,104.343,10.8168,-4.88166,108.755,7.20481,-14.0719,71.2285,-9.89811,-25.807,73.3129,-16.6203,-42.5252,87.5382,6.24447,4.05272,
0.93549,33.5258,-26.1295,19.6719,104.754,10.791,-4.6249,103.819,5.66381,-14.9905,71.2285,-9.89811,-25.807,77.6893,-18.7443,-48.7879,90.9004,5.55775,3.80698,
0.93549,33.5258,-26.1295,19.6719,104.754,10.791,-4.6249,103.819,5.66381,-14.9905,71.2285,-9.89811,-25.807,77.6893,-18.7443,-48.7879,90.9004,5.55775,3.80698,
3.47022,22.5985,-20.5659,8.98423,104.515,10.5119,-3.7632,101.045,4.85679,-16.33,81.9162,-8.95468,-37.7699,80.4787,-16.8067,-44.9511,90.9004,5.55775,3.80698,
3.47022,22.5985,-20.5659,8.98423,104.515,10.5119,-3.7632,101.045,4.85679,-16.33,81.9162,-8.95468,-37.7699,80.4787,-16.8067,-44.9511,90.9004,5.55775,3.80698,
2.76582,19.1546,-17.4802,12.853,103.81,10.1583,-2.51551,101.045,4.85679,-16.33,84.6558,-8.06228,-33.8725,83.5643,-15.0313,-42.047,97.5088,4.07604,3.76439,
2.76582,19.1546,-17.4802,12.853,103.81,10.1583,-2.51551,101.045,4.85679,-16.33,84.6558,-8.06228,-33.8725,83.5643,-15.0313,-42.047,97.5088,4.07604,3.76439,
7.30641,18.9304,-12.7155,19.9968,103.586,10.0469,-2.0804,96.2798,2.29514,-16.6961,84.6558,-8.06228,-33.8725,83.5643,-15.0313,-42.047,104.653,1.2156,7.08268,
7.30641,18.9304,-12.7155,19.9968,103.586,10.0469,-2.0804,96.2798,2.29514,-16.6961,84.6558,-8.06228,-33.8725,83.5643,-15.0313,-42.047,104.653,1.2156,7.08268,
11.4146,19.6628,-9.33964,26.3744,104.319,10.0096,-0.824357,92.9039,0.382316,-8.82354,84.6558,-8.06228,-33.8725,83.5643,-15.0313,-42.047,111.03,-2.90506,14.3922,
11.4146,19.6628,-9.33964,26.3744,104.319,10.0096,-0.824357,92.9039,0.382316,-8.82354,84.6558,-8.06228,-33.8725,83.5643,-15.0313,-42.047,111.03,-2.90506,14.3922,
11.4005,20.6435,-3.52646,31.0901,104.304,10.5733,-1.04515,92.9039,0.382316,-8.82354,83.6609,-7.31244,-27.1357,89.3775,-13.9737,-41.1194,114.751,-5.06234,17.0628,
11.4005,20.6435,-3.52646,31.0901,104.304,10.5733,-1.04515,92.9039,0.382316,-8.82354,83.6609,-7.31244,-27.1357,89.3775,-13.9737,-41.1194,114.751,-5.06234,17.0628,
9.63763,11.561,-1.34899,27.7249,101.274,11.3823,-3.87228,91.6365,0.72966,-5.1964,89.7131,-6.84247,-31.0079,90.2875,-13.8175,-41.1688,117.438,-6.59962,18.0344,
9.63763,11.561,-1.34899,27.7249,101.274,11.3823,-3.87228,91.6365,0.72966,-5.1964,89.7131,-6.84247,-31.0079,90.2875,-13.8175,-41.1688,117.438,-6.59962,18.0344,
10.5793,8.51537,-0.730374,26.1282,101.597,12.5467,-3.81913,91.0179,1.73538,-3.68816,93.0817,-6.75355,-32.2612,90.2875,-13.8175,-41.1688,119.21,-7.22364,15.3928,
10.5793,8.51537,-0.730374,26.1282,101.597,12.5467,-3.81913,91.0179,1.73538,-3.68816,93.0817,-6.75355,-32.2612,90.2875,-13.8175,-41.1688,119.21,-7.22364,15.3928,
23.5556,5.92302,15.8883,18.6009,101.823,12.8031,-3.8012,78.2676,2.32651,-8.94056,95.9002,-7.31232,-31.4197,94.1559,-12.4286,-39.8587,114.501,-6.86432,16.5922,
23.5556,5.92302,15.8883,18.6009,101.823,12.8031,-3.8012,78.2676,2.32651,-8.94056,95.9002,-7.31232,-31.4197,94.1559,-12.4286,-39.8587,114.501,-6.86432,16.5922,
26.3595,5.34656,19.1563,17.3658,102.482,12.8327,-3.63829,76.1224,1.96972,-10.7235,97.1353,-7.07484,-32.2937,95.2787,-11.9604,-39.4128,114.501,-6.86432,16.5922,
26.3595,5.34656,19.1563,17.3658,102.482,12.8327,-3.63829,76.1224,1.96972,-10.7235,97.1353,-7.07484,-32.2937,95.2787,-11.9604,-39.4128,114.501,-6.86432,16.5922,
26.618,4.51074,20.3949,16.2716,102.74,12.8178,-3.1642,76.1224,1.96972,-10.7235,98.2296,-6.89123,-32.6846,96.5173,-11.4721,-38.9573,114.501,-6.86432,16.5922,
26.618,4.51074,20.3949,16.2716,102.74,12.8178,-3.1642,76.1224,1.96972,-10.7235,98.2296,-6.89123,-32.6846,96.5173,-11.4721,-38.9573,114.501,-6.86432,16.5922,
26.7255,3.72905,20.3949,15.3824,102.848,12.7746,-2.45974,76.1224,1.96972,-10.7235,99.1188,-6.64268,-33.4355,96.5173,-11.4721,-38.9573,114.501,-6.86432,16.5922,
26.7255,3.72905,20.3949,15.3824,102.848,12.7746,-2.45974,76.1224,1.96972,-10.7235,99.1188,-6.64268,-33.4355,96.5173,-11.4721,-38.9573,114.501,-6.86432,16.5922,
29.4346,1.43749,28.9095,-5.77308,102.01,12.3136,0.647189,72.5756,0.892974,-14.4192,100.573,-6.42504,-34.7474,101.485,-9.26791,-38.9757,94.7996,-2.38553,13.3527,
29.4346,1.43749,28.9095,-5.77308,102.01,12.3136,0.647189,72.5756,0.892974,-14.4192,100.573,-6.42504,-34.7474,101.485,-9.26791,-38.9757,94.7996,-2.38553,13.3527,
29.7653,-1.19654,31.4217,-12.5273,101.016,11.7016,-0.156622,71.2502,0.184103,-16.4705,102.212,-6.12113,-36.4072,102.672,-8.78224,-39.0089,89.6847,-1.40855,14.0418,
29.7653,-1.19654,31.4217,-12.5273,101.016,11.7016,-0.156622,71.2502,0.184103,-16.4705,102.212,-6.12113,-36.4072,102.672,-8.78224,-39.0089,89.6847,-1.40855,14.0418,
29.505,-4.7986,33.4447,-25.697,99.9238,10.9711,-0.840209,70.4188,-0.642182,-18.3632,104.722,-5.48178,-38.7171,103.863,-8.25804,-39.0962,79.0254,1.51266,16.2131,
29.505,-4.7986,33.4447,-25.697,99.9238,10.9711,-0.840209,70.4188,-0.642182,-18.3632,104.722,-5.48178,-38.7171,103.863,-8.25804,-39.0962,79.0254,1.51266,16.2131,
28.666,-5.77098,33.2062,-42.9748,99.3233,10.3358,-1.31155,70.6573,-1.86845,-20.0338,105.094,-5.33986,-39.1117,103.863,-8.25804,-39.0962,62.1195,6.64912,14.891,
28.666,-5.77098,33.2062,-42.9748,99.3233,10.3358,-1.31155,70.6573,-1.86845,-20.0338,105.094,-5.33986,-39.1117,103.863,-8.25804,-39.0962,62.1195,6.64912,14.891,
26.3318,-5.10246,34.4814,-48.7658,100.326,10.8936,-0.770896,73.994,-2.54867,-19.6108,105.428,-5.17341,-39.5593,108.475,-6.26729,-39.4363,56.6625,7.925,13.3599,
26.3318,-5.10246,34.4814,-48.7658,100.326,10.8936,-0.770896,73.994,-2.54867,-19.6108,105.428,-5.17341,-39.5593,108.475,-6.26729,-39.4363,56.6625,7.925,13.3599,
26.7084,-4.72585,35.6883,-48.7658,100.702,10.6421,-0.0416145,73.994,-2.54867,-19.6108,105.428,-5.17341,-39.5593,109.682,-5.70726,-39.6034,56.6625,7.925,13.3599,
26.7084,-4.72585,35.6883,-48.7658,100.702,10.6421,-0.0416145,73.994,-2.54867,-19.6108,105.428,-5.17341,-39.5593,109.682,-5.70726,-39.6034,56.6625,7.925,13.3599,
25.8485,-4.8743,36.015,-58.5169,100.748,10.2276,0.536742,74.8993,-1.5873,-18.0852,105.622,-4.76518,-41.5618,110.914,-5.07172,-39.8622,47.1052,9.01685,9.90077,
25.8485,-4.8743,36.015,-58.5169,100.748,10.2276,0.536742,74.8993,-1.5873,-18.0852,105.622,-4.76518,-41.5618,110.914,-5.07172,-39.8622,47.1052,9.01685,9.90077,
24.9704,-0.768049,39.9342,-57.1403,100.464,9.8469,-0.142715,75.4933,-0.902487,-16.839,101.232,-5.0727,-42.498,115.428,-2.95165,-40.0276,44.0915,8.72954,7.31027,
24.9704,-0.768049,39.9342,-57.1403,100.464,9.8469,-0.142715,75.4933,-0.902487,-16.839,101.232,-5.0727,-42.498,115.428,-2.95165,-40.0276,44.0915,8.72954,7.31027,
24.6072,-0.159354,44.1317,-53.4532,99.8892,10.388,-0.907134,75.282,-0.688978,-16.0367,100.049,-4.7143,-43.6828,119.414,-0.982235,-40.6014,46.5954,8.70461,7.37887,
24.6072,-0.159354,44.1317,-53.4532,99.8892,10.388,-0.907134,75.282,-0.688978,-16.0367,100.049,-4.7143,-43.6828,119.414,-0.982235,-40.6014,46.5954,8.70461,7.37887,
29.1423,-0.125052,50.5666,-53.4532,99.9235,10.5757,-0.323495,70.7813,0.0888682,-16.633,100.049,-4.7143,-43.6828,121.348,0.274888,-41.4887,46.5954,8.70461,7.37887,
29.1423,-0.125052,50.5666,-53.4532,99.9235,10.5757,-0.323495,70.7813,0.0888682,-16.633,100.049,-4.7143,-43.6828,121.348,0.274888,-41.4887,46.5954,8.70461,7.37887,
30.9532,3.66356,52.318,-44.1707,99.9831,10.9921,0.73432,69.0299,-3.29716,-21.8064,96.3195,-3.42654,-46.6093,121.348,0.274888,-41.4887,52.1488,7.52159,7.26828,
30.9532,3.66356,52.318,-44.1707,99.9831,10.9921,0.73432,69.0299,-3.29716,-21.8064,96.3195,-3.42654,-46.6093,121.348,0.274888,-41.4887,52.1488,7.52159,7.26828,
30.528,4.77721,52.318,-42.6319,99.5579,11.4869,0.208767,69.0299,-3.29716,-21.8064,94.7807,-3.40569,-47.3363,121.348,0.274888,-41.4887,52.1488,7.52159,7.26828,
30.528,4.77721,52.318,-42.6319,99.5579,11.4869,0.208767,69.0299,-3.29716,-21.8064,94.7807,-3.40569,-47.3363,121.348,0.274888,-41.4887,52.1488,7.52159,7.26828,
29.9803,6.15955,55.8033,-38.8208,99.0102,11.765,-0.553295,69.0299,-3.29716,-21.8064,92.8506,-3.21838,-47.3453,124.833,3.1624,-43.3831,54.0298,7.25754,7.73301,
29.9803,6.15955,55.8033,-38.8208,99.0102,11.765,-0.553295,69.0299,-3.29716,-21.8064,92.8506,-3.21838,-47.3453,124.833,3.1624,-43.3831,54.0298,7.25754,7.73301,
19.5319,8.3007,45.7551,-33.9923,98.61,11.7974,-3.3002,79.0781,-3.43941,-23.158,90.3093,-1.82806,-48.4739,124.833,3.1624,-43.3831,56.317,8.83577,8.92926,
19.5319,8.3007,45.7551,-33.9923,98.61,11.7974,-3.3002,79.0781,-3.43941,-23.158,90.3093,-1.82806,-48.4739,124.833,3.1624,-43.3831,56.317,8.83577,8.92926,
21.3609,7.96892,53.0945,-32.9772,97.2631,11.3531,-1.51323,75.9022,-6.31841,-25.0763,89.2942,-1.91552,-51.9337,128.997,9.29944,-47.9147,56.317,8.83577,8.92926,
21.3609,7.96892,53.0945,-32.9772,97.2631,11.3531,-1.51323,75.9022,-6.31841,-25.0763,89.2942,-1.91552,-51.9337,128.997,9.29944,-47.9147,56.317,8.83577,8.92926,
18.1328,7.30045,52.1887,-29.9121,96.0274,11.6216,-3.94442,77.8946,-4.94632,-23.662,88.727,-2.52339,-51.844,130.083,12.0596,-50.3855,58.8148,9.61938,8.89939,
18.1328,7.30045,52.1887,-29.9121,96.0274,11.6216,-3.94442,77.8946,-4.94632,-23.662,88.727,-2.52339,-51.844,130.083,12.0596,-50.3855,58.8148,9.61938,8.89939,
9.50441,7.8701,48.639,-27.7894,95.9299,11.1347,-8.06282,86.4255,-0.672089,-20.4139,88.0598,-2.65204,-50.4299,135.064,16.5586,-53.8961,60.2704,10.4781,9.58847,
9.50441,7.8701,48.639,-27.7894,95.9299,11.1347,-8.06282,86.4255,-0.672089,-20.4139,88.0598,-2.65204,-50.4299,135.064,16.5586,-53.8961,60.2704,10.4781,9.58847,
8.99152,9.53962,47.2425,-26.1738,95.9839,10.6578,-7.93284,86.9923,-0.313499,-19.8579,86.4442,-2.32654,-48.0347,134.235,16.7946,-54.7805,60.2704,10.4781,9.58847,
8.99152,9.53962,47.2425,-26.1738,95.9839,10.6578,-7.93284,86.9923,-0.313499,-19.8579,86.4442,-2.32654,-48.0347,134.235,16.7946,-54.7805,60.2704,10.4781,9.58847,
8.99152,10.3573,47.2425,-25.3562,95.9839,10.6578,-7.93284,86.9923,-0.313499,-19.8579,85.6266,-3.10704,-47.3276,134.235,16.7946,-54.7805,60.2704,10.4781,9.58847,
8.99152,10.3573,47.2425,-25.3562,95.9839,10.6578,-7.93284,86.9923,-0.313499,-19.8579,85.6266,-3.10704,-47.3276,134.235,16.7946,-54.7805,60.2704,10.4781,9.58847,
6.74436,11.5296,42.3474,-23.8747,96.2796,11.2616,-7.02408,89.5352,0.810206,-18.7959,84.7499,-4.04016,-45.5111,131.883,15.7707,-55.1164,60.8752,10.7587,9.91862,
6.74436,11.5296,42.3474,-23.8747,96.2796,11.2616,-7.02408,89.5352,0.810206,-18.7959,84.7499,-4.04016,-45.5111,131.883,15.7707,-55.1164,60.8752,10.7587,9.91862,
5.2376,11.5247,36.3559,-21.1108,96.2746,11.5501,-6.89152,91.037,1.46432,-18.1047,84.7499,-4.04016,-45.5111,127.393,11.3316,-52.9818,63.6391,10.9213,11.246,
5.2376,11.5247,36.3559,-21.1108,96.2746,11.5501,-6.89152,91.037,1.46432,-18.1047,84.7499,-4.04016,-45.5111,127.393,11.3316,-52.9818,63.6391,10.9213,11.246,
4.76977,12.6569,33.4246,-18.9715,96.6084,11.5825,-6.95363,91.8386,2.10304,-17.9913,83.9515,-4.80773,-43.6986,125.263,9.59661,-51.9937,64.98,10.6628,11.5312,
4.76977,12.6569,33.4246,-18.9715,96.6084,11.5825,-6.95363,91.8386,2.10304,-17.9913,83.9515,-4.80773,-43.6986,125.263,9.59661,-51.9937,64.98,10.6628,11.5312,
4.76977,12.7543,33.4246,-17.2162,96.6084,11.5825,-6.95363,91.8386,2.10304,-17.9913,83.8541,-4.99333,-42.1078,125.263,9.59661,-51.9937,66.6379,10.3442,10.9705,
4.76977,12.7543,33.4246,-17.2162,96.6084,11.5825,-6.95363,91.8386,2.10304,-17.9913,83.8541,-4.99333,-42.1078,125.263,9.59661,-51.9937,66.6379,10.3442,10.9705,
4.76977,11.8311,28.1569,-16.1187,96.6084,11.5825,-6.95363,91.8386,2.10304,-17.9913,84.7773,-4.99116,-41.5713,119.996,7.42103,-51.9551,68.6586,8.97554,9.5726,
4.76977,11.8311,28.1569,-16.1187,96.6084,11.5825,-6.95363,91.8386,2.10304,-17.9913,84.7773,-4.99116,-41.5713,119.996,7.42103,-51.9551,68.6586,8.97554,9.5726,
3.26115,12.1487,26.3307,-15.3234,96.926,11.6826,-6.93543,93.6648,3.31567,-18.9073,84.7773,-4.99116,-41.5713,119.996,7.42103,-51.9551,69.4539,8.54755,9.14707,
3.26115,12.1487,26.3307,-15.3234,96.926,11.6826,-6.93543,93.6648,3.31567,-18.9073,84.7773,-4.99116,-41.5713,119.996,7.42103,-51.9551,69.4539,8.54755,9.14707,
3.78762,11.2942,20.0341,-15.323,97.6452,12.2555,-6.63913,93.8576,3.73425,-19.7337,86.351,-4.82016,-42.138,113.892,5.50027,-53.5911,71.028,7.75526,8.21144,
3.78762,11.2942,20.0341,-15.323,97.6452,12.2555,-6.63913,93.8576,3.73425,-19.7337,86.351,-4.82016,-42.138,113.892,5.50027,-53.5911,71.028,7.75526,8.21144,
4.60394,11.06,13.1501,-13.2895,98.4136,12.4117,-6.7492,93.8096,3.7988,-20.0737,87.3536,-3.25914,-44.3027,106.96,2.01393,-53.6986,74.0642,6.35339,6.91125,
4.60394,11.06,13.1501,-13.2895,98.4136,12.4117,-6.7492,93.8096,3.7988,-20.0737,87.3536,-3.25914,-44.3027,106.96,2.01393,-53.6986,74.0642,6.35339,6.91125,
4.80509,18.2224,5.01303,-5.31648,98.664,12.0946,-6.82277,93.8589,3.88494,-20.2383,80.4416,-3.64877,-40.7056,98.8719,-3.695,-46.4303,75.1251,5.87727,6.45548,
4.80509,18.2224,5.01303,-5.31648,98.664,12.0946,-6.82277,93.8589,3.88494,-20.2383,80.4416,-3.64877,-40.7056,98.8719,-3.695,-46.4303,75.1251,5.87727,6.45548,
4.56347,18.3306,4.97437,-5.31648,98.7722,11.9264,-7.21887,94.2087,3.962,-20.0901,80.4416,-3.64877,-40.7056,99.1831,-3.08654,-45.8855,75.1251,5.87727,6.45548,
4.56347,18.3306,4.97437,-5.31648,98.7722,11.9264,-7.21887,94.2087,3.962,-20.0901,80.4416,-3.64877,-40.7056,99.1831,-3.08654,-45.8855,75.1251,5.87727,6.45548,
4.52011,12.7835,5.91057,-8.82034,98.7289,11.4825,-7.30996,94.2087,3.962,-20.0901,85.9454,-0.880849,-42.0279,100.119,-3.84721,-46.9501,77.125,4.89035,5.25766,
4.52011,12.7835,5.91057,-8.82034,98.7289,11.4825,-7.30996,94.2087,3.962,-20.0901,85.9454,-0.880849,-42.0279,100.119,-3.84721,-46.9501,77.125,4.89035,5.25766,
4.43438,11.2961,5.91057,-7.63047,98.6431,11.4536,-7.24125,94.2087,3.962,-20.0901,87.347,-0.842908,-44.9705,100.119,-3.84721,-46.9501,79.7166,3.76291,4.63698,
4.43438,11.2961,5.91057,-7.63047,98.6431,11.4536,-7.24125,94.2087,3.962,-20.0901,87.347,-0.842908,-44.9705,100.119,-3.84721,-46.9501,79.7166,3.76291,4.63698,
4.43438,10.7216,5.91057,-8.20501,98.6431,11.4536,-7.24125,94.2087,3.962,-20.0901,87.9216,-1.16978,-45.4283,100.119,-3.84721,-46.9501,79.7166,3.76291,4.63698,
4.43438,10.7216,5.91057,-8.20501,98.6431,11.4536,-7.24125,94.2087,3.962,-20.0901,87.9216,-1.16978,-45.4283,100.119,-3.84721,-46.9501,79.7166,3.76291,4.63698,
