-3.79236,28.9406,-7.46933,16.0359,105.585,-3.65316,-128.294,109.378,2.51306,-57.6626,76.6447,-14.5792,-70.914,101.908,-8.88875,-95.9454,92.6806,-8.80276,-31.6518,
-3.79236,28.9406,-7.46933,16.0359,105.585,-3.65316,-128.294,109.378,2.51306,-57.6626,76.6447,-14.5792,-70.914,101.908,-8.88875,-95.9454,92.6806,-8.80276,-31.6518,
-4.94256,28.3337,-24.4079,15.5681,106.038,-3.59442,-131.351,110.981,2.58209,-59.0055,77.7044,-14.5735,-72.9181,86.5729,-13.9876,-105.933,93.2726,-9.01839,-32.4985,
-4.94256,28.3337,-24.4079,15.5681,106.038,-3.59442,-131.351,110.981,2.58209,-59.0055,77.7044,-14.5735,-72.9181,86.5729,-13.9876,-105.933,93.2726,-9.01839,-32.4985,
-5.19519,26.1152,-35.1553,13.8289,106.238,-3.72013,-136.209,111.433,2.7516,-59.8825,80.123,-15.4046,-78.0091,76.2781,-18.757,-107.516,93.9519,-9.27644,-33.2176,
-5.19519,26.1152,-35.1553,13.8289,106.238,-3.72013,-136.209,111.433,2.7516,-59.8825,80.123,-15.4046,-78.0091,76.2781,-18.757,-107.516,93.9519,-9.27644,-33.2176,
-4.84135,25.1818,-40.2865,12.3358,106.798,-4.01691,-139.579,111.639,2.90613,-60.7461,81.6161,-16.0239,-82.5287,71.3528,-20.6599,-106.652,93.9519,-9.27644,-33.2176,
-4.84135,25.1818,-40.2865,12.3358,106.798,-4.01691,-139.579,111.639,2.90613,-60.7461,81.6161,-16.0239,-82.5287,71.3528,-20.6599,-106.652,93.9519,-9.27644,-33.2176,
-3.62667,32.9728,-40.2865,22.0661,108.013,-4.06614,-144.563,111.639,2.90613,-60.7461,75.0398,-18.6462,-80.1192,71.3528,-20.6599,-106.652,97.1059,-10.5534,-35.4757,
-3.62667,32.9728,-40.2865,22.0661,108.013,-4.06614,-144.563,111.639,2.90613,-60.7461,75.0398,-18.6462,-80.1192,71.3528,-20.6599,-106.652,97.1059,-10.5534,-35.4757,
-3.02243,33.7657,-47.1187,23.0721,108.806,-4.01895,-149.235,111.828,3.42442,-62.2911,75.0398,-18.6462,-80.1192,64.7092,-22.5431,-109.345,98.1119,-11.0212,-36.231,
-3.02243,33.7657,-47.1187,23.0721,108.806,-4.01895,-149.235,111.828,3.42442,-62.2911,75.0398,-18.6462,-80.1192,64.7092,-22.5431,-109.345,98.1119,-11.0212,-36.231,
-2.67019,37.1737,-40.2732,27.0671,109.278,-4.08806,-150.512,111.948,4.06724,-63.5154,72.104,-16.4085,-75.0667,71.6746,-19.6417,-113.001,99.1711,-11.5616,-36.9642,
-2.67019,37.1737,-40.2732,27.0671,109.278,-4.08806,-150.512,111.948,4.06724,-63.5154,72.104,-16.4085,-75.0667,71.6746,-19.6417,-113.001,99.1711,-11.5616,-36.9642,
-1.30867,25.8351,-36.2926,15.0206,109.986,-4.372,-151.654,111.294,4.14097,-64.1246,84.1505,-14.7759,-85.8221,75.0016,-19.5788,-117.076,99.1711,-11.5616,-36.9642,
-1.30867,25.8351,-36.2926,15.0206,109.986,-4.372,-151.654,111.294,4.14097,-64.1246,84.1505,-14.7759,-85.8221,75.0016,-19.5788,-117.076,99.1711,-11.5616,-36.9642,
2.59631,22.9618,-32.0301,18.4023,109.628,-5.11959,-151.862,107.032,4.07047,-66.7953,86.6662,-13.7345,-87.1613,75.0016,-19.5788,-117.076,105.069,-15.8508,-37.355,
2.59631,22.9618,-32.0301,18.4023,109.628,-5.11959,-151.862,107.032,4.07047,-66.7953,86.6662,-13.7345,-87.1613,75.0016,-19.5788,-117.076,105.069,-15.8508,-37.355,
8.09226,23.6073,-19.2642,20.2523,110.274,-4.87058,-154.713,102.181,4.03131,-72.9433,86.6662,-13.7345,-87.1613,82.9171,-20.0366,-129.438,106.918,-17.8394,-36.5904,
8.09226,23.6073,-19.2642,20.2523,110.274,-4.87058,-154.713,102.181,4.03131,-72.9433,86.6662,-13.7345,-87.1613,82.9171,-20.0366,-129.438,106.918,-17.8394,-36.5904,
9.83754,23.1027,-14.2627,22.8051,108.953,-4.76846,-156.889,99.1157,3.69486,-74.7572,85.8505,-15.4696,-87.0248,84.853,-18.1422,-129.972,108.656,-20.3407,-35.2009,
9.83754,23.1027,-14.2627,22.8051,108.953,-4.76846,-156.889,99.1157,3.69486,-74.7572,85.8505,-15.4696,-87.0248,84.853,-18.1422,-129.972,108.656,-20.3407,-35.2009,
11.5131,15.5633,-12.1844,22.4625,108.55,-5.3866,-156.373,97.0374,3.21129,-74.1775,92.9871,-15.1725,-92.4736,84.853,-18.1422,-129.972,115.45,-24.9925,-35.5695,
11.5131,15.5633,-12.1844,22.4625,108.55,-5.3866,-156.373,97.0374,3.21129,-74.1775,92.9871,-15.1725,-92.4736,84.853,-18.1422,-129.972,115.45,-24.9925,-35.5695,
11.5131,15.5633,-12.1844,22.4625,108.55,-5.3866,-156.373,97.0374,3.21129,-74.1775,92.9871,-15.1725,-92.4736,84.853,-18.1422,-129.972,115.45,-24.9925,-35.5695,
11.5131,15.5633,-12.1844,22.4625,108.55,-5.3866,-156.373,97.0374,3.21129,-74.1775,92.9871,-15.1725,-92.4736,84.853,-18.1422,-129.972,115.45,-24.9925,-35.5695,
19.6851,12.7548,-4.41615,29.6599,111.322,-5.09782,-156.792,91.6367,6.55624,-69.8484,98.567,-14.6417,-97.9685,87.2205,-18.1147,-132.13,128.227,-23.4557,-50.4079,
19.6851,12.7548,-4.41615,29.6599,111.322,-5.09782,-156.792,91.6367,6.55624,-69.8484,98.567,-14.6417,-97.9685,87.2205,-18.1147,-132.13,128.227,-23.4557,-50.4079,
27.8302,13.8732,2.1253,28.6762,113.424,-4.45285,-159.039,85.5937,7.95272,-76.4254,99.5508,-15.0207,-97.6872,87.719,-17.8405,-132.639,128.227,-23.4557,-50.4079,
27.8302,13.8732,2.1253,28.6762,113.424,-4.45285,-159.039,85.5937,7.95272,-76.4254,99.5508,-15.0207,-97.6872,87.719,-17.8405,-132.639,128.227,-23.4557,-50.4079,
26.7986,12.6671,2.81006,28.5018,112.392,-4.68471,-160.363,85.5937,7.95272,-76.4254,99.7252,-14.263,-98.5107,88.4038,-17.3937,-133.112,128.227,-23.4557,-50.4079,
26.7986,12.6671,2.81006,28.5018,112.392,-4.68471,-160.363,85.5937,7.95272,-76.4254,99.7252,-14.263,-98.5107,88.4038,-17.3937,-133.112,128.227,-23.4557,-50.4079,
24.9086,10.1387,2.81006,22.9745,110.502,-5.22289,-159.895,85.5937,7.95272,-76.4254,100.364,-13.5706,-99.8541,88.4038,-17.3937,-133.112,123.338,-17.0554,-62.5809,
24.9086,10.1387,2.81006,22.9745,110.502,-5.22289,-159.895,85.5937,7.95272,-76.4254,100.364,-13.5706,-99.8541,88.4038,-17.3937,-133.112,123.338,-17.0554,-62.5809,
37.7793,11.0159,17.5517,14.6422,111.38,-6.02063,-161.783,73.6002,7.03173,-94.4894,100.364,-13.5706,-99.8541,91.152,-14.7635,-131.373,115.006,-16.2115,-64.1216,
37.7793,11.0159,17.5517,14.6422,111.38,-6.02063,-161.783,73.6002,7.03173,-94.4894,100.364,-13.5706,-99.8541,91.152,-14.7635,-131.373,115.006,-16.2115,-64.1216,
37.539,7.89884,18.3849,11.7655,111.139,-6.40936,-162.738,73.6002,7.03173,-94.4894,103.24,-12.9999,-105.13,91.9852,-14.0755,-130.619,115.006,-16.2115,-64.1216,
37.539,7.89884,18.3849,11.7655,111.139,-6.40936,-162.738,73.6002,7.03173,-94.4894,103.24,-12.9999,-105.13,91.9852,-14.0755,-130.619,115.006,-16.2115,-64.1216,
38.3425,5.14372,20.903,-0.652685,110.42,-6.89142,-164.244,72.0776,6.09522,-97.3825,105.276,-12.9992,-107.724,92.9807,-13.3853,-130.079,104.624,-15.3527,-62.7107,
38.3425,5.14372,20.903,-0.652685,110.42,-6.89142,-164.244,72.0776,6.09522,-97.3825,105.276,-12.9992,-107.724,92.9807,-13.3853,-130.079,104.624,-15.3527,-62.7107,
37.9081,4.23394,22.4462,-18.92,110.565,-7.2254,-165.81,72.6566,2.4447,-103.251,106.331,-12.5296,-108.791,95.1028,-11.7672,-129.493,87.4107,-9.97348,-61.4018,
37.9081,4.23394,22.4462,-18.92,110.565,-7.2254,-165.81,72.6566,2.4447,-103.251,106.331,-12.5296,-108.791,95.1028,-11.7672,-129.493,87.4107,-9.97348,-61.4018,
36.6181,4.24602,24.1139,-24.7568,110.577,-7.55352,-166.019,73.9587,2.11575,-102.784,106.331,-12.5296,-108.791,98.0726,-9.86358,-129.476,81.5739,-7.22028,-61.7281,
36.6181,4.24602,24.1139,-24.7568,110.577,-7.55352,-166.019,73.9587,2.11575,-102.784,106.331,-12.5296,-108.791,98.0726,-9.86358,-129.476,81.5739,-7.22028,-61.7281,
34.8806,0.117443,23.772,-28.328,110.019,-7.9513,-166.241,75.1388,2.15034,-101.679,109.902,-10.1813,-109.758,98.9108,-9.28499,-129.547,81.5739,-7.22028,-61.7281,
34.8806,0.117443,23.772,-28.328,110.019,-7.9513,-166.241,75.1388,2.15034,-101.679,109.902,-10.1813,-109.758,98.9108,-9.28499,-129.547,81.5739,-7.22028,-61.7281,
34.1249,-1.31242,23.772,-39.9978,109.264,-7.92588,-166.266,75.1388,2.15034,-101.679,110.576,-9.62329,-109.556,98.9108,-9.28499,-129.547,70.5783,-1.47987,-65.1655,
34.1249,-1.31242,23.772,-39.9978,109.264,-7.92588,-166.266,75.1388,2.15034,-101.679,110.576,-9.62329,-109.556,98.9108,-9.28499,-129.547,70.5783,-1.47987,-65.1655,
35.3431,-1.69132,27.1954,-52.5711,108.885,-7.73055,-166.083,73.5417,5.41207,-98.6192,110.576,-9.62329,-109.556,100.737,-8.26404,-129.909,58.0051,3.14584,-70.4574,
35.3431,-1.69132,27.1954,-52.5711,108.885,-7.73055,-166.083,73.5417,5.41207,-98.6192,110.576,-9.62329,-109.556,100.737,-8.26404,-129.909,58.0051,3.14584,-70.4574,
38.2333,-2.06513,32.8221,-52.5711,108.511,-7.55913,-165.676,70.2777,7.11294,-100.969,110.576,-9.62329,-109.556,103.1,-6.82915,-130.026,58.0051,3.14584,-70.4574,
38.2333,-2.06513,32.8221,-52.5711,108.511,-7.55913,-165.676,70.2777,7.11294,-100.969,110.576,-9.62329,-109.556,103.1,-6.82915,-130.026,58.0051,3.14584,-70.4574,
39.476,-2.97035,37.3168,-55.0831,108.177,-7.08336,-164.925,68.7009,7.52857,-102.426,111.147,-9.13474,-111.054,106.018,-4.80787,-129.496,56.0642,3.48821,-71.3219,
39.476,-2.97035,37.3168,-55.0831,108.177,-7.08336,-164.925,68.7009,7.52857,-102.426,111.147,-9.13474,-111.054,106.018,-4.80787,-129.496,56.0642,3.48821,-71.3219,
39.9359,-1.77158,37.3168,-47.562,108.637,-6.26586,-164.529,68.7009,7.52857,-102.426,110.408,-8.99972,-111.471,106.018,-4.80787,-129.496,62.8464,6.03359,-65.0955,
39.9359,-1.77158,37.3168,-47.562,108.637,-6.26586,-164.529,68.7009,7.52857,-102.426,110.408,-8.99972,-111.471,106.018,-4.80787,-129.496,62.8464,6.03359,-65.0955,
25.9666,0.0948553,29.8329,-44.4029,108.732,-5.84179,-164.54,82.7653,8.31377,-100.032,108.637,-9.12465,-111.604,112.598,-0.720164,-129.877,64.2342,5.41064,-64.2696,
25.9666,0.0948553,29.8329,-44.4029,108.732,-5.84179,-164.54,82.7653,8.31377,-100.032,108.637,-9.12465,-111.604,112.598,-0.720164,-129.877,64.2342,5.41064,-64.2696,
25.0551,9.87906,34.5649,-31.5972,107.56,-5.92401,-162.172,82.5047,7.67906,-102.399,97.6807,-9.19952,-107.984,117.07,3.86726,-132.368,66.0835,5.20278,-63.1808,
25.0551,9.87906,34.5649,-31.5972,107.56,-5.92401,-162.172,82.5047,7.67906,-102.399,97.6807,-9.19952,-107.984,117.07,3.86726,-132.368,66.0835,5.20278,-63.1808,
24.5387,12.4047,36.8444,-28.2879,106.776,-5.77786,-161.313,82.2375,7.04331,-101.665,94.3714,-8.7627,-107.204,119.082,7.36534,-135.11,66.0835,5.20278,-63.1808,
24.5387,12.4047,36.8444,-28.2879,106.776,-5.77786,-161.313,82.2375,7.04331,-101.665,94.3714,-8.7627,-107.204,119.082,7.36534,-135.11,66.0835,5.20278,-63.1808,
24.9182,14.7393,36.8444,-22.4776,107.156,-5.48897,-161.475,82.2375,7.04331,-101.665,92.4164,-8.50992,-108.181,119.082,7.36534,-135.11,69.9388,6.19929,-62.1368,
24.9182,14.7393,36.8444,-22.4776,107.156,-5.48897,-161.475,82.2375,7.04331,-101.665,92.4164,-8.50992,-108.181,119.082,7.36534,-135.11,69.9388,6.19929,-62.1368,
17.8579,17.2288,38.9853,-18.2315,108.234,-5.11449,-162.361,90.3763,10.3033,-97.8014,91.0054,-9.07229,-110.777,129.362,15.1009,-137.293,72.7739,5.52295,-62.4927,
17.8579,17.2288,38.9853,-18.2315,108.234,-5.11449,-162.361,90.3763,10.3033,-97.8014,91.0054,-9.07229,-110.777,129.362,15.1009,-137.293,72.7739,5.52295,-62.4927,
15.4075,23.7863,39,-10.3112,107.391,-5.43807,-163.139,91.983,11.4809,-96.7001,83.6042,-11.8842,-108.907,130.983,15.5525,-134.836,73.293,5.61249,-62.2153,
15.4075,23.7863,39,-10.3112,107.391,-5.43807,-163.139,91.983,11.4809,-96.7001,83.6042,-11.8842,-108.907,130.983,15.5525,-134.836,73.293,5.61249,-62.2153,
15.3542,31.1002,38.5773,-3.48741,107.881,-5.10542,-163.307,92.5265,12.5045,-95.9128,76.7804,-12.6837,-103.977,131.104,14.9458,-134.15,73.293,5.61249,-62.2153,
15.3542,31.1002,38.5773,-3.48741,107.881,-5.10542,-163.307,92.5265,12.5045,-95.9128,76.7804,-12.6837,-103.977,131.104,14.9458,-134.15,73.293,5.61249,-62.2153,
12.6761,33.0426,36.4836,0.0156962,107.296,-4.44191,-163.227,94.6202,12.6551,-94.7138,74.2537,-13.0921,-102.386,131.104,14.9458,-134.15,74.2694,5.87371,-61.7942,
12.6761,33.0426,36.4836,0.0156962,107.296,-4.44191,-163.227,94.6202,12.6551,-94.7138,74.2537,-13.0921,-102.386,131.104,14.9458,-134.15,74.2694,5.87371,-61.7942,
9.70739,32.3299,25.5456,2.00507,106.584,-4.04386,-163.284,96.8762,11.6505,-93.884,74.2537,-13.0921,-102.386,122.422,8.94047,-130.752,76.2588,5.63766,-61.2334,
9.70739,32.3299,25.5456,2.00507,106.584,-4.04386,-163.284,96.8762,11.6505,-93.884,74.2537,-13.0921,-102.386,122.422,8.94047,-130.752,76.2588,5.63766,-61.2334,
8.45099,34.7181,21.6555,6.52684,105.327,-3.92934,-163.261,96.8762,11.6505,-93.884,70.609,-14.021,-99.3627,118.532,6.85378,-129.749,77.1359,5.20749,-61.4029,
8.45099,34.7181,21.6555,6.52684,105.327,-3.92934,-163.261,96.8762,11.6505,-93.884,70.609,-14.021,-99.3627,118.532,6.85378,-129.749,77.1359,5.20749,-61.4029,
7.39122,37.4006,16.2849,11.2829,105.151,-3.87775,-163.216,97.7601,11.511,-93.1624,67.7507,-13.4916,-93.9976,114.045,4.73318,-129.025,79.0336,4.47841,-62.3748,
7.39122,37.4006,16.2849,11.2829,105.151,-3.87775,-163.216,97.7601,11.511,-93.1624,67.7507,-13.4916,-93.9976,114.045,4.73318,-129.025,79.0336,4.47841,-62.3748,
3.29979,37.3361,1.6945,13.3398,105.179,-3.36888,-162.577,101.879,11.7454,-90.9713,67.8425,-12.6658,-92.488,103.573,0.570423,-128.616,81.1823,3.37936,-64.0429,
3.29979,37.3361,1.6945,13.3398,105.179,-3.36888,-162.577,101.879,11.7454,-90.9713,67.8425,-12.6658,-92.488,103.573,0.570423,-128.616,81.1823,3.37936,-64.0429,
1.7851,37.283,-11.2327,15.5711,105.125,-2.95359,-161.84,103.34,11.7098,-89.9815,67.8425,-12.6658,-92.488,92.1077,-4.18251,-130.215,83.4136,2.40544,-65.7793,
1.7851,37.283,-11.2327,15.5711,105.125,-2.95359,-161.84,103.34,11.7098,-89.9815,67.8425,-12.6658,-92.488,92.1077,-4.18251,-130.215,83.4136,2.40544,-65.7793,
-0.413726,31.2193,-24.2343,9.97865,104.654,-2.75021,-161.189,105.068,11.6683,-89.0663,73.435,-9.69776,-91.7743,80.8337,-10.6289,-129.636,83.4136,2.40544,-65.7793,
-0.413726,31.2193,-24.2343,9.97865,104.654,-2.75021,-161.189,105.068,11.6683,-89.0663,73.435,-9.69776,-91.7743,80.8337,-10.6289,-129.636,83.4136,2.40544,-65.7793,
-0.572486,29.9511,-24.2343,11.4346,104.496,-2.56068,-160.901,105.068,11.6683,-89.0663,74.5444,-9.66239,-91.9706,80.8337,-10.6289,-129.636,85.979,1.68502,-67.6976,
-0.572486,29.9511,-24.2343,11.4346,104.496,-2.56068,-160.901,105.068,11.6683,-89.0663,74.5444,-9.66239,-91.9706,80.8337,-10.6289,-129.636,85.979,1.68502,-67.6976,
-2.12706,30.1108,-41.3154,15.9112,104.588,-2.47102,-161.033,106.715,11.417,-90.9744,74.4769,-9.6911,-92.0007,65.3993,-17.3662,-115.246,90.3881,0.581364,-68.4627,
-2.12706,30.1108,-41.3154,15.9112,104.588,-2.47102,-161.033,106.715,11.417,-90.9744,74.4769,-9.6911,-92.0007,65.3993,-17.3662,-115.246,90.3881,0.581364,-68.4627,
-2.02535,30.2125,-44.5421,15.9112,104.689,-2.47298,-161.069,106.715,11.417,-90.9744,74.4769,-9.6911,-92.0007,62.1726,-18.091,-113.275,90.3881,0.581364,-68.4627,
-2.02535,30.2125,-44.5421,15.9112,104.689,-2.47298,-161.069,106.715,11.417,-90.9744,74.4769,-9.6911,-92.0007,62.1726,-18.091,-113.275,90.3881,0.581364,-68.4627,
-1.77388,35.8655,-40.7143,23.1148,105.179,-2.642,-160.719,106.953,11.3262,-90.5162,69.3137,-12.1662,-87.6334,66.2388,-18.3723,-114.892,92.4285,-0.0244833,-68.4086,
-1.77388,35.8655,-40.7143,23.1148,105.179,-2.642,-160.719,106.953,11.3262,-90.5162,69.3137,-12.1662,-87.6334,66.2388,-18.3723,-114.892,92.4285,-0.0244833,-68.4086,
-1.82278,32.0707,-40.9346,23.7624,105.351,-2.75567,-160.217,107.173,11.2524,-90.0177,73.28,-12.7562,-90.4686,66.2388,-18.3723,-114.892,97.0424,-1.39025,-68.4597,
-1.82278,32.0707,-40.9346,23.7624,105.351,-2.75567,-160.217,107.173,11.2524,-90.0177,73.28,-12.7562,-90.4686,66.2388,-18.3723,-114.892,97.0424,-1.39025,-68.4597,
4.6859,26.3374,-28.7359,23.3781,105.317,-2.74178,-159.395,100.631,10.0596,-95.5617,78.9791,-13.4477,-95.0613,71.8948,-21.6696,-123.07,102.357,-3.05131,-67.5901,
4.6859,26.3374,-28.7359,23.3781,105.317,-2.74178,-159.395,100.631,10.0596,-95.5617,78.9791,-13.4477,-95.0613,71.8948,-21.6696,-123.07,102.357,-3.05131,-67.5901,
8.07076,26.617,-22.1272,28.594,105.596,-2.16802,-160.226,97.5253,9.3322,-98.1401,78.9791,-13.4477,-95.0613,75.3981,-18.2467,-123.064,107.573,-6.35441,-64.0712,
8.07076,26.617,-22.1272,28.594,105.596,-2.16802,-160.226,97.5253,9.3322,-98.1401,78.9791,-13.4477,-95.0613,75.3981,-18.2467,-123.064,107.573,-6.35441,-64.0712,
10.0988,22.6827,-14.3032,25.391,104.865,-1.75818,-162.546,94.766,8.22539,-98.3245,82.1822,-11.0848,-89.8155,80.4628,-17.1962,-124.239,107.573,-6.35441,-64.0712,
10.0988,22.6827,-14.3032,25.391,104.865,-1.75818,-162.546,94.766,8.22539,-98.3245,82.1822,-11.0848,-89.8155,80.4628,-17.1962,-124.239,107.573,-6.35441,-64.0712,
10.6102,20.725,-14.3032,22.9219,105.376,-1.63191,-163.294,94.766,8.22539,-98.3245,84.6513,-11.4092,-91.8578,80.4628,-17.1962,-124.239,107.573,-6.35441,-64.0712,
10.6102,20.725,-14.3032,22.9219,105.376,-1.63191,-163.294,94.766,8.22539,-98.3245,84.6513,-11.4092,-91.8578,80.4628,-17.1962,-124.239,107.573,-6.35441,-64.0712,
15.508,17.949,-7.09505,33.1008,106.244,-1.43483,-163.796,90.7358,6.99598,-89.9238,88.2948,-11.7326,-94.071,83.6408,-16.0952,-123.119,121.396,-16.4595,-57.2736,
15.508,17.949,-7.09505,33.1008,106.244,-1.43483,-163.796,90.7358,6.99598,-89.9238,88.2948,-11.7326,-94.071,83.6408,-16.0952,-123.119,121.396,-16.4595,-57.2736,
23.9741,11.6694,4.6006,29.4126,106.033,-0.862659,-164.491,82.0594,9.391,-90.5331,94.364,-12.691,-98.4165,86.66,-14.0747,-121.402,123.777,-16.8166,-59.9365,
23.9741,11.6694,4.6006,29.4126,106.033,-0.862659,-164.491,82.0594,9.391,-90.5331,94.364,-12.691,-98.4165,86.66,-14.0747,-121.402,123.777,-16.8166,-59.9365,
26.7881,10.3333,8.91628,28.7888,105.321,-0.74962,-163.952,78.533,9.29793,-93.4288,94.9878,-13.2088,-98.4335,87.4493,-13.6956,-120.756,123.777,-16.8166,-59.9365,
26.7881,10.3333,8.91628,28.7888,105.321,-0.74962,-163.952,78.533,9.29793,-93.4288,94.9878,-13.2088,-98.4335,87.4493,-13.6956,-120.756,123.777,-16.8166,-59.9365,
26.837,8.04478,8.91628,17.6579,105.37,-1.13469,-163.039,78.533,9.29793,-93.4288,97.3252,-11.9519,-100.006,87.4493,-13.6956,-120.756,114.983,-14.1474,-72.0525,
26.837,8.04478,8.91628,17.6579,105.37,-1.13469,-163.039,78.533,9.29793,-93.4288,97.3252,-11.9519,-100.006,87.4493,-13.6956,-120.756,114.983,-14.1474,-72.0525,
37.5056,8.47935,22.9513,13.8005,105.805,-1.53879,-161.325,68.2989,8.72313,-100.748,97.3252,-11.9519,-100.006,91.2503,-11.9591,-118.416,111.126,-13.1192,-72.7085,
37.5056,8.47935,22.9513,13.8005,105.805,-1.53879,-161.325,68.2989,8.72313,-100.748,97.3252,-11.9519,-100.006,91.2503,-11.9591,-118.416,111.126,-13.1192,-72.7085,
38.543,5.90949,26.0003,7.51937,105.001,-2.11527,-162.171,66.4582,8.24552,-102.862,99.0918,-11.8722,-101.52,92.4586,-11.2769,-117.865,106.611,-12.0343,-72.9938,
38.543,5.90949,26.0003,7.51937,105.001,-2.11527,-162.171,66.4582,8.24552,-102.862,99.0918,-11.8722,-101.52,92.4586,-11.2769,-117.865,106.611,-12.0343,-72.9938,
39.9921,3.91419,28.7179,5.52408,105.001,-2.11527,-162.171,65.0091,7.30165,-105.222,101.087,-11.6114,-103.476,93.727,-10.719,-117.494,106.611,-12.0343,-72.9938,
39.9921,3.91419,28.7179,5.52408,105.001,-2.11527,-162.171,65.0091,7.30165,-105.222,101.087,-11.6114,-103.476,93.727,-10.719,-117.494,106.611,-12.0343,-72.9938,
41.7659,1.51316,30.1425,-19.3474,105.35,-2.935,-163.951,63.5845,4.81271,-105.177,103.837,-11.0872,-105.629,93.727,-10.719,-117.494,84.4898,-5.23381,-80.4926,
41.7659,1.51316,30.1425,-19.3474,105.35,-2.935,-163.951,63.5845,4.81271,-105.177,103.837,-11.0872,-105.629,93.727,-10.719,-117.494,84.4898,-5.23381,-80.4926,
40.1748,2.91849,31.8976,-25.3945,106.756,-2.78004,-163.83,66.5809,2.8577,-106.34,103.837,-11.0872,-105.629,98.4785,-8.42874,-116.982,78.4427,-2.30195,-79.7998,
40.1748,2.91849,31.8976,-25.3945,106.756,-2.78004,-163.83,66.5809,2.8577,-106.34,103.837,-11.0872,-105.629,98.4785,-8.42874,-116.982,78.4427,-2.30195,-79.7998,
36.5278,0.1476,28.5203,-34.8978,107.549,-2.66797,-163.066,71.021,3.77573,-103.457,107.401,-9.97867,-105.337,99.5413,-8.03434,-117.087,72.5033,0.99942,-80.0053,
36.5278,0.1476,28.5203,-34.8978,107.549,-2.66797,-163.066,71.021,3.77573,-103.457,107.401,-9.97867,-105.337,99.5413,-8.03434,-117.087,72.5033,0.99942,-80.0053,
36.5356,-1.07721,29.5649,-36.1304,107.557,-2.84678,-163.517,71.021,3.77573,-103.457,108.634,-9.38296,-105.975,100.586,-7.62832,-117.328,72.5033,0.99942,-80.0053,
36.5356,-1.07721,29.5649,-36.1304,107.557,-2.84678,-163.517,71.021,3.77573,-103.457,108.634,-9.38296,-105.975,100.586,-7.62832,-117.328,72.5033,0.99942,-80.0053,
35.8343,-0.530739,30.4774,-57.3091,108.32,-2.53121,-164.967,72.4853,7.27613,-101.152,108.85,-9.33108,-106.289,102.963,-6.37405,-117.916,51.5412,9.00164,-93.799,
35.8343,-0.530739,30.4774,-57.3091,108.32,-2.53121,-164.967,72.4853,7.27613,-101.152,108.85,-9.33108,-106.289,102.963,-6.37405,-117.916,51.5412,9.00164,-93.799,
38.8184,-0.263359,36.0257,-59.9103,108.587,-2.39941,-164.689,69.7685,8.38493,-103.537,108.85,-9.33108,-106.289,105.794,-4.87605,-117.917,48.94,8.85401,-96.1824,
38.8184,-0.263359,36.0257,-59.9103,108.587,-2.39941,-164.689,69.7685,8.38493,-103.537,108.85,-9.33108,-106.289,105.794,-4.87605,-117.917,48.94,8.85401,-96.1824,
39.223,-0.246611,37.9917,-58.8089,109.067,-1.74427,-163.458,69.8438,8.90109,-107.04,109.313,-9.21476,-108.463,107.836,-3.89972,-117.914,50.5046,7.23616,-97.4485,
39.223,-0.246611,37.9917,-58.8089,109.067,-1.74427,-163.458,69.8438,8.90109,-107.04,109.313,-9.21476,-108.463,107.836,-3.89972,-117.914,50.5046,7.23616,-97.4485,
39.0334,2.59109,40.1708,-52.2663,108.877,-1.05809,-163.7,69.8438,8.90109,-107.04,106.286,-9.04602,-109.94,110.015,-2.76704,-117.941,54.0198,11.4447,-95.4271,
39.0334,2.59109,40.1708,-52.2663,108.877,-1.05809,-163.7,69.8438,8.90109,-107.04,106.286,-9.04602,-109.94,110.015,-2.76704,-117.941,54.0198,11.4447,-95.4271,
28.0161,6.35183,33.8352,-44.1985,108.871,-0.564235,-165.504,80.8548,10.2178,-100.436,102.519,-9.01511,-108.238,114.69,0.639266,-119.515,58.3206,8.44818,-94.6102,
28.0161,6.35183,33.8352,-44.1985,108.871,-0.564235,-165.504,80.8548,10.2178,-100.436,102.519,-9.01511,-108.238,114.69,0.639266,-119.515,58.3206,8.44818,-94.6102,
25.9995,6.81376,35.3299,-39.183,109.333,-0.945699,-163.299,83.3334,9.55589,-105.484,102.519,-9.01511,-108.238,118.663,7.05072,-124.606,63.3361,9.14342,-92.3189,
25.9995,6.81376,35.3299,-39.183,109.333,-0.945699,-163.299,83.3334,9.55589,-105.484,102.519,-9.01511,-108.238,118.663,7.05072,-124.606,63.3361,9.14342,-92.3189,
25.3827,14.4582,43.806,-30.1966,107.991,-1.47896,-160.851,82.6082,9.95962,-103.973,93.5327,-7.8832,-109.712,126.414,12.6573,-126.814,63.3361,9.14342,-92.3189,
25.3827,14.4582,43.806,-30.1966,107.991,-1.47896,-160.851,82.6082,9.95962,-103.973,93.5327,-7.8832,-109.712,126.414,12.6573,-126.814,63.3361,9.14342,-92.3189,
27.3662,21.4627,43.806,-25.1756,109.974,-0.76153,-162.586,82.6082,9.95962,-103.973,88.5117,-9.02489,-118.013,126.414,12.6573,-126.814,63.3361,9.14342,-92.3189,
27.3662,21.4627,43.806,-25.1756,109.974,-0.76153,-162.586,82.6082,9.95962,-103.973,88.5117,-9.02489,-118.013,126.414,12.6573,-126.814,63.3361,9.14342,-92.3189,
22.416,24.6909,37.9183,-17.8313,110.912,-0.653566,-163.604,88.4958,11.9495,-103.108,86.221,-9.97198,-117.603,126.414,12.6573,-126.814,68.3897,7.07563,-91.2426,
22.416,24.6909,37.9183,-17.8313,110.912,-0.653566,-163.604,88.4958,11.9495,-103.108,86.221,-9.97198,-117.603,126.414,12.6573,-126.814,68.3897,7.07563,-91.2426,
17.8319,24.7982,37.7753,-14.6849,111.019,-1.11501,-163.738,93.1873,13.88,-100.45,86.221,-9.97198,-117.603,130.963,15.3105,-123.996,71.5361,6.97686,-90.6141,
17.8319,24.7982,37.7753,-14.6849,111.019,-1.11501,-163.738,93.1873,13.88,-100.45,86.221,-9.97198,-117.603,130.963,15.3105,-123.996,71.5361,6.97686,-90.6141,
15.0684,37.0051,34.1562,-1.18086,109.722,-1.14546,-164.217,94.6537,13.8003,-99.6095,72.717,-11.4093,-107.051,128.81,14.1478,-123.463,71.5361,6.97686,-90.6141,
15.0684,37.0051,34.1562,-1.18086,109.722,-1.14546,-164.217,94.6537,13.8003,-99.6095,72.717,-11.4093,-107.051,128.81,14.1478,-123.463,71.5361,6.97686,-90.6141,
15.7981,40.0546,34.1562,2.80117,110.452,0.208049,-166.475,94.6537,13.8003,-99.6095,70.3972,-11.8932,-105.753,128.81,14.1478,-123.463,73.1984,6.66299,-93.0668,
15.7981,40.0546,34.1562,2.80117,110.452,0.208049,-166.475,94.6537,13.8003,-99.6095,70.3972,-11.8932,-105.753,128.81,14.1478,-123.463,73.1984,6.66299,-93.0668,
10.4727,41.3387,23.1701,6.51892,109.691,0.686223,-166.742,99.2188,12.5143,-97.0324,68.3528,-12.5295,-104.41,122.389,11.097,-122.635,74.8717,5.9304,-93.497,
10.4727,41.3387,23.1701,6.51892,109.691,0.686223,-166.742,99.2188,12.5143,-97.0324,68.3528,-12.5295,-104.41,122.389,11.097,-122.635,74.8717,5.9304,-93.497,
8.52135,42.4619,8.02645,10.517,108.934,1.02209,-165.725,100.413,12.5035,-95.8426,66.472,-13.0648,-103.339,108.439,4.96717,-122.509,76.989,5.12002,-94.1994,
8.52135,42.4619,8.02645,10.517,108.934,1.02209,-165.725,100.413,12.5035,-95.8426,66.472,-13.0648,-103.339,108.439,4.96717,-122.509,76.989,5.12002,-94.1994,
8.55081,42.949,8.02645,10.9746,108.963,1.17225,-165.31,100.413,12.5035,-95.8426,66.0144,-12.3968,-101.516,108.439,4.96717,-122.509,76.989,5.12002,-94.1994,
8.55081,42.949,8.02645,10.9746,108.963,1.17225,-165.31,100.413,12.5035,-95.8426,66.0144,-12.3968,-101.516,108.439,4.96717,-122.509,76.989,5.12002,-94.1994,
7.56147,42.8181,0.86511,13.5501,109.605,1.66112,-164.379,102.044,12.4794,-94.3679,66.787,-10.0593,-98.7879,102.909,2.63019,-123.368,80.3371,3.81012,-97.6641,
7.56147,42.8181,0.86511,13.5501,109.605,1.66112,-164.379,102.044,12.4794,-94.3679,66.787,-10.0593,-98.7879,102.909,2.63019,-123.368,80.3371,3.81012,-97.6641,
2.56594,41.5334,-20.3301,14.6291,109.602,2.09374,-163.835,107.036,12.3647,-91.7286,68.0689,-9.00581,-98.4871,86.7063,-6.95006,-125.27,82.698,3.36164,-98.831,
2.56594,41.5334,-20.3301,14.6291,109.602,2.09374,-163.835,107.036,12.3647,-91.7286,68.0689,-9.00581,-98.4871,86.7063,-6.95006,-125.27,82.698,3.36164,-98.831,
1.38136,37.8313,-31.3036,12.8658,108.949,2.0456,-163.375,107.568,12.4269,-91.446,71.118,-9.24612,-102.577,76.2644,-13.9503,-122.561,83.9838,3.13577,-99.0884,
1.38136,37.8313,-31.3036,12.8658,108.949,2.0456,-163.375,107.568,12.4269,-91.446,71.118,-9.24612,-102.577,76.2644,-13.9503,-122.561,83.9838,3.13577,-99.0884,
0.760043,39.1102,-36.455,14.3627,108.731,2.0971,-163.319,107.971,12.3909,-91.0802,69.6211,-11.6679,-104.251,71.5163,-16.1803,-119.861,83.9838,3.13577,-99.0884,
0.760043,39.1102,-36.455,14.3627,108.731,2.0971,-163.319,107.971,12.3909,-91.0802,69.6211,-11.6679,-104.251,71.5163,-16.1803,-119.861,83.9838,3.13577,-99.0884,
0.46873,40.2526,-36.455,18.7285,108.44,1.97551,-162.932,107.971,12.3909,-91.0802,68.1874,-13.2567,-102.832,71.5163,-16.1803,-119.861,86.9159,2.39781,-97.8576,
0.46873,40.2526,-36.455,18.7285,108.44,1.97551,-162.932,107.971,12.3909,-91.0802,68.1874,-13.2567,-102.832,71.5163,-16.1803,-119.861,86.9159,2.39781,-97.8576,
0.207241,40.0906,-38.8392,25.5437,108.278,1.90394,-162.271,108.071,11.4065,-88.7497,68.1874,-13.2567,-102.832,69.2315,-18.6449,-118.65,93.7311,0.563443,-97.5035,
0.207241,40.0906,-38.8392,25.5437,108.278,1.90394,-162.271,108.071,11.4065,-88.7497,68.1874,-13.2567,-102.832,69.2315,-18.6449,-118.65,93.7311,0.563443,-97.5035,
2.96869,37.5643,-33.7065,26.0648,107.81,1.90149,-161.481,104.841,11.1401,-87.6801,70.2459,-14.1259,-101.987,71.1349,-20.4635,-122.083,96.3107,-0.148871,-97.129,
2.96869,37.5643,-33.7065,26.0648,107.81,1.90149,-161.481,104.841,11.1401,-87.6801,70.2459,-14.1259,-101.987,71.1349,-20.4635,-122.083,96.3107,-0.148871,-97.129,
2.89764,24.0831,-30.9328,12.6547,107.739,1.98689,-161.169,104.841,11.1401,-87.6801,83.6559,-11.8253,-104.016,73.9087,-19.4778,-123.625,96.3107,-0.148871,-97.129,
2.89764,24.0831,-30.9328,12.6547,107.739,1.98689,-161.169,104.841,11.1401,-87.6801,83.6559,-11.8253,-104.016,73.9087,-19.4778,-123.625,96.3107,-0.148871,-97.129,
3.11535,24.7884,-30.9328,23.7199,107.957,2.24311,-161.803,104.841,11.1401,-87.6801,83.1683,-11.0064,-100.858,73.9087,-19.4778,-123.625,106.888,-7.08434,-88.2312,
3.11535,24.7884,-30.9328,23.7199,107.957,2.24311,-161.803,104.841,11.1401,-87.6801,83.1683,-11.0064,-100.858,73.9087,-19.4778,-123.625,106.888,-7.08434,-88.2312,
13.9012,24.8884,-11.9276,28.0796,108.057,3.01715,-164.615,94.1555,7.2744,-87.1407,83.1683,-11.0064,-100.858,82.228,-16.4372,-123.963,111.248,-9.82286,-86.1222,
13.9012,24.8884,-11.9276,28.0796,108.057,3.01715,-164.615,94.1555,7.2744,-87.1407,83.1683,-11.0064,-100.858,82.228,-16.4372,-123.963,111.248,-9.82286,-86.1222,
18.4122,20.3422,-5.88683,28.6291,107.857,3.44242,-167.047,89.4452,8.06518,-80.2084,87.5152,-11.5192,-104.281,83.5584,-15.361,-123.238,116.144,-11.4927,-85.3121,
18.4122,20.3422,-5.88683,28.6291,107.857,3.44242,-167.047,89.4452,8.06518,-80.2084,87.5152,-11.5192,-104.281,83.5584,-15.361,-123.238,116.144,-11.4927,-85.3121,
18.0493,12.5374,-4.55024,21.1872,107.494,3.47011,-166.239,89.4452,8.06518,-80.2084,94.9571,-13.0587,-107.506,84.895,-14.4925,-123.313,116.144,-11.4927,-85.3121,
18.0493,12.5374,-4.55024,21.1872,107.494,3.47011,-166.239,89.4452,8.06518,-80.2084,94.9571,-13.0587,-107.506,84.895,-14.4925,-123.313,116.144,-11.4927,-85.3121,
17.8027,12.2908,-4.55024,25.058,107.248,3.44402,-165.69,89.4452,8.06518,-80.2084,94.9571,-13.0587,-107.506,84.895,-14.4925,-123.313,120.015,-13.3623,-85.3862,
17.8027,12.2908,-4.55024,25.058,107.248,3.44402,-165.69,89.4452,8.06518,-80.2084,94.9571,-13.0587,-107.506,84.895,-14.4925,-123.313,120.015,-13.3623,-85.3862,
32.0315,11.0784,14.7251,21.1643,106.531,3.1313,-163.298,74.4993,8.49484,-91.0343,95.4525,-13.6704,-107.608,89.2244,-13.0145,-123.782,116.617,-13.5686,-84.9441,
32.0315,11.0784,14.7251,21.1643,106.531,3.1313,-163.298,74.4993,8.49484,-91.0343,95.4525,-13.6704,-107.608,89.2244,-13.0145,-123.782,116.617,-13.5686,-84.9441,
33.8526,6.55174,18.6605,13.6218,106.267,2.67551,-160.703,72.4142,8.28655,-92.1689,99.715,-11.7558,-109.204,91.0747,-12.1087,-123.086,113.337,-12.9848,-84.4774,
33.8526,6.55174,18.6605,13.6218,106.267,2.67551,-160.703,72.4142,8.28655,-92.1689,99.715,-11.7558,-109.204,91.0747,-12.1087,-123.086,113.337,-12.9848,-84.4774,
33.7218,5.60207,18.6605,3.82344,106.136,2.44694,-159.855,72.4142,8.28655,-92.1689,100.534,-11.6715,-109.686,91.0747,-12.1087,-123.086,104.357,-10.6031,-83.8791,
33.7218,5.60207,18.6605,3.82344,106.136,2.44694,-159.855,72.4142,8.28655,-92.1689,100.534,-11.6715,-109.686,91.0747,-12.1087,-123.086,104.357,-10.6031,-83.8791,
34.6544,3.62337,23.7977,-7.7059,105.2,1.92992,-159.365,70.5452,7.93544,-94.4571,101.576,-11.5015,-110.618,94.3429,-9.99503,-120.73,93.8703,-7.26337,-83.4174,
34.6544,3.62337,23.7977,-7.7059,105.2,1.92992,-159.365,70.5452,7.93544,-94.4571,101.576,-11.5015,-110.618,94.3429,-9.99503,-120.73,93.8703,-7.26337,-83.4174,
34.268,2.97091,26.5306,-19.3909,104.547,0.911074,-160.292,70.2792,5.35206,-99.2892,101.576,-11.5015,-110.618,96.8098,-8.609,-119.539,82.1853,-2.99217,-83.1244,
34.268,2.97091,26.5306,-19.3909,104.547,0.911074,-160.292,70.2792,5.35206,-99.2892,101.576,-11.5015,-110.618,96.8098,-8.609,-119.539,82.1853,-2.99217,-83.1244,
34.3173,0.387841,26.5306,-22.0234,104.597,0.743304,-160.39,70.2792,5.35206,-99.2892,104.209,-10.8998,-113.129,96.8098,-8.609,-119.539,82.1853,-2.99217,-83.1244,
34.3173,0.387841,26.5306,-22.0234,104.597,0.743304,-160.39,70.2792,5.35206,-99.2892,104.209,-10.8998,-113.129,96.8098,-8.609,-119.539,82.1853,-2.99217,-83.1244,
32.9117,-3.92676,26.3409,-38.6835,104.544,0.497216,-160.467,71.6319,4.58535,-99.7599,108.47,-9.86359,-115.603,97.9728,-8.0277,-119.145,69.7869,2.4503,-83.8501,
32.9117,-3.92676,26.3409,-38.6835,104.544,0.497216,-160.467,71.6319,4.58535,-99.7599,108.47,-9.86359,-115.603,97.9728,-8.0277,-119.145,69.7869,2.4503,-83.8501,
28.4507,-4.30061,23.4103,-51.8684,105.232,0.935029,-159.366,76.781,5.38024,-97.2795,109.532,-9.52953,-115.779,100.191,-6.98786,-118.819,57.664,7.40507,-87.8835,
28.4507,-4.30061,23.4103,-51.8684,105.232,0.935029,-159.366,76.781,5.38024,-97.2795,109.532,-9.52953,-115.779,100.191,-6.98786,-118.819,57.664,7.40507,-87.8835,
30.0324,-5.38354,28.5103,-63.1709,105.208,0.582719,-158.898,75.1756,6.3783,-98.0179,110.591,-9.07456,-115.958,103.686,-5.07009,-119.216,47.4206,9.53299,-92.8257,
30.0324,-5.38354,28.5103,-63.1709,105.208,0.582719,-158.898,75.1756,6.3783,-98.0179,110.591,-9.07456,-115.958,103.686,-5.07009,-119.216,47.4206,9.53299,-92.8257,
33.1999,-6.2724,33.1562,-63.9964,105.145,0.60805,-159.354,71.9447,7.11584,-99.6418,111.417,-8.89585,-116.413,105.101,-4.16304,-119.118,47.4206,9.53299,-92.8257,
33.1999,-6.2724,33.1562,-63.9964,105.145,0.60805,-159.354,71.9447,7.11584,-99.6418,111.417,-8.89585,-116.413,105.101,-4.16304,-119.118,47.4206,9.53299,-92.8257,
33.6279,-5.64654,33.1562,-66.798,105.573,1.43156,-158.225,71.9447,7.11584,-99.6418,111.219,-8.80451,-117.198,105.101,-4.16304,-119.118,44.4212,10.0026,-94.3916,
33.6279,-5.64654,33.1562,-66.798,105.573,1.43156,-158.225,71.9447,7.11584,-99.6418,111.219,-8.80451,-117.198,105.101,-4.16304,-119.118,44.4212,10.0026,-94.3916,
23.3836,-4.9643,26.2347,-58.2417,106.255,2.26799,-157.965,82.8712,9.94213,-96.7666,111.219,-8.80451,-117.198,109.106,-1.95438,-118.753,52.9775,11.235,-91.3749,
23.3836,-4.9643,26.2347,-58.2417,106.255,2.26799,-157.965,82.8712,9.94213,-96.7666,111.219,-8.80451,-117.198,109.106,-1.95438,-118.753,52.9775,11.235,-91.3749,
20.5599,-4.76761,27.8921,-58.2417,106.452,2.24455,-158.172,85.8916,10.1458,-98.0926,111.219,-8.80451,-117.198,113.784,1.18597,-119.495,52.9775,11.235,-91.3749,
20.5599,-4.76761,27.8921,-58.2417,106.452,2.24455,-158.172,85.8916,10.1458,-98.0926,111.219,-8.80451,-117.198,113.784,1.18597,-119.495,52.9775,11.235,-91.3749,
20.3527,8.81763,32.0285,-42.8086,106.543,1.91991,-157.422,86.1903,9.55829,-102.18,97.7253,-8.43572,-113.448,118.219,6.44754,-122.648,54.9167,8.26573,-92.1598,
20.3527,8.81763,32.0285,-42.8086,106.543,1.91991,-157.422,86.1903,9.55829,-102.18,97.7253,-8.43572,-113.448,118.219,6.44754,-122.648,54.9167,8.26573,-92.1598,
19.1151,11.6248,32.0285,-31.518,105.305,1.03391,-153.906,86.1903,9.55829,-102.18,93.6806,-7.71357,-116.854,118.219,6.44754,-122.648,62.1626,8.55312,-90.0402,
19.1151,11.6248,32.0285,-31.518,105.305,1.03391,-153.906,86.1903,9.55829,-102.18,93.6806,-7.71357,-116.854,118.219,6.44754,-122.648,62.1626,8.55312,-90.0402,
16.109,11.6897,42.265,-28.1775,105.37,1.54273,-154.795,89.2613,10.7782,-100.143,93.6806,-7.71357,-116.854,131.526,16.4149,-125.524,65.5031,6.71634,-91.1491,
16.109,11.6897,42.265,-28.1775,105.37,1.54273,-154.795,89.2613,10.7782,-100.143,93.6806,-7.71357,-116.854,131.526,16.4149,-125.524,65.5031,6.71634,-91.1491,
12.5308,16.3142,38.4695,-22.9506,106.247,2.02541,-157.069,93.7166,12.1169,-97.5879,89.9333,-9.03764,-121.017,132.186,16.8352,-125.235,66.9827,6.33147,-90.8937,
12.5308,16.3142,38.4695,-22.9506,106.247,2.02541,-157.069,93.7166,12.1169,-97.5879,89.9333,-9.03764,-121.017,132.186,16.8352,-125.235,66.9827,6.33147,-90.8937,
10.743,24.3673,38.5628,-13.1096,104.46,0.525688,-158.315,93.7166,12.1169,-97.5879,80.0922,-10.4599,-115.069,132.279,17.1589,-125.261,66.9827,6.33147,-90.8937,
10.743,24.3673,38.5628,-13.1096,104.46,0.525688,-158.315,93.7166,12.1169,-97.5879,80.0922,-10.4599,-115.069,132.279,17.1589,-125.261,66.9827,6.33147,-90.8937,
10.743,24.3673,38.5628,-13.1096,104.46,0.525688,-158.315,93.7166,12.1169,-97.5879,80.0922,-10.4599,-115.069,132.279,17.1589,-125.261,66.9827,6.33147,-90.8937,
10.743,24.3673,38.5628,-13.1096,104.46,0.525688,-158.315,93.7166,12.1169,-97.5879,80.0922,-10.4599,-115.069,132.279,17.1589,-125.261,66.9827,6.33147,-90.8937,
5.74177,27.817,22.4677,-4.76005,105.092,1.06172,-158.067,99.3506,12.2787,-92.9938,77.2754,-10.8096,-113.649,121.818,12.9602,-127.306,72.5153,4.54154,-65.4973,
5.74177,27.817,22.4677,-4.76005,105.092,1.06172,-158.067,99.3506,12.2787,-92.9938,77.2754,-10.8096,-113.649,121.818,12.9602,-127.306,72.5153,4.54154,-65.4973,
3.0316,32.7276,15.9612,1.32049,105.012,2.15397,-158.997,101.98,11.3845,-92.0956,72.2843,-12.7728,-111.699,117.942,10.5877,-126.765,73.6048,3.93294,-66.2152,
3.0316,32.7276,15.9612,1.32049,105.012,2.15397,-158.997,101.98,11.3845,-92.0956,72.2843,-12.7728,-111.699,117.942,10.5877,-126.765,73.6048,3.93294,-66.2152,
1.66993,31.935,11.5112,1.88958,103.65,2.10153,-159.512,101.98,11.3845,-92.0956,71.7152,-13.2443,-109.485,113.492,8.10998,-126.223,73.6048,3.93294,-66.2152,
1.66993,31.935,11.5112,1.88958,103.65,2.10153,-159.512,101.98,11.3845,-92.0956,71.7152,-13.2443,-109.485,113.492,8.10998,-126.223,73.6048,3.93294,-66.2152,
-0.870325,31.3692,-1.01709,7.08185,103.167,2.29858,-160.108,104.037,11.0223,-91.4061,71.7978,-12.6861,-108.052,103.02,3.00926,-126.032,78.8796,1.9182,-68.789,
-0.870325,31.3692,-1.01709,7.08185,103.167,2.29858,-160.108,104.037,11.0223,-91.4061,71.7978,-12.6861,-108.052,103.02,3.00926,-126.032,78.8796,1.9182,-68.789,
-4.64884,32.2165,-17.53,8.32989,104.014,2.8938,-159.932,108.663,10.6793,-89.2303,71.7978,-12.6861,-108.052,91.133,-2.78136,-127.47,80.1277,1.54763,-69.065,
-4.64884,32.2165,-17.53,8.32989,104.014,2.8938,-159.932,108.663,10.6793,-89.2303,71.7978,-12.6861,-108.052,91.133,-2.78136,-127.47,80.1277,1.54763,-69.065,
-4.46893,30.675,-23.443,7.78455,104.194,3.10232,-159.778,108.663,10.6793,-89.2303,73.5192,-10.9359,-106.465,85.2201,-6.33007,-127.882,81.3037,1.30939,-69.0668,
-4.46893,30.675,-23.443,7.78455,104.194,3.10232,-159.778,108.663,10.6793,-89.2303,73.5192,-10.9359,-106.465,85.2201,-6.33007,-127.882,81.3037,1.30939,-69.0668,
-5.11485,26.8961,-30.0575,3.8939,104.306,3.20602,-159.653,109.421,10.7096,-89.1472,77.4098,-10.0515,-106.444,79.3633,-10.0515,-126.933,81.3037,1.30939,-69.0668,
-5.11485,26.8961,-30.0575,3.8939,104.306,3.20602,-159.653,109.421,10.7096,-89.1472,77.4098,-10.0515,-106.444,79.3633,-10.0515,-126.933,81.3037,1.30939,-69.0668,
-5.30983,28.2133,-46.6295,10.1743,104.712,3.27831,-159.711,110.022,10.6202,-89.8977,76.4986,-9.87929,-105.44,63.3922,-16.0759,-117.285,86.6728,0.0951664,-68.4145,
-5.30983,28.2133,-46.6295,10.1743,104.712,3.27831,-159.711,110.022,10.6202,-89.8977,76.4986,-9.87929,-105.44,63.3922,-16.0759,-117.285,86.6728,0.0951664,-68.4145,
-4.7149,28.8205,-46.4333,12.2203,105.319,3.27446,-159.894,110.034,10.2318,-89.2489,76.4986,-9.87929,-105.44,63.6007,-16.2345,-115.92,88.7188,-0.569688,-68.3089,
-4.7149,28.8205,-46.4333,12.2203,105.319,3.27446,-159.894,110.034,10.2318,-89.2489,76.4986,-9.87929,-105.44,63.6007,-16.2345,-115.92,88.7188,-0.569688,-68.3089,
-4.14983,32.3125,-43.0693,17.8369,105.479,3.02611,-159.441,109.629,10.0799,-88.8132,73.1662,-12.0089,-102.877,66.5592,-18.0893,-120.647,91.0031,-1.34267,-68.2847,
-4.14983,32.3125,-43.0693,17.8369,105.479,3.02611,-159.441,109.629,10.0799,-88.8132,73.1662,-12.0089,-102.877,66.5592,-18.0893,-120.647,91.0031,-1.34267,-68.2847,
-4.19866,26.2028,-43.0693,17.049,105.43,2.96217,-159.051,109.629,10.0799,-88.8132,79.2271,-12.3739,-107.505,66.5592,-18.0893,-120.647,96.2761,-2.98222,-68.3353,
-4.19866,26.2028,-43.0693,17.049,105.43,2.96217,-159.051,109.629,10.0799,-88.8132,79.2271,-12.3739,-107.505,66.5592,-18.0893,-120.647,96.2761,-2.98222,-68.3353,
4.94286,20.9571,-28.8458,17.1982,105.759,3.11724,-159.022,100.816,8.94766,-92.7886,84.8018,-12.2729,-112.245,71.9703,-18.0091,-126.233,102,-5.55305,-65.4842,
4.94286,20.9571,-28.8458,17.1982,105.759,3.11724,-159.022,100.816,8.94766,-92.7886,84.8018,-12.2729,-112.245,71.9703,-18.0091,-126.233,102,-5.55305,-65.4842,
8.51561,21.6818,-20.2785,19.775,106.484,4.09678,-160.8,97.968,7.97377,-93.9088,84.8018,-12.2729,-112.245,77.6895,-17.1245,-129.143,104.577,-7.71623,-62.3149,
8.51561,21.6818,-20.2785,19.775,106.484,4.09678,-160.8,97.968,7.97377,-93.9088,84.8018,-12.2729,-112.245,77.6895,-17.1245,-129.143,104.577,-7.71623,-62.3149,
10.9266,19.8979,-12.8113,22.7285,105.265,4.79987,-163.685,94.3382,6.26533,-84.0945,85.3668,-12.1397,-107.202,81.5269,-15.5592,-127.942,108.095,-10.7779,-58.9342,
10.9266,19.8979,-12.8113,22.7285,105.265,4.79987,-163.685,94.3382,6.26533,-84.0945,85.3668,-12.1397,-107.202,81.5269,-15.5592,-127.942,108.095,-10.7779,-58.9342,
13.1023,18.109,-12.8113,28.1072,107.44,5.83719,-165.916,94.3382,6.26533,-84.0945,89.3315,-12.5641,-108.856,81.5269,-15.5592,-127.942,117.439,-14.9125,-56.4652,
13.1023,18.109,-12.8113,28.1072,107.44,5.83719,-165.916,94.3382,6.26533,-84.0945,89.3315,-12.5641,-108.856,81.5269,-15.5592,-127.942,117.439,-14.9125,-56.4652,
18.7093,15.4174,-5.30234,28.2044,108.169,6.51573,-166.448,89.4597,8.22755,-81.4388,92.7516,-12.5642,-110.736,84.1573,-13.5984,-127.245,120.956,-16.3759,-58.6316,
18.7093,15.4174,-5.30234,28.2044,108.169,6.51573,-166.448,89.4597,8.22755,-81.4388,92.7516,-12.5642,-110.736,84.1573,-13.5984,-127.245,120.956,-16.3759,-58.6316,
27.9018,14.1756,8.69782,24.7088,106.927,6.80557,-165.805,79.0253,8.81353,-91.165,92.7516,-12.5642,-110.736,87.7232,-12.6033,-127.869,117.46,-15.5229,-58.8072,
27.9018,14.1756,8.69782,24.7088,106.927,6.80557,-165.805,79.0253,8.81353,-91.165,92.7516,-12.5642,-110.736,87.7232,-12.6033,-127.869,117.46,-15.5229,-58.8072,
30.0479,9.43631,11.991,20.3464,106.55,6.18486,-163.97,76.5024,8.96594,-92.4866,97.114,-12.0215,-112.928,88.4934,-11.9679,-126.742,117.46,-15.5229,-58.8072,
30.0479,9.43631,11.991,20.3464,106.55,6.18486,-163.97,76.5024,8.96594,-92.4866,97.114,-12.0215,-112.928,88.4934,-11.9679,-126.742,117.46,-15.5229,-58.8072,
31.213,9.50388,11.991,12.957,107.715,6.00867,-163.334,76.5024,8.96594,-92.4866,98.2115,-11.3863,-113.587,88.4934,-11.9679,-126.742,111.169,-13.72,-58.9173,
31.213,9.50388,11.991,12.957,107.715,6.00867,-163.334,76.5024,8.96594,-92.4866,98.2115,-11.3863,-113.587,88.4934,-11.9679,-126.742,111.169,-13.72,-58.9173,
36.6191,8.62849,19.1273,3.18285,107.947,5.66441,-163.006,71.3278,9.25188,-98.5946,99.3183,-11.2085,-113.996,90.455,-10.7064,-125.115,102.501,-10.2932,-60.2742,
36.6191,8.62849,19.1273,3.18285,107.947,5.66441,-163.006,71.3278,9.25188,-98.5946,99.3183,-11.2085,-113.996,90.455,-10.7064,-125.115,102.501,-10.2932,-60.2742,
36.2419,6.8982,24.2506,-7.5463,106.217,4.96467,-163.902,69.9746,8.80422,-100.9,99.3183,-11.2085,-113.996,94.2252,-8.41795,-122.79,91.772,-6.63144,-61.6461,
36.2419,6.8982,24.2506,-7.5463,106.217,4.96467,-163.902,69.9746,8.80422,-100.9,99.3183,-11.2085,-113.996,94.2252,-8.41795,-122.79,91.772,-6.63144,-61.6461,
38.0783,0.606872,27.2862,-13.9682,106.347,4.53041,-165.015,68.2689,6.83402,-105.389,105.74,-9.557,-117.497,95.5551,-7.68439,-122.497,91.772,-6.63144,-61.6461,
38.0783,0.606872,27.2862,-13.9682,106.347,4.53041,-165.015,68.2689,6.83402,-105.389,105.74,-9.557,-117.497,95.5551,-7.68439,-122.497,91.772,-6.63144,-61.6461,
39.7719,0.839434,27.2862,-27.6842,108.041,4.40404,-165.223,68.2689,6.83402,-105.389,107.201,-9.04307,-118.186,95.5551,-7.68439,-122.497,79.5171,-2.28069,-60.2254,
39.7719,0.839434,27.2862,-27.6842,108.041,4.40404,-165.223,68.2689,6.83402,-105.389,107.201,-9.04307,-118.186,95.5551,-7.68439,-122.497,79.5171,-2.28069,-60.2254,
34.7601,1.68393,25.9403,-46.3891,108.885,4.26856,-165.222,74.1251,5.13224,-103.955,107.201,-9.04307,-118.186,100.065,-5.32131,-122.623,60.8123,6.75117,-61.4173,
34.7601,1.68393,25.9403,-46.3891,108.885,4.26856,-165.222,74.1251,5.13224,-103.955,107.201,-9.04307,-118.186,100.065,-5.32131,-122.623,60.8123,6.75117,-61.4173,
32.9376,-1.71619,25.257,-55.5401,108.714,4.25537,-165.645,75.7764,6.05392,-103.228,110.43,-7.97839,-118.611,101.033,-4.66896,-122.931,54.8901,8.40731,-64.5335,
32.9376,-1.71619,25.257,-55.5401,108.714,4.25537,-165.645,75.7764,6.05392,-103.228,110.43,-7.97839,-118.611,101.033,-4.66896,-122.931,54.8901,8.40731,-64.5335,
33.4848,-1.94142,26.8373,-55.8113,108.76,4.29811,-165.708,75.2751,6.87667,-103.086,110.701,-7.96902,-118.56,102.112,-3.92366,-123.118,54.8901,8.40731,-64.5335,
33.4848,-1.94142,26.8373,-55.8113,108.76,4.29811,-165.708,75.2751,6.87667,-103.086,110.701,-7.96902,-118.56,102.112,-3.92366,-123.118,54.8901,8.40731,-64.5335,
39.4923,-1.14667,34.7874,-63.651,109.534,4.87731,-165.926,70.0413,8.11083,-106.898,110.68,-7.89174,-118.552,104.829,-2.1051,-122.922,47.0292,8.91358,-70.5384,
39.4923,-1.14667,34.7874,-63.651,109.534,4.87731,-165.926,70.0413,8.11083,-106.898,110.68,-7.89174,-118.552,104.829,-2.1051,-122.922,47.0292,8.91358,-70.5384,
35.9305,-0.788941,35.2312,-61.0246,109.891,5.21266,-165.815,73.9608,7.80384,-107.242,110.68,-7.89174,-118.552,109.192,0.440723,-122.37,49.6556,12.0578,-67.5407,
35.9305,-0.788941,35.2312,-61.0246,109.891,5.21266,-165.815,73.9608,7.80384,-107.242,110.68,-7.89174,-118.552,109.192,0.440723,-122.37,49.6556,12.0578,-67.5407,
30.151,8.39599,31.6153,-49.3985,110.144,5.84969,-166.133,79.9926,8.48221,-103.578,101.748,-8.00726,-117.067,111.608,2.09079,-122.629,52.3491,11.223,-66.8806,
30.151,8.39599,31.6153,-49.3985,110.144,5.84969,-166.133,79.9926,8.48221,-103.578,101.748,-8.00726,-117.067,111.608,2.09079,-122.629,52.3491,11.223,-66.8806,
25.6064,13.1577,29.6568,-44.5839,110.091,5.03587,-163.258,84.4842,8.90302,-102.326,96.9329,-7.62952,-115.548,114.141,4.26965,-123.607,52.3491,11.223,-66.8806,
25.6064,13.1577,29.6568,-44.5839,110.091,5.03587,-163.258,84.4842,8.90302,-102.326,96.9329,-7.62952,-115.548,114.141,4.26965,-123.607,52.3491,11.223,-66.8806,
25.0997,14.1388,35.0025,-31.8476,108.435,3.83691,-160.719,83.3352,9.32928,-103.47,94.296,-7.01831,-115.56,118.338,10.8871,-128.337,62.4484,8.84372,-64.42,
25.0997,14.1388,35.0025,-31.8476,108.435,3.83691,-160.719,83.3352,9.32928,-103.47,94.296,-7.01831,-115.56,118.338,10.8871,-128.337,62.4484,8.84372,-64.42,
24.8726,13.9118,43.2543,-31.8476,108.208,3.82479,-160.725,83.3352,9.32928,-103.47,94.296,-7.01831,-115.56,126.59,16.5606,-130.439,62.4484,8.84372,-64.42,
24.8726,13.9118,43.2543,-31.8476,108.208,3.82479,-160.725,83.3352,9.32928,-103.47,94.296,-7.01831,-115.56,126.59,16.5606,-130.439,62.4484,8.84372,-64.42,
23.1457,19.3052,42.1682,-25.243,110.757,4.59334,-162.948,87.6115,10.9947,-101.191,91.452,-7.51467,-121.479,129.78,17.8293,-129.429,66.209,7.74323,-64.4673,
23.1457,19.3052,42.1682,-25.243,110.757,4.59334,-162.948,87.6115,10.9947,-101.191,91.452,-7.51467,-121.479,129.78,17.8293,-129.429,66.209,7.74323,-64.4673,
20.8315,27.4123,40.2481,-15.0075,111.191,4.42726,-163.211,90.3591,11.6711,-100.256,83.7782,-10.1903,-118.211,130.607,18.0323,-128.42,68.7707,7.93562,-64.146,
20.8315,27.4123,40.2481,-15.0075,111.191,4.42726,-163.211,90.3591,11.6711,-100.256,83.7782,-10.1903,-118.211,130.607,18.0323,-128.42,68.7707,7.93562,-64.146,
14.8162,30.4626,34.1996,-9.61296,110.72,3.89595,-162.487,95.9043,13.4273,-94.9097,80.2579,-10.6118,-115.265,130.104,17.8423,-127.522,70.645,7.32107,-64.7384,
14.8162,30.4626,34.1996,-9.61296,110.72,3.89595,-162.487,95.9043,13.4273,-94.9097,80.2579,-10.6118,-115.265,130.104,17.8423,-127.522,70.645,7.32107,-64.7384,
10.8391,29.928,26.4128,-7.88025,110.186,4.42269,-163.28,99.3469,12.5781,-92.4258,80.2579,-10.6118,-115.265,125.76,16.1088,-127.733,72.3777,6.36796,-66.1393,
10.8391,29.928,26.4128,-7.88025,110.186,4.42269,-163.28,99.3469,12.5781,-92.4258,80.2579,-10.6118,-115.265,125.76,16.1088,-127.733,72.3777,6.36796,-66.1393,
9.79963,38.9563,18.9175,0.945278,110.389,5.15707,-164.554,100.589,12.077,-92.0691,71.4324,-13.1169,-110.019,119.507,11.8039,-125.912,72.3777,6.36796,-66.1393,
9.79963,38.9563,18.9175,0.945278,110.389,5.15707,-164.554,100.589,12.077,-92.0691,71.4324,-13.1169,-110.019,119.507,11.8039,-125.912,72.3777,6.36796,-66.1393,
8.98819,38.8187,18.9175,1.61916,109.577,5.40005,-164.665,100.589,12.077,-92.0691,70.7585,-13.7667,-108.461,119.507,11.8039,-125.912,72.3777,6.36796,-66.1393,
8.98819,38.8187,18.9175,1.61916,109.577,5.40005,-164.665,100.589,12.077,-92.0691,70.7585,-13.7667,-108.461,119.507,11.8039,-125.912,72.3777,6.36796,-66.1393,
5.11063,38.8783,6.88574,6.61885,109.206,5.51634,-164.532,104.095,11.3532,-89.0912,70.3277,-13.7587,-106.52,110.981,6.59018,-123.167,76.9465,4.27604,-68.5741,
5.11063,38.8783,6.88574,6.61885,109.206,5.51634,-164.532,104.095,11.3532,-89.0912,70.3277,-13.7587,-106.52,110.981,6.59018,-123.167,76.9465,4.27604,-68.5741,
2.10494,39.1032,-7.06177,9.41201,109.053,5.96584,-163.576,106.948,11.187,-86.9493,69.9498,-12.4196,-102.935,99.8863,1.62841,-122.509,79.3618,3.82466,-68.3658,
2.10494,39.1032,-7.06177,9.41201,109.053,5.96584,-163.576,106.948,11.187,-86.9493,69.9498,-12.4196,-102.935,99.8863,1.62841,-122.509,79.3618,3.82466,-68.3658,
1.44977,37.2428,-20.5651,6.97147,109.633,6.46829,-162.25,108.183,11.0557,-86.1221,72.3904,-10.5747,-102.021,87.6182,-4.38345,-123.991,79.3618,3.82466,-68.3658,
1.44977,37.2428,-20.5651,6.97147,109.633,6.46829,-162.25,108.183,11.0557,-86.1221,72.3904,-10.5747,-102.021,87.6182,-4.38345,-123.991,79.3618,3.82466,-68.3658,
0.750629,34.6321,-26.4281,8.53322,108.934,6.71454,-161.094,108.183,11.0557,-86.1221,74.3019,-10.1753,-102.58,81.7553,-8.18097,-124.361,82.8351,3.09041,-67.3458,
0.750629,34.6321,-26.4281,8.53322,108.934,6.71454,-161.094,108.183,11.0557,-86.1221,74.3019,-10.1753,-102.58,81.7553,-8.18097,-124.361,82.8351,3.09041,-67.3458,
-0.755539,33.2022,-39.0567,8.56412,108.834,6.72258,-160.435,109.589,10.7987,-82.6173,75.6315,-9.84728,-102.26,70.5325,-14.6064,-119.975,84.1956,2.77103,-67.0644,
-0.755539,33.2022,-39.0567,8.56412,108.834,6.72258,-160.435,109.589,10.7987,-82.6173,75.6315,-9.84728,-102.26,70.5325,-14.6064,-119.975,84.1956,2.77103,-67.0644,
-0.630139,35.683,-45.7259,14.5138,108.924,6.74644,-159.428,109.554,10.5955,-82.2956,73.241,-9.60276,-101.265,63.8282,-16.3283,-113.681,87.7548,1.7002,-66.7488,
-0.630139,35.683,-45.7259,14.5138,108.924,6.74644,-159.428,109.554,10.5955,-82.2956,73.241,-9.60276,-101.265,63.8282,-16.3283,-113.681,87.7548,1.7002,-66.7488,
-0.630139,35.683,-45.7259,14.5138,108.924,6.74644,-159.428,109.554,10.5955,-82.2956,73.241,-9.60276,-101.265,63.8282,-16.3283,-113.681,87.7548,1.7002,-66.7488,
-0.630139,35.683,-45.7259,14.5138,108.924,6.74644,-159.428,109.554,10.5955,-82.2956,73.241,-9.60276,-101.265,63.8282,-16.3283,-113.681,87.7548,1.7002,-66.7488,
-1.05317,37.0389,-40.1674,26.2157,108.549,6.59721,-158.865,109.602,10.331,-81.7974,71.5098,-12.3648,-97.9155,69.4345,-18.1951,-119.699,97.7256,-1.40014,-65.8255,
-1.05317,37.0389,-40.1674,26.2157,108.549,6.59721,-158.865,109.602,10.331,-81.7974,71.5098,-12.3648,-97.9155,69.4345,-18.1951,-119.699,97.7256,-1.40014,-65.8255,
5.4069,31.0039,-28.4294,23.7241,107.696,6.25149,-157.834,102.289,9.1419,-82.4333,76.6921,-12.3291,-100.508,73.8597,-16.6446,-122.397,100.416,-2.75303,-64.1609,
5.4069,31.0039,-28.4294,23.7241,107.696,6.25149,-157.834,102.289,9.1419,-82.4333,76.6921,-12.3291,-100.508,73.8597,-16.6446,-122.397,100.416,-2.75303,-64.1609,
8.3677,21.0392,-21.9556,16.1917,107.688,6.27651,-156.712,99.3203,8.22424,-84.4072,86.6489,-11.8788,-105.1,77.3647,-16.2169,-123.787,102.841,-4.71104,-61.1862,
8.3677,21.0392,-21.9556,16.1917,107.688,6.27651,-156.712,99.3203,8.22424,-84.4072,86.6489,-11.8788,-105.1,77.3647,-16.2169,-123.787,102.841,-4.71104,-61.1862,
10.4713,22.4122,-17.4049,17.5073,107.745,6.50642,-157.272,97.2742,6.9106,-82.3758,85.3333,-11.1719,-100.03,79.8693,-15.7061,-124.429,102.841,-4.71104,-61.1862,
10.4713,22.4122,-17.4049,17.5073,107.745,6.50642,-157.272,97.2742,6.9106,-82.3758,85.3333,-11.1719,-100.03,79.8693,-15.7061,-124.429,102.841,-4.71104,-61.1862,
9.29032,18.0795,-15.461,29.7485,106.565,7.1427,-160.204,97.2742,6.9106,-82.3758,88.4851,-11.5413,-101.717,81.8132,-14.9457,-123.891,118.234,-13.5231,-53.8986,
9.29032,18.0795,-15.461,29.7485,106.565,7.1427,-160.204,97.2742,6.9106,-82.3758,88.4851,-11.5413,-101.717,81.8132,-14.9457,-123.891,118.234,-13.5231,-53.8986,
12.71,17.7197,-8.64733,30.6441,106.205,7.24779,-160.981,93.4947,6.06875,-70.4539,88.4851,-11.5413,-101.717,84.8474,-13.307,-122.745,119.129,-14.4907,-54.4129,
12.71,17.7197,-8.64733,30.6441,106.205,7.24779,-160.981,93.4947,6.06875,-70.4539,88.4851,-11.5413,-101.717,84.8474,-13.307,-122.745,119.129,-14.4907,-54.4129,
18.569,12.0491,-0.633635,25.0669,106.674,7.75446,-162.296,88.1052,7.87186,-73.0446,94.6252,-11.7839,-105.705,87.4716,-12.5049,-123.324,119.692,-14.9667,-54.5574,
18.569,12.0491,-0.633635,25.0669,106.674,7.75446,-162.296,88.1052,7.87186,-73.0446,94.6252,-11.7839,-105.705,87.4716,-12.5049,-123.324,119.692,-14.9667,-54.5574,
25.9933,9.18206,7.48024,21.7067,107.167,8.45227,-161.139,81.1742,7.92414,-79.6326,97.9854,-12.4378,-107.874,88.6544,-12.2744,-123.38,119.692,-14.9667,-54.5574,
25.9933,9.18206,7.48024,21.7067,107.167,8.45227,-161.139,81.1742,7.92414,-79.6326,97.9854,-12.4378,-107.874,88.6544,-12.2744,-123.38,119.692,-14.9667,-54.5574,
24.0378,5.90647,8.37374,8.76674,105.212,8.58917,-159.945,81.1742,7.92414,-79.6326,99.3055,-11.6069,-108.971,89.5479,-11.7459,-122.627,108.072,-12.029,-53.6981,
24.0378,5.90647,8.37374,8.76674,105.212,8.58917,-159.945,81.1742,7.92414,-79.6326,99.3055,-11.6069,-108.971,89.5479,-11.7459,-122.627,108.072,-12.029,-53.6981,
30.8467,5.09251,18.7394,-0.514793,104.398,7.76641,-158.417,73.5513,9.13478,-85.8082,99.3055,-11.6069,-108.971,92.2906,-10.0312,-119.957,98.7907,-8.32439,-55.2596,
30.8467,5.09251,18.7394,-0.514793,104.398,7.76641,-158.417,73.5513,9.13478,-85.8082,99.3055,-11.6069,-108.971,92.2906,-10.0312,-119.957,98.7907,-8.32439,-55.2596,
33.3877,0.829957,24.0003,-4.4302,104.051,7.33116,-157.166,70.6632,8.34588,-90.9526,103.221,-10.7359,-113.426,94.6635,-8.70307,-118.565,98.7907,-8.32439,-55.2596,
33.3877,0.829957,24.0003,-4.4302,104.051,7.33116,-157.166,70.6632,8.34588,-90.9526,103.221,-10.7359,-113.426,94.6635,-8.70307,-118.565,98.7907,-8.32439,-55.2596,
31.5592,-2.40064,24.0003,-5.83237,102.222,6.30741,-157.562,70.6632,8.34588,-90.9526,104.623,-10.4166,-114.708,94.6635,-8.70307,-118.565,98.7907,-8.32439,-55.2596,
31.5592,-2.40064,24.0003,-5.83237,102.222,6.30741,-157.562,70.6632,8.34588,-90.9526,104.623,-10.4166,-114.708,94.6635,-8.70307,-118.565,98.7907,-8.32439,-55.2596,
31.5398,-3.70815,26.4181,-29.8295,102.203,6.20876,-157.922,70.6632,8.34588,-90.9526,105.911,-10.1037,-115.634,97.0814,-7.56133,-118.377,76.0818,0.288843,-58.0734,
31.5398,-3.70815,26.4181,-29.8295,102.203,6.20876,-157.922,70.6632,8.34588,-90.9526,105.911,-10.1037,-115.634,97.0814,-7.56133,-118.377,76.0818,0.288843,-58.0734,
33.2104,-3.50304,30.286,-36.1989,102.408,6.2179,-158.1,69.1978,6.10979,-96.919,105.911,-10.1037,-115.634,99.4837,-6.47514,-118.609,69.7124,3.00377,-58.8893,
33.2104,-3.50304,30.286,-36.1989,102.408,6.2179,-158.1,69.1978,6.10979,-96.919,105.911,-10.1037,-115.634,99.4837,-6.47514,-118.609,69.7124,3.00377,-58.8893,
28.0352,-7.19816,26.5053,-46.896,103.105,6.19758,-158.013,75.0699,5.31076,-95.5731,110.303,-8.52745,-118.284,101.575,-5.39916,-119.086,63.4073,5.62713,-60.5941,
28.0352,-7.19816,26.5053,-46.896,103.105,6.19758,-158.013,75.0699,5.31076,-95.5731,110.303,-8.52745,-118.284,101.575,-5.39916,-119.086,63.4073,5.62713,-60.5941,
28.0727,-7.44721,26.5053,-58.9402,103.143,5.51381,-158.297,75.0699,5.31076,-95.5731,110.59,-8.41722,-118.379,101.575,-5.39916,-119.086,51.6496,8.9195,-65.8881,
28.0727,-7.44721,26.5053,-58.9402,103.143,5.51381,-158.297,75.0699,5.31076,-95.5731,110.59,-8.41722,-118.379,101.575,-5.39916,-119.086,51.6496,8.9195,-65.8881,
32.4031,-7.69735,34.6351,-67.0355,103.103,5.48556,-159.184,70.6995,7.2821,-98.431,110.8,-8.37694,-118.436,105.335,-3.28948,-119.066,43.7646,11.0819,-68.4515,
32.4031,-7.69735,34.6351,-67.0355,103.103,5.48556,-159.184,70.6995,7.2821,-98.431,110.8,-8.37694,-118.436,105.335,-3.28948,-119.066,43.7646,11.0819,-68.4515,
34.388,-7.50608,40.3997,-63.376,103.294,5.76242,-159.039,68.906,7.9075,-101.232,110.8,-8.37694,-118.436,109.306,-1.17442,-118.74,47.424,12.1071,-66.7575,
34.388,-7.50608,40.3997,-63.376,103.294,5.76242,-159.039,68.906,7.9075,-101.232,110.8,-8.37694,-118.436,109.306,-1.17442,-118.74,47.424,12.1071,-66.7575,
32.3713,-7.49576,37.9859,-63.7628,103.691,6.13583,-158.173,71.3197,8.61189,-100.679,111.187,-8.39383,-120.254,109.306,-1.17442,-118.74,47.424,12.1071,-66.7575,
32.3713,-7.49576,37.9859,-63.7628,103.691,6.13583,-158.173,71.3197,8.61189,-100.679,111.187,-8.39383,-120.254,109.306,-1.17442,-118.74,47.424,12.1071,-66.7575,
27.8835,-1.18425,35.3448,-53.4679,104.096,7.16307,-157.222,76.2121,9.47926,-97.6967,105.28,-8.38022,-119.357,111.557,0.17571,-118.808,51.812,12.4695,-64.7424,
27.8835,-1.18425,35.3448,-53.4679,104.096,7.16307,-157.222,76.2121,9.47926,-97.6967,105.28,-8.38022,-119.357,111.557,0.17571,-118.808,51.812,12.4695,-64.7424,
19.1481,3.81462,33.2634,-43.5383,104.143,7.40991,-157.934,84.9946,10.2877,-96.0152,100.328,-8.13602,-117.436,118.258,7.67533,-123.443,56.7897,11.7513,-62.5671,
19.1481,3.81462,33.2634,-43.5383,104.143,7.40991,-157.934,84.9946,10.2877,-96.0152,100.328,-8.13602,-117.436,118.258,7.67533,-123.443,56.7897,11.7513,-62.5671,
20.7899,10.3066,36.8446,-32.9272,104.538,7.13851,-156.961,83.7477,9.45699,-99.2385,94.2311,-6.76987,-118.455,120.592,11.5882,-126.904,61.3038,10.6324,-62.674,
20.7899,10.3066,36.8446,-32.9272,104.538,7.13851,-156.961,83.7477,9.45699,-99.2385,94.2311,-6.76987,-118.455,120.592,11.5882,-126.904,61.3038,10.6324,-62.674,
18.4585,14.4345,44.4527,-27.6678,103.406,6.81111,-154.784,84.9476,10.9147,-98.1453,88.9716,-8.73472,-127.252,129.4,16.9688,-127.904,61.3038,10.6324,-62.674,
18.4585,14.4345,44.4527,-27.6678,103.406,6.81111,-154.784,84.9476,10.9147,-98.1453,88.9716,-8.73472,-127.252,129.4,16.9688,-127.904,61.3038,10.6324,-62.674,
18.5549,17.4042,47.5695,-19.4071,103.503,7.09907,-155.65,84.9476,10.9147,-98.1453,86.0984,-9.43684,-124.87,132.517,19.0439,-126.987,66.6912,8.63697,-63.1529,
18.5549,17.4042,47.5695,-19.4071,103.503,7.09907,-155.65,84.9476,10.9147,-98.1453,86.0984,-9.43684,-124.87,132.517,19.0439,-126.987,66.6912,8.63697,-63.1529,
12.9417,17.9205,39.6607,-18.1819,104.019,7.34251,-158.405,91.0772,12.4076,-98.656,86.0984,-9.43684,-124.87,130.738,18.3217,-127.386,67.9164,8.38407,-63.2277,
12.9417,17.9205,39.6607,-18.1819,104.019,7.34251,-158.405,91.0772,12.4076,-98.656,86.0984,-9.43684,-124.87,130.738,18.3217,-127.386,67.9164,8.38407,-63.2277,
9.72765,17.408,34.5186,-17.0389,103.506,6.33875,-160.146,93.7787,13.6408,-96.3552,86.0984,-9.43684,-124.87,128.297,17.3264,-127.702,69.0595,8.00144,-63.4131,
9.72765,17.408,34.5186,-17.0389,103.506,6.33875,-160.146,93.7787,13.6408,-96.3552,86.0984,-9.43684,-124.87,128.297,17.3264,-127.702,69.0595,8.00144,-63.4131,
5.99858,29.4342,28.1828,-3.83372,103.371,5.78125,-159.593,97.3727,13.4249,-93.4763,73.9371,-11.6157,-118.341,125.556,15.8527,-127.462,70.1033,7.74669,-63.5367,
5.99858,29.4342,28.1828,-3.83372,103.371,5.78125,-159.593,97.3727,13.4249,-93.4763,73.9371,-11.6157,-118.341,125.556,15.8527,-127.462,70.1033,7.74669,-63.5367,
6.32822,31.5024,24.7865,-0.209925,103.701,6.7547,-158.73,97.3727,13.4249,-93.4763,72.1985,-13.63,-116.067,122.159,13.838,-126.723,71.9886,6.95245,-64.0408,
6.32822,31.5024,24.7865,-0.209925,103.701,6.7547,-158.73,97.3727,13.4249,-93.4763,72.1985,-13.63,-116.067,122.159,13.838,-126.723,71.9886,6.95245,-64.0408,
3.47634,31.7384,13.7312,3.12653,103.937,7.28911,-159.007,100.461,12.4711,-92.8599,72.1985,-13.63,-116.067,114.192,8.86414,-124.476,75.325,5.44444,-65.1507,
3.47634,31.7384,13.7312,3.12653,103.937,7.28911,-159.007,100.461,12.4711,-92.8599,72.1985,-13.63,-116.067,114.192,8.86414,-124.476,75.325,5.44444,-65.1507,
-1.803,31.8714,0.042649,6.24921,102.107,7.14791,-158.997,103.91,12.1144,-90.717,70.2351,-13.8175,-107.257,103.952,3.40969,-122.175,76.4844,5.04136,-65.6462,
-1.803,31.8714,0.042649,6.24921,102.107,7.14791,-158.997,103.91,12.1144,-90.717,70.2351,-13.8175,-107.257,103.952,3.40969,-122.175,76.4844,5.04136,-65.6462,
-3.25969,30.9671,-7.60377,5.15638,102.295,7.44291,-158.991,105.555,12.0596,-89.5549,71.328,-11.8136,-104.026,97.951,0.660438,-121.635,76.4844,5.04136,-65.6462,
-3.25969,30.9671,-7.60377,5.15638,102.295,7.44291,-158.991,105.555,12.0596,-89.5549,71.328,-11.8136,-104.026,97.951,0.660438,-121.635,76.4844,5.04136,-65.6462,
-3.09231,31.1345,-7.60377,7.44102,102.462,7.64457,-158.849,105.555,12.0596,-89.5549,71.328,-11.8136,-104.026,97.951,0.660438,-121.635,78.769,4.23264,-66.5606,
-3.09231,31.1345,-7.60377,7.44102,102.462,7.64457,-158.849,105.555,12.0596,-89.5549,71.328,-11.8136,-104.026,97.951,0.660438,-121.635,78.769,4.23264,-66.5606,
-5.85806,30.7716,-29.3284,9.16134,103.607,8.42821,-157.592,109.465,11.7596,-87.3911,72.8357,-10.9492,-103.671,80.1369,-9.67917,-120.778,81.9971,3.64997,-66.5755,
-5.85806,30.7716,-29.3284,9.16134,103.607,8.42821,-157.592,109.465,11.7596,-87.3911,72.8357,-10.9492,-103.671,80.1369,-9.67917,-120.778,81.9971,3.64997,-66.5755,
-5.50392,28.719,-44.5769,7.89154,104.117,8.81394,-155.774,109.621,11.6002,-86.4001,75.398,-9.65451,-102.624,65.0441,-16.1317,-112.712,83.2895,3.45632,-66.2899,
-5.50392,28.719,-44.5769,7.89154,104.117,8.81394,-155.774,109.621,11.6002,-86.4001,75.398,-9.65451,-102.624,65.0441,-16.1317,-112.712,83.2895,3.45632,-66.2899,
-5.00385,29.2191,-44.5769,11.3011,104.617,8.91509,-154.685,109.621,11.6002,-86.4001,75.398,-9.65451,-102.624,65.0441,-16.1317,-112.712,86.6991,2.55377,-90.7655,
-5.00385,29.2191,-44.5769,11.3011,104.617,8.91509,-154.685,109.621,11.6002,-86.4001,75.398,-9.65451,-102.624,65.0441,-16.1317,-112.712,86.6991,2.55377,-90.7655,
-5.13427,35.4282,-42.1253,21.6743,105.026,8.9614,-154.173,110.16,11.208,-86.2371,69.5973,-12.5517,-99.1307,68.0345,-18.0519,-114.732,91.2716,1.14,-90.4604,
-5.13427,35.4282,-42.1253,21.6743,105.026,8.9614,-154.173,110.16,11.208,-86.2371,69.5973,-12.5517,-99.1307,68.0345,-18.0519,-114.732,91.2716,1.14,-90.4604,
-3.35448,35.7028,-38.3124,24.3135,105.3,9.04596,-153.301,108.655,10.6413,-85.1334,69.5973,-12.5517,-99.1307,70.3423,-19.6582,-117.882,93.9108,0.377732,-90.2818,
-3.35448,35.7028,-38.3124,24.3135,105.3,9.04596,-153.301,108.655,10.6413,-85.1334,69.5973,-12.5517,-99.1307,70.3423,-19.6582,-117.882,93.9108,0.377732,-90.2818,
-0.657094,25.6651,-33.1309,17.2225,105.142,9.04743,-151.77,105.799,10.171,-85.2439,79.4766,-12.7704,-102.185,72.6679,-18.9129,-119.127,96.6992,-0.498808,-89.4788,
-0.657094,25.6651,-33.1309,17.2225,105.142,9.04743,-151.77,105.799,10.171,-85.2439,79.4766,-12.7704,-102.185,72.6679,-18.9129,-119.127,96.6992,-0.498808,-89.4788,
2.71822,20.7456,-28.0353,12.1673,105.277,9.05813,-151.481,102.559,9.60225,-87.2562,84.5319,-11.0311,-99.8468,74.5239,-17.0482,-119.505,96.6992,-0.498808,-89.4788,
2.71822,20.7456,-28.0353,12.1673,105.277,9.05813,-151.481,102.559,9.60225,-87.2562,84.5319,-11.0311,-99.8468,74.5239,-17.0482,-119.505,96.6992,-0.498808,-89.4788,
8.39648,22.7788,-14.9122,27.1168,105.777,9.44918,-152.077,97.3808,7.31651,-87.1346,82.9985,-10.9361,-99.3751,82.4686,-15.4321,-121.655,110.115,-9.00868,-77.7539,
8.39648,22.7788,-14.9122,27.1168,105.777,9.44918,-152.077,97.3808,7.31651,-87.1346,82.9985,-10.9361,-99.3751,82.4686,-15.4321,-121.655,110.115,-9.00868,-77.7539,
14.2823,22.0342,-5.12798,32.0171,105.033,9.95172,-153.695,90.7504,7.35623,-76.1901,82.9985,-10.9361,-99.3751,85.6224,-14.1077,-121.173,115.016,-10.7736,-76.7913,
14.2823,22.0342,-5.12798,32.0171,105.033,9.95172,-153.695,90.7504,7.35623,-76.1901,82.9985,-10.9361,-99.3751,85.6224,-14.1077,-121.173,115.016,-10.7736,-76.7913,
17.409,9.46375,-0.368985,22.7359,104.823,10.1965,-155.246,87.4136,7.86579,-79.306,95.3588,-12.138,-107.313,87.0446,-13.5176,-120.955,118.095,-12.1955,-76.3935,
17.409,9.46375,-0.368985,22.7359,104.823,10.1965,-155.246,87.4136,7.86579,-79.306,95.3588,-12.138,-107.313,87.0446,-13.5176,-120.955,118.095,-12.1955,-76.3935,
19.9759,11.2834,0.724383,22.3356,107.389,11.2915,-155.707,87.4136,7.86579,-79.306,96.1061,-12.8668,-107.197,88.1379,-12.9048,-120.438,118.442,-13.8138,-76.0403,
19.9759,11.2834,0.724383,22.3356,107.389,11.2915,-155.707,87.4136,7.86579,-79.306,96.1061,-12.8668,-107.197,88.1379,-12.9048,-120.438,118.442,-13.8138,-76.0403,
26.2606,9.37253,9.65067,18.8083,106.52,11.8055,-155.996,80.2596,7.70529,-85.0631,97.1476,-12.9542,-107.29,89.9102,-11.8183,-118.909,115.956,-13.6039,-75.0782,
26.2606,9.37253,9.65067,18.8083,106.52,11.8055,-155.996,80.2596,7.70529,-85.0631,97.1476,-12.9542,-107.29,89.9102,-11.8183,-118.909,115.956,-13.6039,-75.0782,
29.9907,8.18959,15.2906,16.4041,105.337,11.7178,-155.578,75.3465,8.06417,-87.1371,97.1476,-12.9542,-107.29,90.6371,-11.41,-117.956,113.552,-13.051,-75.0059,
29.9907,8.18959,15.2906,16.4041,105.337,11.7178,-155.578,75.3465,8.06417,-87.1371,97.1476,-12.9542,-107.29,90.6371,-11.41,-117.956,113.552,-13.051,-75.0059,
33.5401,4.71552,21.2509,10.0489,104.746,11.3258,-154.706,71.206,8.48592,-89.8049,100.031,-11.5465,-108.415,92.4569,-10.2198,-116.278,110.08,-11.8824,-75.1782,
33.5401,4.71552,21.2509,10.0489,104.746,11.3258,-154.706,71.206,8.48592,-89.8049,100.031,-11.5465,-108.415,92.4569,-10.2198,-116.278,110.08,-11.8824,-75.1782,
35.3903,4.62245,21.2509,-0.729902,106.596,11.0295,-153.265,71.206,8.48592,-89.8049,101.974,-11.0879,-108.636,92.4569,-10.2198,-116.278,101.244,-8.31538,-77.3991,
35.3903,4.62245,21.2509,-0.729902,106.596,11.0295,-153.265,71.206,8.48592,-89.8049,101.974,-11.0879,-108.636,92.4569,-10.2198,-116.278,101.244,-8.31538,-77.3991,
38.0251,3.81247,26.8638,-18.7069,106.893,10.8628,-152.732,68.8679,8.24231,-94.615,103.081,-10.8616,-109.729,95.7317,-8.5565,-115.708,84.3736,-2.38953,-79.9648,
38.0251,3.81247,26.8638,-18.7069,106.893,10.8628,-152.732,68.8679,8.24231,-94.615,103.081,-10.8616,-109.729,95.7317,-8.5565,-115.708,84.3736,-2.38953,-79.9648,
36.4201,-0.211122,29.2918,-27.1401,105.152,10.301,-153.959,68.7317,4.9575,-100.756,105.363,-10.4109,-111.756,98.0235,-7.40657,-115.653,78.2229,0.117673,-79.5932,
36.4201,-0.211122,29.2918,-27.1401,105.152,10.301,-153.959,68.7317,4.9575,-100.756,105.363,-10.4109,-111.756,98.0235,-7.40657,-115.653,78.2229,0.117673,-79.5932,
35.3853,-1.99279,28.596,-29.659,105.889,9.86096,-155.173,70.5038,4.57719,-100.425,107.882,-9.55515,-113.721,99.0998,-6.83707,-115.713,78.2229,0.117673,-79.5932,
35.3853,-1.99279,28.596,-29.659,105.889,9.86096,-155.173,70.5038,4.57719,-100.425,107.882,-9.55515,-113.721,99.0998,-6.83707,-115.713,78.2229,0.117673,-79.5932,
35.839,-2.68287,28.596,-30.8028,106.343,9.70227,-155.35,70.5038,4.57719,-100.425,109.026,-9.11156,-114.491,99.0998,-6.83707,-115.713,78.2229,0.117673,-79.5932,
35.839,-2.68287,28.596,-30.8028,106.343,9.70227,-155.35,70.5038,4.57719,-100.425,109.026,-9.11156,-114.491,99.0998,-6.83707,-115.713,78.2229,0.117673,-79.5932,
32.5474,-2.5498,26.199,-56.3221,107.43,9.21296,-155.659,74.883,6.02604,-96.9045,109.98,-8.76792,-114.871,101.082,-5.90767,-116.012,53.6582,9.92429,-88.1987,
32.5474,-2.5498,26.199,-56.3221,107.43,9.21296,-155.659,74.883,6.02604,-96.9045,109.98,-8.76792,-114.871,101.082,-5.90767,-116.012,53.6582,9.92429,-88.1987,
34.057,-3.55464,31.3735,-66.0667,107.209,9.10847,-155.88,73.1516,8.27479,-97.3978,110.763,-8.6708,-115.5,104.525,-4.11941,-115.727,44.6966,12.0803,-91.6864,
34.057,-3.55464,31.3735,-66.0667,107.209,9.10847,-155.88,73.1516,8.27479,-97.3978,110.763,-8.6708,-115.5,104.525,-4.11941,-115.727,44.6966,12.0803,-91.6864,
36.7608,-4.44823,35.3192,-67.0215,107.27,9.12188,-156.205,70.509,9.47661,-100.775,111.718,-8.48239,-116.021,105.828,-3.34831,-115.467,44.6966,12.0803,-91.6864,
36.7608,-4.44823,35.3192,-67.0215,107.27,9.12188,-156.205,70.509,9.47661,-100.775,111.718,-8.48239,-116.021,105.828,-3.34831,-115.467,44.6966,12.0803,-91.6864,
37.064,-3.71562,40.6947,-65.133,107.573,9.35459,-156.369,70.509,9.47661,-100.775,111.289,-8.47933,-116.582,111.204,-0.0899799,-115.28,46.1556,12.5561,-89.2832,
37.064,-3.71562,40.6947,-65.133,107.573,9.35459,-156.369,70.509,9.47661,-100.775,111.289,-8.47933,-116.582,111.204,-0.0899799,-115.28,46.1556,12.5561,-89.2832,
