6.82005,9.9372,2.69863,-8.92481,103.868,-7.27514,-178.322,97.048,-1.96255,-178.056,93.9309,-2.07872,139.269,99.7467,-7.7065,137.001,85.0061,-1.79799,-178.625,
6.82005,9.9372,2.69863,-8.92481,103.868,-7.27514,-178.322,97.048,-1.96255,-178.056,93.9309,-2.07872,139.269,99.7467,-7.7065,137.001,85.0061,-1.79799,-178.625,
7.03201,9.95934,2.27716,-9.41684,104.08,-6.75942,-178.606,97.048,-1.96255,-178.056,94.1207,-1.79984,139.314,99.3252,-7.32703,136.826,84.7039,-1.38018,-178.797,
7.03201,9.95934,2.27716,-9.41684,104.08,-6.75942,-178.606,97.048,-1.96255,-178.056,94.1207,-1.79984,139.314,99.3252,-7.32703,136.826,84.7039,-1.38018,-178.797,
6.83466,10.0297,1.48237,-9.80712,104.201,-6.75306,-178.698,97.3666,-1.77714,-178.411,94.1716,-1.54791,139.439,98.8489,-7.17448,136.81,84.3644,-1.06621,-178.94,
6.83466,10.0297,1.48237,-9.80712,104.201,-6.75306,-178.698,97.3666,-1.77714,-178.411,94.1716,-1.54791,139.439,98.8489,-7.17448,136.81,84.3644,-1.06621,-178.94,
6.48783,9.92604,0.681468,-10.5161,104.404,-6.69778,-179.221,97.9165,-1.41899,-178.263,94.4783,-1.13778,139.617,98.598,-7.11726,136.829,83.9622,-0.637247,-179.057,
6.48783,9.92604,0.681468,-10.5161,104.404,-6.69778,-179.221,97.9165,-1.41899,-178.263,94.4783,-1.13778,139.617,98.598,-7.11726,136.829,83.9622,-0.637247,-179.057,
6.8759,9.52706,0.573439,-11.8973,104.9,-6.32939,178.472,98.0246,-1.26858,-178.143,95.3734,-0.538734,139.307,98.598,-7.11726,136.829,83.4761,-0.201055,-179.092,
6.8759,9.52706,0.573439,-11.8973,104.9,-6.32939,178.472,98.0246,-1.26858,-178.143,95.3734,-0.538734,139.307,98.598,-7.11726,136.829,83.4761,-0.201055,-179.092,
7.21418,9.86534,-0.253407,-12.3496,105.239,-5.92563,178.881,98.0246,-1.26858,-178.143,95.3734,-0.538734,139.307,97.7711,-6.83291,136.685,83.0238,0.22218,-179.124,
7.21418,9.86534,-0.253407,-12.3496,105.239,-5.92563,178.881,98.0246,-1.26858,-178.143,95.3734,-0.538734,139.307,97.7711,-6.83291,136.685,83.0238,0.22218,-179.124,
6.53143,9.41777,-0.972272,-12.7075,104.954,-5.92328,-179.082,98.4229,-0.673077,-177.868,95.5366,-0.338778,139.366,97.4506,-6.61771,136.581,82.8291,0.426751,-179.199,
6.53143,9.41777,-0.972272,-12.7075,104.954,-5.92328,-179.082,98.4229,-0.673077,-177.868,95.5366,-0.338778,139.366,97.4506,-6.61771,136.581,82.8291,0.426751,-179.199,
6.79942,9.75691,-1.04342,-12.8946,105.293,-5.56781,-178.773,98.494,-0.535726,-177.882,95.5366,-0.338778,139.366,97.4506,-6.61771,136.581,82.6419,0.645407,-179.289,
6.79942,9.75691,-1.04342,-12.8946,105.293,-5.56781,-178.773,98.494,-0.535726,-177.882,95.5366,-0.338778,139.366,97.4506,-6.61771,136.581,82.6419,0.645407,-179.289,
6.68768,9.62851,-1.15516,-13.023,105.293,-5.56781,-178.773,98.6058,-0.404988,-177.859,95.665,-0.0268827,139.452,97.4506,-6.61771,136.581,82.6419,0.645407,-179.289,
6.68768,9.62851,-1.15516,-13.023,105.293,-5.56781,-178.773,98.6058,-0.404988,-177.859,95.665,-0.0268827,139.452,97.4506,-6.61771,136.581,82.6419,0.645407,-179.289,
6.92635,9.99506,-1.1459,-13.5112,105.532,-5.17433,-178.19,98.6058,-0.404988,-177.859,95.5371,0.165136,139.929,97.4599,-6.01099,136.759,82.0258,1.5077,-179.533,
6.92635,9.99506,-1.1459,-13.5112,105.532,-5.17433,-178.19,98.6058,-0.404988,-177.859,95.5371,0.165136,139.929,97.4599,-6.01099,136.759,82.0258,1.5077,-179.533,
6.57468,10.456,-1.57815,-13.2911,105.773,-5.02727,-178.046,99.1982,-0.0171397,-177.422,95.3169,0.0661764,140.009,97.6201,-5.47049,136.427,82.0258,1.5077,-179.533,
6.57468,10.456,-1.57815,-13.2911,105.773,-5.02727,-178.046,99.1982,-0.0171397,-177.422,95.3169,0.0661764,140.009,97.6201,-5.47049,136.427,82.0258,1.5077,-179.533,
6.55771,11.3734,-2.05673,-13.1128,106.235,-4.72738,-177.71,99.6768,0.240633,-177.237,94.8611,-0.457248,140.569,97.6201,-5.47049,136.427,81.7483,1.9713,-179.688,
6.55771,11.3734,-2.05673,-13.1128,106.235,-4.72738,-177.71,99.6768,0.240633,-177.237,94.8611,-0.457248,140.569,97.6201,-5.47049,136.427,81.7483,1.9713,-179.688,
6.58177,15.4509,-1.53988,-9.71289,106.522,-4.25526,-177.237,99.9406,0.410466,-177.242,91.0715,-1.09423,141.729,98.4007,-4.5008,135.959,81.3586,2.81916,179.974,
6.58177,15.4509,-1.53988,-9.71289,106.522,-4.25526,-177.237,99.9406,0.410466,-177.242,91.0715,-1.09423,141.729,98.4007,-4.5008,135.959,81.3586,2.81916,179.974,
6.02757,20.2369,-0.008135,-5.41489,106.853,-3.84974,-177.06,100.825,0.918151,-177.179,86.6157,-1.55569,143.119,100.817,-1.79686,133.464,81.2008,2.97918,179.835,
6.02757,20.2369,-0.008135,-5.41489,106.853,-3.84974,-177.06,100.825,0.918151,-177.179,86.6157,-1.55569,143.119,100.817,-1.79686,133.464,81.2008,2.97918,179.835,
5.04279,20.2369,-0.992913,-5.75427,106.853,-3.84974,-177.06,101.81,1.09858,-177.807,86.6157,-1.55569,143.119,100.817,-1.79686,133.464,80.8614,3.22352,-179.951,
5.04279,20.2369,-0.992913,-5.75427,106.853,-3.84974,-177.06,101.81,1.09858,-177.807,86.6157,-1.55569,143.119,100.817,-1.79686,133.464,80.8614,3.22352,-179.951,
5.00242,26.3841,-0.09665,-0.604811,107.285,-3.37959,-177.104,102.283,1.38691,-178.073,80.9012,-1.40576,142.979,102.186,-0.812453,132.003,80.2964,3.69512,-179.138,
5.00242,26.3841,-0.09665,-0.604811,107.285,-3.37959,-177.104,102.283,1.38691,-178.073,80.9012,-1.40576,142.979,102.186,-0.812453,132.003,80.2964,3.69512,-179.138,
5.01696,29.8475,6.62918,1.72659,107.771,-2.82303,-176.772,102.754,1.7217,-178.504,77.9236,-2.93031,140.809,109.383,3.17655,130.378,79.6502,4.27222,-177.782,
5.01696,29.8475,6.62918,1.72659,107.771,-2.82303,-176.772,102.754,1.7217,-178.504,77.9236,-2.93031,140.809,109.383,3.17655,130.378,79.6502,4.27222,-177.782,
4.882,32.5909,10.4305,3.01398,108.302,-2.67065,-176.89,103.42,2.45768,-179.12,75.7112,-3.7822,140.913,113.851,4.3681,131.345,78.7251,5.27789,-174.974,
4.882,32.5909,10.4305,3.01398,108.302,-2.67065,-176.89,103.42,2.45768,-179.12,75.7112,-3.7822,140.913,113.851,4.3681,131.345,78.7251,5.27789,-174.974,
4.72855,33.3383,10.6555,2.9424,109.049,-2.34202,-178.259,104.321,2.8538,-178.021,75.7112,-3.7822,140.913,114.976,4.75717,131.406,78.6536,5.48035,-174.491,
4.72855,33.3383,10.6555,2.9424,109.049,-2.34202,-178.259,104.321,2.8538,-178.021,75.7112,-3.7822,140.913,114.976,4.75717,131.406,78.6536,5.48035,-174.491,
3.68431,32.3991,10.5505,2.91845,108.11,-2.10905,-179.864,104.426,3.23276,-176.972,75.7112,-3.7822,140.913,114.976,4.75717,131.406,78.6296,5.63638,-174.255,
3.68431,32.3991,10.5505,2.91845,108.11,-2.10905,-179.864,104.426,3.23276,-176.972,75.7112,-3.7822,140.913,114.976,4.75717,131.406,78.6296,5.63638,-174.255,
3.12598,41.3754,10.6808,12.6569,107.552,-2.03741,-179.117,104.426,3.23276,-176.972,66.1765,-6.0011,144.216,115.107,4.79336,130.766,78.8334,5.83429,-173.984,
3.12598,41.3754,10.6808,12.6569,107.552,-2.03741,-179.117,104.426,3.23276,-176.972,66.1765,-6.0011,144.216,115.107,4.79336,130.766,78.8334,5.83429,-173.984,
2.20145,42.6801,6.98793,15.0145,107.763,-1.93546,-178.39,105.561,3.88832,-175.893,65.0827,-5.96183,145.163,112.549,3.24077,131.209,80.0971,5.42309,-174.786,
2.20145,42.6801,6.98793,15.0145,107.763,-1.93546,-178.39,105.561,3.88832,-175.893,65.0827,-5.96183,145.163,112.549,3.24077,131.209,80.0971,5.42309,-174.786,
0.597835,42.2044,3.69856,15.643,107.287,-1.68943,-177.78,106.689,4.31711,-175.139,65.0827,-5.96183,145.163,110.388,2.22243,131.721,80.7256,5.21034,-175.334,
0.597835,42.2044,3.69856,15.643,107.287,-1.68943,-177.78,106.689,4.31711,-175.139,65.0827,-5.96183,145.163,110.388,2.22243,131.721,80.7256,5.21034,-175.334,
-0.211873,43.3099,3.34572,17.2053,106.83,-1.60227,-178.288,107.042,4.63575,-175.171,63.5203,-5.91554,146.668,110.388,2.22243,131.721,80.7256,5.21034,-175.334,
-0.211873,43.3099,3.34572,17.2053,106.83,-1.60227,-178.288,107.042,4.63575,-175.171,63.5203,-5.91554,146.668,110.388,2.22243,131.721,80.7256,5.21034,-175.334,
-0.32256,43.3178,-8.81358,18.7999,106.72,-1.27666,-178.268,107.042,4.63575,-175.171,63.4017,-4.99228,148.079,98.2285,-3.02395,131.57,82.2017,4.68832,-176.484,
-0.32256,43.3178,-8.81358,18.7999,106.72,-1.27666,-178.268,107.042,4.63575,-175.171,63.4017,-4.99228,148.079,98.2285,-3.02395,131.57,82.2017,4.68832,-176.484,
-2.03205,42.2311,-13.4855,20.459,106.09,-1.0402,-177.975,108.122,4.62738,-174.769,63.8591,-4.47512,148.111,94.6368,-4.68668,131.066,84.3182,4.11946,-177.54,
-2.03205,42.2311,-13.4855,20.459,106.09,-1.0402,-177.975,108.122,4.62738,-174.769,63.8591,-4.47512,148.111,94.6368,-4.68668,131.066,84.3182,4.11946,-177.54,
-3.67772,41.3894,-17.8382,21.1459,105.249,-0.969217,-177.503,108.926,4.69239,-174.395,63.8591,-4.47512,148.111,91.0881,-6.51027,130.499,85.005,3.99705,-177.655,
-3.67772,41.3894,-17.8382,21.1459,105.249,-0.969217,-177.503,108.926,4.69239,-174.395,63.8591,-4.47512,148.111,91.0881,-6.51027,130.499,85.005,3.99705,-177.655,
-3.67772,39.754,-17.8382,19.5105,105.249,-0.969217,-177.503,108.926,4.69239,-174.395,65.4945,-3.88675,147.394,91.0881,-6.51027,130.499,85.005,3.99705,-177.655,
-3.67772,39.754,-17.8382,19.5105,105.249,-0.969217,-177.503,108.926,4.69239,-174.395,65.4945,-3.88675,147.394,91.0881,-6.51027,130.499,85.005,3.99705,-177.655,
-4.20036,37.4272,-30.8503,20.1367,104.841,-0.754182,-177.211,109.041,4.667,-174.335,67.4139,-2.32186,148.221,78.1911,-12.5219,133.941,87.5505,3.43063,-177.861,
-4.20036,37.4272,-30.8503,20.1367,104.841,-0.754182,-177.211,109.041,4.667,-174.335,67.4139,-2.32186,148.221,78.1911,-12.5219,133.941,87.5505,3.43063,-177.861,
-4.85007,36.9058,-33.5442,22.0507,104.537,-0.67516,-176.847,109.388,4.73291,-174.317,67.6316,-1.82903,148.606,75.8433,-13.0835,135.555,89.6823,2.98218,-178.213,
-4.85007,36.9058,-33.5442,22.0507,104.537,-0.67516,-176.847,109.388,4.73291,-174.317,67.6316,-1.82903,148.606,75.8433,-13.0835,135.555,89.6823,2.98218,-178.213,
-5.18183,34.469,-34.368,21.1895,104.179,-0.763207,-176.606,109.361,4.65581,-174.425,69.7103,-2.29808,149.017,74.993,-13.0631,136.731,90.8997,2.61447,-178.378,
-5.18183,34.469,-34.368,21.1895,104.179,-0.763207,-176.606,109.361,4.65581,-174.425,69.7103,-2.29808,149.017,74.993,-13.0631,136.731,90.8997,2.61447,-178.378,
-5.00907,32.435,-33.9732,19.1207,104.214,-0.840542,-176.476,109.223,4.46225,-174.371,71.779,-2.54377,150.084,75.2499,-12.3289,138.665,90.8997,2.61447,-178.378,
-5.00907,32.435,-33.9732,19.1207,104.214,-0.840542,-176.476,109.223,4.46225,-174.371,71.779,-2.54377,150.084,75.2499,-12.3289,138.665,90.8997,2.61447,-178.378,
-5.21577,30.226,-35.1424,22.7375,104.007,-0.998959,-175.997,109.223,4.46225,-174.371,73.7813,-2.68814,150.11,74.0807,-12.809,137.615,96.5188,1.10722,-178.443,
-5.21577,30.226,-35.1424,22.7375,104.007,-0.998959,-175.997,109.223,4.46225,-174.371,73.7813,-2.68814,150.11,74.0807,-12.809,137.615,96.5188,1.10722,-178.443,
-3.94661,27.4141,-33.3276,21.675,103.797,-1.04915,-175.796,107.744,3.65038,-173.657,76.3832,-2.72168,149.296,74.4163,-14.0569,135.643,98.0582,0.634291,-178.394,
-3.94661,27.4141,-33.3276,21.675,103.797,-1.04915,-175.796,107.744,3.65038,-173.657,76.3832,-2.72168,149.296,74.4163,-14.0569,135.643,98.0582,0.634291,-178.394,
-3.1573,27.0299,-31.5677,23.0367,103.413,-1.11226,-175.407,106.57,3.27883,-173.397,76.3832,-2.72168,149.296,75.0026,-14.7292,134.635,99.4199,0.112463,-178.284,
-3.1573,27.0299,-31.5677,23.0367,103.413,-1.11226,-175.407,106.57,3.27883,-173.397,76.3832,-2.72168,149.296,75.0026,-14.7292,134.635,99.4199,0.112463,-178.284,
0.765897,22.3311,-27.2796,18.7028,103.048,-0.900868,-175.127,102.282,2.35726,-174.412,80.7171,-4.82354,147.948,75.0026,-14.7292,134.635,99.4199,0.112463,-178.284,
0.765897,22.3311,-27.2796,18.7028,103.048,-0.900868,-175.127,102.282,2.35726,-174.412,80.7171,-4.82354,147.948,75.0026,-14.7292,134.635,99.4199,0.112463,-178.284,
0.476728,19.1898,-22.0152,23.7357,102.759,-0.817861,-175.24,102.282,2.35726,-174.412,83.5692,-5.25364,147.402,80.2671,-13.6045,136,107.305,-3.39134,-174.982,
0.476728,19.1898,-22.0152,23.7357,102.759,-0.817861,-175.24,102.282,2.35726,-174.412,83.5692,-5.25364,147.402,80.2671,-13.6045,136,107.305,-3.39134,-174.982,
10.6041,16.6582,-9.30012,23.3637,103.288,-0.497238,-176.203,92.6839,-1.79253,-176.024,86.6298,-5.40775,145.132,83.3837,-13.8264,133.544,109.993,-5.20723,-171.856,
10.6041,16.6582,-9.30012,23.3637,103.288,-0.497238,-176.203,92.6839,-1.79253,-176.024,86.6298,-5.40775,145.132,83.3837,-13.8264,133.544,109.993,-5.20723,-171.856,
11.9451,16.3484,-7.64936,26.1379,102.978,-0.185942,-177.661,91.0331,-2.0403,-173.67,86.6298,-5.40775,145.132,83.3837,-13.8264,133.544,112.768,-6.92571,-169.648,
11.9451,16.3484,-7.64936,26.1379,102.978,-0.185942,-177.661,91.0331,-2.0403,-173.67,86.6298,-5.40775,145.132,83.3837,-13.8264,133.544,112.768,-6.92571,-169.648,
12.2708,7.07973,-4.4424,22.3346,102.194,0.0052515,179.789,89.9228,-1.63634,-171.072,95.1138,-6.7207,140.735,85.4804,-13.5929,133.428,117.448,-9.28685,-168.821,
12.2708,7.07973,-4.4424,22.3346,102.194,0.0052515,179.789,89.9228,-1.63634,-171.072,95.1138,-6.7207,140.735,85.4804,-13.5929,133.428,117.448,-9.28685,-168.821,
11.8595,5.16679,-4.4424,20.8329,101.782,0.101253,177.8,89.9228,-1.63634,-171.072,96.6155,-6.71741,140.749,85.4804,-13.5929,133.428,117.448,-9.28685,-168.821,
11.8595,5.16679,-4.4424,20.8329,101.782,0.101253,177.8,89.9228,-1.63634,-171.072,96.6155,-6.71741,140.749,85.4804,-13.5929,133.428,117.448,-9.28685,-168.821,
13.0892,3.8309,-0.057628,21.349,101.523,-0.336169,177.933,88.4334,0.393601,-169.128,97.6918,-6.44638,140.689,88.3758,-12.874,132.351,119.041,-8.9705,-171.195,
13.0892,3.8309,-0.057628,21.349,101.523,-0.336169,177.933,88.4334,0.393601,-169.128,97.6918,-6.44638,140.689,88.3758,-12.874,132.351,119.041,-8.9705,-171.195,
20.6789,3.19205,7.55917,19.689,101.496,-0.418003,-179.785,80.8167,1.17506,-172.814,98.3035,-5.89921,140.71,88.3758,-12.874,132.351,117.992,-8.48487,-171.672,
20.6789,3.19205,7.55917,19.689,101.496,-0.418003,-179.785,80.8167,1.17506,-172.814,98.3035,-5.89921,140.71,88.3758,-12.874,132.351,117.992,-8.48487,-171.672,
22.2961,1.04116,11.5471,14.5596,100.566,-0.822898,-176.543,78.2704,1.16234,-174.217,99.5253,-5.74516,138.833,89.8175,-12.3746,131.695,114.085,-7.04227,-173.336,
22.2961,1.04116,11.5471,14.5596,100.566,-0.822898,-176.543,78.2704,1.16234,-174.217,99.5253,-5.74516,138.833,89.8175,-12.3746,131.695,114.085,-7.04227,-173.336,
22.3705,1.11562,13.2326,8.53295,100.641,-1.05214,-176.814,78.2704,1.16234,-174.217,99.5253,-5.74516,138.833,91.503,-11.6956,132.088,108.058,-5.45093,-174.598,
22.3705,1.11562,13.2326,8.53295,100.641,-1.05214,-176.814,78.2704,1.16234,-174.217,99.5253,-5.74516,138.833,91.503,-11.6956,132.088,108.058,-5.45093,-174.598,
29.5092,-0.160057,22.3431,3.41242,100.66,-1.38153,-177.855,71.1507,-0.737497,178.65,100.82,-5.91898,137.64,93.4937,-10.8882,132.927,104.232,-4.54016,-175.316,
29.5092,-0.160057,22.3431,3.41242,100.66,-1.38153,-177.855,71.1507,-0.737497,178.65,100.82,-5.91898,137.64,93.4937,-10.8882,132.927,104.232,-4.54016,-175.316,
29.4653,-2.7226,22.9595,-2.72642,99.9995,-1.71822,-177.956,70.5342,-1.50275,177.36,102.722,-6.15802,136.24,93.4937,-10.8882,132.927,99.9957,-3.67326,-175.519,
29.4653,-2.7226,22.9595,-2.72642,99.9995,-1.71822,-177.956,70.5342,-1.50275,177.36,102.722,-6.15802,136.24,93.4937,-10.8882,132.927,99.9957,-3.67326,-175.519,
29.5273,-3.82417,25.1869,-13.0424,99.8411,-2.28101,-177.872,70.3138,-2.25747,176.241,103.665,-5.77963,136.277,95.5007,-9.73305,133.876,90.6229,-1.85012,-175.113,
29.5273,-3.82417,25.1869,-13.0424,99.8411,-2.28101,-177.872,70.3138,-2.25747,176.241,103.665,-5.77963,136.277,95.5007,-9.73305,133.876,90.6229,-1.85012,-175.113,
28.6997,-4.60169,27.4999,-29.6154,99.8581,-3.02447,-178.05,71.1584,-3.19935,175.164,104.46,-5.2653,136.326,98.6583,-8.47517,134.177,74.8444,2.40781,-174.799,
28.6997,-4.60169,27.4999,-29.6154,99.8581,-3.02447,-178.05,71.1584,-3.19935,175.164,104.46,-5.2653,136.326,98.6583,-8.47517,134.177,74.8444,2.40781,-174.799,
26.4726,-4.9446,26.7193,-35.0072,99.5152,-3.63725,-178.574,73.0426,-3.0562,176.217,104.46,-5.2653,136.326,99.762,-8.01237,134.752,69.4526,3.89364,-175.915,
26.4726,-4.9446,26.7193,-35.0072,99.5152,-3.63725,-178.574,73.0426,-3.0562,176.217,104.46,-5.2653,136.326,99.762,-8.01237,134.752,69.4526,3.89364,-175.915,
25.352,-6.16491,25.5445,-36.2817,99.5694,-3.20679,-177.066,74.2174,-2.24705,178.229,105.734,-5.01384,136.401,99.762,-8.01237,134.752,69.4526,3.89364,-175.915,
25.352,-6.16491,25.5445,-36.2817,99.5694,-3.20679,-177.066,74.2174,-2.24705,178.229,105.734,-5.01384,136.401,99.762,-8.01237,134.752,69.4526,3.89364,-175.915,
25.4963,-7.34267,31.5776,-48.1958,99.7137,-3.16912,-176.699,74.2174,-2.24705,178.229,107.056,-4.71782,135.649,105.795,-6.17621,136.475,58.8606,5.30112,179.992,
25.4963,-7.34267,31.5776,-48.1958,99.7137,-3.16912,-176.699,74.2174,-2.24705,178.229,107.056,-4.71782,135.649,105.795,-6.17621,136.475,58.8606,5.30112,179.992,
26.2307,-7.36078,33.5934,-59.8436,100.112,-3.66227,-175.768,73.8818,-0.716252,177.605,107.473,-4.80515,135.161,107.475,-5.56776,136.686,47.6296,4.83872,175.744,
26.2307,-7.36078,33.5934,-59.8436,100.112,-3.66227,-175.768,73.8818,-0.716252,177.605,107.473,-4.80515,135.161,107.475,-5.56776,136.686,47.6296,4.83872,175.744,
27.862,-7.36078,35.2247,-59.8436,100.112,-3.66227,-175.768,72.2504,-1.49428,172.283,107.473,-4.80515,135.161,107.475,-5.56776,136.686,47.6296,4.83872,175.744,
27.862,-7.36078,35.2247,-59.8436,100.112,-3.66227,-175.768,72.2504,-1.49428,172.283,107.473,-4.80515,135.161,107.475,-5.56776,136.686,47.6296,4.83872,175.744,
29.3466,-7.43486,40.7423,-60.7694,100.998,-3.32486,-175.827,71.6511,-2.92949,171.569,108.433,-4.62411,132.151,112.393,-3.02753,136.77,47.6631,3.06917,174.105,
29.3466,-7.43486,40.7423,-60.7694,100.998,-3.32486,-175.827,71.6511,-2.92949,171.569,108.433,-4.62411,132.151,112.393,-3.02753,136.77,47.6631,3.06917,174.105,
29.3421,-5.78894,44.8133,-52.1009,100.993,-2.78824,-175.378,71.6511,-2.92949,171.569,106.782,-4.61891,131.872,116.464,-0.698236,136.298,54.6813,6.77254,178.556,
29.3421,-5.78894,44.8133,-52.1009,100.993,-2.78824,-175.378,71.6511,-2.92949,171.569,106.782,-4.61891,131.872,116.464,-0.698236,136.298,54.6813,6.77254,178.556,
17.9901,-3.32807,36.126,-47.2757,100.653,-2.33772,-175.437,82.6628,-1.01272,172.973,103.981,-4.50777,132.256,118.789,0.733085,135.838,56.7053,7.41152,179.456,
17.9901,-3.32807,36.126,-47.2757,100.653,-2.33772,-175.437,82.6628,-1.01272,172.973,103.981,-4.50777,132.256,118.789,0.733085,135.838,56.7053,7.41152,179.456,
17.2572,-3.39905,37.8861,-44.8475,100.582,-2.15142,-176.163,83.3248,-0.508801,172.962,103.981,-4.50777,132.256,121.211,2.38562,135.428,59.1335,7.86464,-179.798,
17.2572,-3.39905,37.8861,-44.8475,100.582,-2.15142,-176.163,83.3248,-0.508801,172.962,103.981,-4.50777,132.256,121.211,2.38562,135.428,59.1335,7.86464,-179.798,
17.7393,9.11349,41.9342,-32.817,101.064,-2.33772,-176.221,83.3248,-0.508801,172.962,91.9506,-3.42948,135.536,125.259,7.26504,132.787,59.1335,7.86464,-179.798,
17.7393,9.11349,41.9342,-32.817,101.064,-2.33772,-176.221,83.3248,-0.508801,172.962,91.9506,-3.42948,135.536,125.259,7.26504,132.787,59.1335,7.86464,-179.798,
17.6579,10.952,43.646,-27.4902,100.983,-2.52714,-175.27,83.3248,-0.508801,172.962,90.0306,-2.90553,135.055,126.971,10.9101,129.856,62.5404,6.98541,179.551,
17.6579,10.952,43.646,-27.4902,100.983,-2.52714,-175.27,83.3248,-0.508801,172.962,90.0306,-2.90553,135.055,126.971,10.9101,129.856,62.5404,6.98541,179.551,
6.05438,11.8783,36.9596,-22.3889,100.399,-2.65491,-174.115,94.3448,2.78761,176.195,88.5209,-3.14871,132.456,131.304,15.8988,128.442,66.132,8.02826,-179.498,
6.05438,11.8783,36.9596,-22.3889,100.399,-2.65491,-174.115,94.3448,2.78761,176.195,88.5209,-3.14871,132.456,131.304,15.8988,128.442,66.132,8.02826,-179.498,
5.91846,14.2691,37.0892,-20.1412,101.193,-2.55676,-174.576,95.2742,3.30923,176.228,86.9235,-5.8327,128.858,132.363,16.3056,128.921,66.7823,8.23346,-179.354,
5.91846,14.2691,37.0892,-20.1412,101.193,-2.55676,-174.576,95.2742,3.30923,176.228,86.9235,-5.8327,128.858,132.363,16.3056,128.921,66.7823,8.23346,-179.354,
6.40414,22.4107,37.8489,-13.2994,102.492,-2.76423,-176.352,96.0883,3.60729,176.422,80.0817,-8.5453,132.292,133.937,15.6433,131.26,66.7823,8.23346,-179.354,
6.40414,22.4107,37.8489,-13.2994,102.492,-2.76423,-176.352,96.0883,3.60729,176.422,80.0817,-8.5453,132.292,133.937,15.6433,131.26,66.7823,8.23346,-179.354,
4.86611,25.7528,34.5687,-8.64569,102.811,-3.02187,-178.315,97.9446,3.56645,176.391,77.0579,-8.94733,133.715,132.513,14.9786,131.184,68.4122,9.21802,-178.021,
4.86611,25.7528,34.5687,-8.64569,102.811,-3.02187,-178.315,97.9446,3.56645,176.391,77.0579,-8.94733,133.715,132.513,14.9786,131.184,68.4122,9.21802,-178.021,
4.14646,25.0445,30.8963,-7.95672,102.102,-2.74679,-178.494,97.956,3.51062,176.484,77.0579,-8.94733,133.715,128.852,12.87,131.475,69.1012,9.35215,-177.528,
4.14646,25.0445,30.8963,-7.95672,102.102,-2.74679,-178.494,97.956,3.51062,176.484,77.0579,-8.94733,133.715,128.852,12.87,131.475,69.1012,9.35215,-177.528,
2.85453,24.303,30.3458,-7.02129,101.361,-2.39905,-177.795,98.5064,3.62189,177.307,77.0579,-8.94733,133.715,128.852,12.87,131.475,70.0366,9.34727,-177.056,
2.85453,24.303,30.3458,-7.02129,101.361,-2.39905,-177.795,98.5064,3.62189,177.307,77.0579,-8.94733,133.715,128.852,12.87,131.475,70.0366,9.34727,-177.056,
2.81492,28.8412,24.3378,-2.44353,101.321,-2.08763,-178.026,98.5064,3.62189,177.307,72.4801,-9.88595,136.543,122.844,8.89412,132.667,70.0366,9.34727,-177.056,
2.81492,28.8412,24.3378,-2.44353,101.321,-2.08763,-178.026,98.5064,3.62189,177.307,72.4801,-9.88595,136.543,122.844,8.89412,132.667,70.0366,9.34727,-177.056,
-1.00123,32.1851,7.69646,5.87383,100.876,-1.42522,-178.703,101.877,4.53006,-179.945,68.6905,-8.62969,143.826,109.573,1.38935,136.434,74.5643,8.58942,-176.033,
-1.00123,32.1851,7.69646,5.87383,100.876,-1.42522,-178.703,101.877,4.53006,-179.945,68.6905,-8.62969,143.826,109.573,1.38935,136.434,74.5643,8.58942,-176.033,
-1.73894,33.0657,0.903845,6.97465,101.756,-0.849199,179.785,103.495,4.81587,-178.982,68.6905,-8.62969,143.826,104.399,-0.758363,136.531,75.6651,8.32244,-175.974,
-1.73894,33.0657,0.903845,6.97465,101.756,-0.849199,179.785,103.495,4.81587,-178.982,68.6905,-8.62969,143.826,104.399,-0.758363,136.531,75.6651,8.32244,-175.974,
-1.26384,33.7418,0.259958,7.6436,102.875,-0.243269,-179.505,104.139,4.846,-178.764,69.1333,-6.93983,145.791,104.399,-0.758363,136.531,76.7769,7.99976,-175.989,
-1.26384,33.7418,0.259958,7.6436,102.875,-0.243269,-179.505,104.139,4.846,-178.764,69.1333,-6.93983,145.791,104.399,-0.758363,136.531,76.7769,7.99976,-175.989,
-2.2441,29.9382,-11.0389,6.42811,102.634,0.0926887,-177.999,104.878,4.84384,-178.497,72.6958,-6.85912,143.559,93.8392,-5.40867,135.156,79.1239,7.30263,-176.162,
-2.2441,29.9382,-11.0389,6.42811,102.634,0.0926887,-177.999,104.878,4.84384,-178.497,72.6958,-6.85912,143.559,93.8392,-5.40867,135.156,79.1239,7.30263,-176.162,
-3.15404,28.0863,-25.3727,7.98483,101.724,0.433965,-178.001,104.878,4.84384,-178.497,73.6378,-7.57796,142.379,79.5054,-14.153,134.183,81.6226,6.55416,-176.852,
-3.15404,28.0863,-25.3727,7.98483,101.724,0.433965,-178.001,104.878,4.84384,-178.497,73.6378,-7.57796,142.379,79.5054,-14.153,134.183,81.6226,6.55416,-176.852,
-4.58479,28.1872,-26.9043,9.44453,101.825,0.492744,-178.158,106.41,4.82356,-178.014,73.6378,-7.57796,142.379,79.5054,-14.153,134.183,83.0823,6.17763,-177.44,
-4.58479,28.1872,-26.9043,9.44453,101.825,0.492744,-178.158,106.41,4.82356,-178.014,73.6378,-7.57796,142.379,79.5054,-14.153,134.183,83.0823,6.17763,-177.44,
-5.20437,29.4735,-32.2651,11.7201,102.42,0.696526,-178.566,107.624,4.80005,-177.274,72.9461,-8.81217,141.573,75.3588,-16.1665,135.733,84.6662,5.79796,-178.081,
-5.20437,29.4735,-32.2651,11.7201,102.42,0.696526,-178.566,107.624,4.80005,-177.274,72.9461,-8.81217,141.573,75.3588,-16.1665,135.733,84.6662,5.79796,-178.081,
-5.49706,30.675,-37.4715,16.393,102.554,0.778854,-178.438,108.051,4.84611,-176.895,71.8787,-11.8596,143.812,70.5793,-19.0333,135.097,88.2717,5.03159,-179.038,
-5.49706,30.675,-37.4715,16.393,102.554,0.778854,-178.438,108.051,4.84611,-176.895,71.8787,-11.8596,143.812,70.5793,-19.0333,135.097,88.2717,5.03159,-179.038,
-6.39413,30.0939,-34.9454,20.2881,102.236,0.679929,-178.159,108.63,4.97985,-176.015,72.1416,-11.2628,144.263,73.6842,-18.4744,132.582,92.4297,4.16638,-179.641,
-6.39413,30.0939,-34.9454,20.2881,102.236,0.679929,-178.159,108.63,4.97985,-176.015,72.1416,-11.2628,144.263,73.6842,-18.4744,132.582,92.4297,4.16638,-179.641,
-3.40663,29.8253,-30.9404,22.4643,101.967,0.490464,-177.741,105.374,4.267,-175.572,72.1416,-11.2628,144.263,74.4332,-19.2484,130.75,94.606,3.6846,-179.754,
-3.40663,29.8253,-30.9404,22.4643,101.967,0.490464,-177.741,105.374,4.267,-175.572,72.1416,-11.2628,144.263,74.4332,-19.2484,130.75,94.606,3.6846,-179.754,
-0.188731,21.0577,-27.6134,16.0218,101.858,0.473929,-176.853,102.047,3.57176,-176.678,80.8001,-8.22907,143.243,74.4332,-19.2484,130.75,96.8219,3.16116,-179.442,
-0.188731,21.0577,-27.6134,16.0218,101.858,0.473929,-176.853,102.047,3.57176,-176.678,80.8001,-8.22907,143.243,74.4332,-19.2484,130.75,96.8219,3.16116,-179.442,
-0.118227,21.1081,-21.9519,20.8397,101.928,0.517629,-176.845,102.047,3.57176,-176.678,80.8202,-8.07277,144.181,80.0947,-18.12,128.232,101.66,1.81825,-178.514,
-0.118227,21.1081,-21.9519,20.8397,101.928,0.517629,-176.845,102.047,3.57176,-176.678,80.8202,-8.07277,144.181,80.0947,-18.12,128.232,101.66,1.81825,-178.514,
6.11643,19.5071,-12.4548,23.731,101.892,0.574405,-177.089,95.7758,0.935433,-179.24,82.3852,-7.83587,143.864,83.321,-16.523,129.533,106.116,-0.395381,-176.1,
6.11643,19.5071,-12.4548,23.731,101.892,0.574405,-177.089,95.7758,0.935433,-179.24,82.3852,-7.83587,143.864,83.321,-16.523,129.533,106.116,-0.395381,-176.1,
11.3377,19.0546,-5.55493,30.2624,101.44,0.840221,-177.844,90.1021,-1.96821,-172.76,82.3852,-7.83587,143.864,84.5472,-15.8694,130.064,112.648,-4.8624,-169.663,
11.3377,19.0546,-5.55493,30.2624,101.44,0.840221,-177.844,90.1021,-1.96821,-172.76,82.3852,-7.83587,143.864,84.5472,-15.8694,130.064,112.648,-4.8624,-169.663,
12.6377,6.23523,-4.10757,17.5903,101.292,1.30436,-178.82,88.6548,-1.65545,-169.048,95.0573,-8.21923,137.216,84.5472,-15.8694,130.064,112.648,-4.8624,-169.663,
12.6377,6.23523,-4.10757,17.5903,101.292,1.30436,-178.82,88.6548,-1.65545,-169.048,95.0573,-8.21923,137.216,84.5472,-15.8694,130.064,112.648,-4.8624,-169.663,
13.4921,6.58057,0.364395,23.1774,102.147,1.73617,-179.707,88.6548,-1.65545,-169.048,95.5663,-8.62676,137.873,89.0191,-15.0291,129.444,118.744,-8.04816,-169.438,
13.4921,6.58057,0.364395,23.1774,102.147,1.73617,-179.707,88.6548,-1.65545,-169.048,95.5663,-8.62676,137.873,89.0191,-15.0291,129.444,118.744,-8.04816,-169.438,
22.7837,6.63042,10.6385,24.4397,102.728,2.19333,178.372,79.9441,0.532735,-171.592,96.0974,-8.84906,138.252,90.5825,-14.3038,129.945,120.537,-8.04079,-172.582,
22.7837,6.63042,10.6385,24.4397,102.728,2.19333,178.372,79.9441,0.532735,-171.592,96.0974,-8.84906,138.252,90.5825,-14.3038,129.945,120.537,-8.04079,-172.582,
26.3413,4.95216,13.7604,21.8892,103.163,2.39105,177.665,76.8221,0.0897175,-173.815,98.2112,-7.96375,157.829,90.5825,-14.3038,129.945,120.1,-8.18531,-172.459,
26.3413,4.95216,13.7604,21.8892,103.163,2.39105,177.665,76.8221,0.0897175,-173.815,98.2112,-7.96375,157.829,90.5825,-14.3038,129.945,120.1,-8.18531,-172.459,
26.3413,4.95216,13.7604,21.8892,103.163,2.39105,177.665,76.8221,0.0897175,-173.815,98.2112,-7.96375,157.829,90.5825,-14.3038,129.945,120.1,-8.18531,-172.459,
26.3413,4.95216,13.7604,21.8892,103.163,2.39105,177.665,76.8221,0.0897175,-173.815,98.2112,-7.96375,157.829,90.5825,-14.3038,129.945,120.1,-8.18531,-172.459,
28.1542,2.34765,19.9703,11.1211,102.332,1.91962,-178.571,74.1777,-0.3414,-175.635,99.9843,-6.98122,157.174,94.148,-12.4404,131.163,111.105,-6.75947,-176.77,
28.1542,2.34765,19.9703,11.1211,102.332,1.91962,-178.571,74.1777,-0.3414,-175.635,99.9843,-6.98122,157.174,94.148,-12.4404,131.163,111.105,-6.75947,-176.77,
34.8352,0.871797,29.3894,6.50084,101.824,1.70457,-177.93,66.9886,-3.01648,177.045,100.952,-6.75891,156.142,96.378,-11.5131,131.622,107.453,-6.36284,-177.753,
34.8352,0.871797,29.3894,6.50084,101.824,1.70457,-177.93,66.9886,-3.01648,177.045,100.952,-6.75891,156.142,96.378,-11.5131,131.622,107.453,-6.36284,-177.753,
34.6898,-1.76231,29.8405,0.385104,101.227,1.28108,-178.557,66.5375,-3.78725,175.386,102.99,-6.75681,134.307,96.378,-11.5131,131.622,103.375,-6.25234,-178.102,
34.6898,-1.76231,29.8405,0.385104,101.227,1.28108,-178.557,66.5375,-3.78725,175.386,102.99,-6.75681,134.307,96.378,-11.5131,131.622,103.375,-6.25234,-178.102,
33.9395,-4.78232,32.4451,-6.22654,100.388,0.769632,-179.127,66.4481,-4.5218,173.918,105.17,-6.26859,131.937,98.8932,-10.4475,131.944,98.9435,-6.08825,-177.523,
33.9395,-4.78232,32.4451,-6.22654,100.388,0.769632,-179.127,66.4481,-4.5218,173.918,105.17,-6.26859,131.937,98.8932,-10.4475,131.944,98.9435,-6.08825,-177.523,
34.1844,-5.05297,35.9632,-21.6444,100.633,0.27385,178.802,66.4481,-4.5218,173.918,105.685,-5.98816,131.344,102.411,-9.02824,131.799,84.0411,-3.52158,-175.55,
34.1844,-5.05297,35.9632,-21.6444,100.633,0.27385,178.802,66.4481,-4.5218,173.918,105.685,-5.98816,131.344,102.411,-9.02824,131.799,84.0411,-3.52158,-175.55,
33.3696,-4.23194,34.3273,-21.6444,101.454,0.837839,179.247,68.0839,-6.05923,171.409,105.685,-5.98816,131.344,102.411,-9.02824,131.799,84.0411,-3.52158,-175.55,
33.3696,-4.23194,34.3273,-21.6444,101.454,0.837839,179.247,68.0839,-6.05923,171.409,105.685,-5.98816,131.344,102.411,-9.02824,131.799,84.0411,-3.52158,-175.55,
31.8178,-5.65906,32.4595,-35.3243,102.962,0.680016,-179.94,71.1439,-6.24887,171.191,108.621,-5.20613,129.549,103.603,-8.57222,131.881,73.2965,-0.445417,-176.08,
31.8178,-5.65906,32.4595,-35.3243,102.962,0.680016,-179.94,71.1439,-6.24887,171.191,108.621,-5.20613,129.549,103.603,-8.57222,131.881,73.2965,-0.445417,-176.08,
29.6957,-7.4192,33.9173,-47.2479,102.459,0.0601258,-179.242,72.7637,-6.15981,171.44,109.879,-4.8305,129.033,106.681,-7.29088,131.391,62.6307,2.55829,-178.921,
29.6957,-7.4192,33.9173,-47.2479,102.459,0.0601258,-179.242,72.7637,-6.15981,171.44,109.879,-4.8305,129.033,106.681,-7.29088,131.391,62.6307,2.55829,-178.921,
28.4442,-8.87738,36.0998,-56.3016,101.208,-0.264476,179.812,72.7637,-6.15981,171.44,110.085,-4.78011,128.934,108.864,-6.43329,131.116,53.7837,3.01881,176.316,
28.4442,-8.87738,36.0998,-56.3016,101.208,-0.264476,179.812,72.7637,-6.15981,171.44,110.085,-4.78011,128.934,108.864,-6.43329,131.116,53.7837,3.01881,176.316,
29.7501,-8.34012,38.0701,-59.3825,101.745,0.0762417,178.52,71.9951,-5.28443,171.427,110.085,-4.78011,128.934,110.065,-5.80445,130.997,50.7028,3.42831,175.529,
29.7501,-8.34012,38.0701,-59.3825,101.745,0.0762417,178.52,71.9951,-5.28443,171.427,110.085,-4.78011,128.934,110.065,-5.80445,130.997,50.7028,3.42831,175.529,
32.9877,-8.00864,40.6637,-61.7331,102.389,0.912689,179.548,69.4014,-5.88054,169.539,110.398,-4.13,127.236,110.065,-5.80445,130.997,48.6646,3.87927,175.187,
32.9877,-8.00864,40.6637,-61.7331,102.389,0.912689,179.548,69.4014,-5.88054,169.539,110.398,-4.13,127.236,110.065,-5.80445,130.997,48.6646,3.87927,175.187,
33.1527,-7.84364,44.7791,-58.0806,102.554,1.37265,179.887,69.4014,-5.88054,169.539,110.398,-4.13,127.236,114.18,-3.33222,131.107,52.3172,5.79309,-175.563,
33.1527,-7.84364,44.7791,-58.0806,102.554,1.37265,179.887,69.4014,-5.88054,169.539,110.398,-4.13,127.236,114.18,-3.33222,131.107,52.3172,5.79309,-175.563,
26.1875,-6.50207,39.6774,-55.7177,102.555,1.48145,179.965,76.3679,-3.93885,171.751,109.057,-3.87747,126.196,116.045,-2.26471,131.222,53.3398,6.18522,-175.614,
26.1875,-6.50207,39.6774,-55.7177,102.555,1.48145,179.965,76.3679,-3.93885,171.751,109.057,-3.87747,126.196,116.045,-2.26471,131.222,53.3398,6.18522,-175.614,
20.2877,-6.54346,37.7862,-52.7462,102.514,2.03752,179.378,82.2263,-3.46821,169.602,109.057,-3.87747,126.196,120.012,0.494891,130.424,56.3112,4.24498,-176.822,
20.2877,-6.54346,37.7862,-52.7462,102.514,2.03752,179.378,82.2263,-3.46821,169.602,109.057,-3.87747,126.196,120.012,0.494891,130.424,56.3112,4.24498,-176.822,
20.9267,6.06068,38.4228,-40.1445,102.516,2.06444,179.254,81.5897,-3.97548,168.259,96.4557,-3.23601,128.579,120.012,0.494891,130.424,56.3112,4.24498,-176.822,
20.9267,6.06068,38.4228,-40.1445,102.516,2.06444,179.254,81.5897,-3.97548,168.259,96.4557,-3.23601,128.579,120.012,0.494891,130.424,56.3112,4.24498,-176.822,
20.8208,8.66492,46.2518,-31.49,102.41,1.95623,-179.974,81.5897,-3.97548,168.259,93.7456,-2.87624,129.176,127.841,9.20486,125.667,62.2555,5.63182,-176.988,
20.8208,8.66492,46.2518,-31.49,102.41,1.95623,-179.974,81.5897,-3.97548,168.259,93.7456,-2.87624,129.176,127.841,9.20486,125.667,62.2555,5.63182,-176.988,
17.651,10.5275,45.5009,-27.7221,102.027,1.90436,-178.988,84.3755,-1.58979,170.179,91.499,-2.69246,128.752,129.876,12.1361,124.476,63.7769,5.41469,-177.79,
17.651,10.5275,45.5009,-27.7221,102.027,1.90436,-178.988,84.3755,-1.58979,170.179,91.499,-2.69246,128.752,129.876,12.1361,124.476,63.7769,5.41469,-177.79,
11.3239,10.5481,41.0536,-24.2797,102.047,2.03875,-178.114,90.7232,1.36648,169.712,91.499,-2.69246,128.752,131.777,14.5119,124.302,67.2193,4.52736,-178.935,
11.3239,10.5481,41.0536,-24.2797,102.047,2.03875,-178.114,90.7232,1.36648,169.712,91.499,-2.69246,128.752,131.777,14.5119,124.302,67.2193,4.52736,-178.935,
11.7189,10.9431,41.0536,-24.2797,102.442,1.94984,-178.215,90.7232,1.36648,169.712,91.499,-2.69246,128.752,131.777,14.5119,124.302,67.2193,4.52736,-178.935,
11.7189,10.9431,41.0536,-24.2797,102.442,1.94984,-178.215,90.7232,1.36648,169.712,91.499,-2.69246,128.752,131.777,14.5119,124.302,67.2193,4.52736,-178.935,
11.7947,14.9831,43.042,-15.1517,102.166,1.51007,-178.952,90.371,1.6393,169.958,87.1827,-6.34636,125.96,133.413,17.4944,125.473,72.031,4.43942,179.824,
11.7947,14.9831,43.042,-15.1517,102.166,1.51007,-178.952,90.371,1.6393,169.958,87.1827,-6.34636,125.96,133.413,17.4944,125.473,72.031,4.43942,179.824,
8.40078,20.4521,38.0533,-6.38725,101.86,1.24677,-179.7,93.4594,2.73423,171.717,81.4082,-7.64189,129.023,131.513,17.1485,125.624,75.0209,3.94957,179.147,
8.40078,20.4521,38.0533,-6.38725,101.86,1.24677,-179.7,93.4594,2.73423,171.717,81.4082,-7.64189,129.023,131.513,17.1485,125.624,75.0209,3.94957,179.147,
6.73809,25.4628,34.5131,-0.0749977,101.942,1.46628,179.523,95.2038,2.87294,172.512,76.4791,-8.40501,131.735,129.717,16.2417,125.539,76.4041,3.66081,178.783,
6.73809,25.4628,34.5131,-0.0749977,101.942,1.46628,179.523,95.2038,2.87294,172.512,76.4791,-8.40501,131.735,129.717,16.2417,125.539,76.4041,3.66081,178.783,
2.83544,28.0145,31.4661,3.33239,101.086,2.20108,179.253,98.2507,2.96672,173.982,73.0717,-8.24082,134.879,129.717,16.2417,125.539,76.4041,3.66081,178.783,
2.83544,28.0145,31.4661,3.33239,101.086,2.20108,179.253,98.2507,2.96672,173.982,73.0717,-8.24082,134.879,129.717,16.2417,125.539,76.4041,3.66081,178.783,
1.30111,28.3236,18.8191,8.4365,99.5519,2.2938,179.867,98.2507,2.96672,173.982,71.2283,-7.25535,138.004,117.07,8.50543,125.575,79.6648,3.53897,178.066,
1.30111,28.3236,18.8191,8.4365,99.5519,2.2938,179.867,98.2507,2.96672,173.982,71.2283,-7.25535,138.004,117.07,8.50543,125.575,79.6648,3.53897,178.066,
-3.37328,27.2725,10.8893,9.17737,98.5008,2.35554,-179.451,101.874,3.52543,174.94,71.2283,-7.25535,138.004,112.763,5.81651,126.035,80.4056,3.6178,178.184,
-3.37328,27.2725,10.8893,9.17737,98.5008,2.35554,-179.451,101.874,3.52543,174.94,71.2283,-7.25535,138.004,112.763,5.81651,126.035,80.4056,3.6178,178.184,
-6.90134,26.6161,3.84123,10.8484,97.4988,2.65199,-178.533,104.4,4.22084,175.416,70.8827,-5.98153,140.614,108.241,3.32352,126.362,81.731,3.91447,178.691,
-6.90134,26.6161,3.84123,10.8484,97.4988,2.65199,-178.533,104.4,4.22084,175.416,70.8827,-5.98153,140.614,108.241,3.32352,126.362,81.731,3.91447,178.691,
-8.82754,25.2922,-6.92831,10.5348,97.178,3.15485,-178.053,106.006,4.68094,175.519,71.8858,-4.56389,141.634,99.0773,-1.39746,125.537,82.4207,4.06631,178.927,
-8.82754,25.2922,-6.92831,10.5348,97.178,3.15485,-178.053,106.006,4.68094,175.519,71.8858,-4.56389,141.634,99.0773,-1.39746,125.537,82.4207,4.06631,178.927,
-8.09958,24.5174,-15.8935,10.6482,97.906,3.6584,-178.861,106.006,4.68094,175.519,73.3886,-5.49064,140.746,90.1121,-6.88371,125.764,84.0368,4.13495,179.344,
-8.09958,24.5174,-15.8935,10.6482,97.906,3.6584,-178.861,106.006,4.68094,175.519,73.3886,-5.49064,140.746,90.1121,-6.88371,125.764,84.0368,4.13495,179.344,
-9.71327,24.3394,-26.2048,11.6538,97.728,3.86509,-178.383,107.441,4.57313,176.604,73.3886,-5.49064,140.746,81.2365,-11.2353,131.126,85.0424,4.10374,179.641,
-9.71327,24.3394,-26.2048,11.6538,97.728,3.86509,-178.383,107.441,4.57313,176.604,73.3886,-5.49064,140.746,81.2365,-11.2353,131.126,85.0424,4.10374,179.641,
-8.92621,23.7276,-26.1032,12.9187,98.4136,4.00175,-177.596,107.34,4.58452,177.029,74.686,-5.40855,140.064,81.2365,-11.2353,131.126,87.6047,3.95432,-179.91,
-8.92621,23.7276,-26.1032,12.9187,98.4136,4.00175,-177.596,107.34,4.58452,177.029,74.686,-5.40855,140.064,81.2365,-11.2353,131.126,87.6047,3.95432,-179.91,
-8.06875,24.7485,-32.2998,14.7273,99.2455,3.93323,-177.144,107.314,4.625,177.542,74.4971,-6.15973,142.246,75.0145,-13.4065,134.376,89.2244,3.76032,-179.793,
-8.06875,24.7485,-32.2998,14.7273,99.2455,3.93323,-177.144,107.314,4.625,177.542,74.4971,-6.15973,142.246,75.0145,-13.4065,134.376,89.2244,3.76032,-179.793,
-8.06875,24.7485,-30.4329,18.8829,99.2455,3.93323,-177.144,107.314,4.625,177.542,74.4971,-6.15973,142.246,76.8814,-14.8301,131.969,93.3799,3.14359,-179.721,
-8.06875,24.7485,-30.4329,18.8829,99.2455,3.93323,-177.144,107.314,4.625,177.542,74.4971,-6.15973,142.246,76.8814,-14.8301,131.969,93.3799,3.14359,-179.721,
-5.39001,24.014,-26.5067,22.6168,99.3796,3.84145,-176.933,104.77,3.52695,179.083,75.3656,-6.72483,142.672,78.2629,-16.0834,129.016,97.9824,2.36687,-179.677,
-5.39001,24.014,-26.5067,22.6168,99.3796,3.84145,-176.933,104.77,3.52695,179.083,75.3656,-6.72483,142.672,78.2629,-16.0834,129.016,97.9824,2.36687,-179.677,
0.985909,18.8095,-20.2078,19.773,99.4566,3.70993,-176.227,98.4707,1.84919,177,80.6471,-6.66664,140.806,78.2629,-16.0834,129.016,100.42,1.92127,-179.214,
0.985909,18.8095,-20.2078,19.773,99.4566,3.70993,-176.227,98.4707,1.84919,177,80.6471,-6.66664,140.806,78.2629,-16.0834,129.016,100.42,1.92127,-179.214,
0.917244,12.065,-17.6326,15.6239,99.3879,3.82586,-176.073,98.4707,1.84919,177,87.3229,-6.28805,142.393,80.8381,-16.586,130.449,102.947,1.33385,-178.521,
0.917244,12.065,-17.6326,15.6239,99.3879,3.82586,-176.073,98.4707,1.84919,177,87.3229,-6.28805,142.393,80.8381,-16.586,130.449,102.947,1.33385,-178.521,
0.818444,10.6067,-11.6345,22.0254,99.2891,4.08783,-176.279,98.4707,1.84919,177,88.6825,-5.62027,141.783,86.8362,-14.2413,130.5,110.708,-2.8655,-171.502,
0.818444,10.6067,-11.6345,22.0254,99.2891,4.08783,-176.279,98.4707,1.84919,177,88.6825,-5.62027,141.783,86.8362,-14.2413,130.5,110.708,-2.8655,-171.502,
11.0063,11.4613,-0.783999,29.1062,100.144,5.17869,-179.608,89.1375,-1.14126,-173.709,88.6825,-5.62027,141.783,88.3535,-14.0922,131.364,117.789,-7.6808,-166.632,
11.0063,11.4613,-0.783999,29.1062,100.144,5.17869,-179.608,89.1375,-1.14126,-173.709,88.6825,-5.62027,141.783,88.3535,-14.0922,131.364,117.789,-7.6808,-166.632,
11.1561,5.5193,-0.783999,23.0144,100.294,5.40526,179.639,89.1375,-1.14126,-173.709,94.7743,-5.60834,137.373,88.3535,-14.0922,131.364,117.789,-7.6808,-166.632,
11.1561,5.5193,-0.783999,23.0144,100.294,5.40526,179.639,89.1375,-1.14126,-173.709,94.7743,-5.60834,137.373,88.3535,-14.0922,131.364,117.789,-7.6808,-166.632,
11.7808,0.590282,1.58195,20.8281,100.36,5.62926,178.818,88.5794,0.0571254,-172.004,99.7699,-6.55445,137.71,90.1613,-12.865,133.437,120.598,-8.95799,-167.488,
11.7808,0.590282,1.58195,20.8281,100.36,5.62926,178.818,88.5794,0.0571254,-172.004,99.7699,-6.55445,137.71,90.1613,-12.865,133.437,120.598,-8.95799,-167.488,
15.6995,-0.454833,8.50496,20.8564,99.7882,6.08296,176.55,84.0888,1.42974,-172.413,100.243,-6.42955,137.832,92.5937,-12.6851,131.841,121.1,-9.13027,-168.541,
15.6995,-0.454833,8.50496,20.8564,99.7882,6.08296,176.55,84.0888,1.42974,-172.413,100.243,-6.42955,137.832,92.5937,-12.6851,131.841,121.1,-9.13027,-168.541,
23.3264,-0.66738,17.9546,16.9113,99.5757,6.34654,179.726,76.2493,1.42499,-176.962,100.243,-6.42955,137.832,94.2039,-11.8859,133.633,117.154,-8.85798,-168.542,
23.3264,-0.66738,17.9546,16.9113,99.5757,6.34654,179.726,76.2493,1.42499,-176.962,100.243,-6.42955,137.832,94.2039,-11.8859,133.633,117.154,-8.85798,-168.542,
25.4978,-2.45449,20.1342,15.1324,99.5675,5.97222,-176.646,74.0697,1.05942,-178.846,102.022,-5.3703,137.335,94.2039,-11.8859,133.633,117.154,-8.85798,-168.542,
25.4978,-2.45449,20.1342,15.1324,99.5675,5.97222,-176.646,74.0697,1.05942,-178.846,102.022,-5.3703,137.335,94.2039,-11.8859,133.633,117.154,-8.85798,-168.542,
26.5745,-2.51846,25.057,7.99583,100.644,5.76135,-176.514,74.0697,1.05942,-178.846,103.163,-5.41011,136.171,99.1267,-9.90964,134.486,111.158,-7.4819,-169.333,
26.5745,-2.51846,25.057,7.99583,100.644,5.76135,-176.514,74.0697,1.05942,-178.846,103.163,-5.41011,136.171,99.1267,-9.90964,134.486,111.158,-7.4819,-169.333,
30.4543,-3.51978,30.3324,-1.26144,100.608,5.43592,-177.896,70.1533,-0.650387,176.158,104.127,-5.40134,135.142,100.486,-9.36667,134.446,102.866,-4.99232,-172.239,
30.4543,-3.51978,30.3324,-1.26144,100.608,5.43592,-177.896,70.1533,-0.650387,176.158,104.127,-5.40134,135.142,100.486,-9.36667,134.446,102.866,-4.99232,-172.239,
32.459,-5.70905,32.6754,-7.90582,100.269,5.20889,-178.133,67.8104,-2.68227,172.246,105.979,-5.04296,133.252,100.486,-9.36667,134.446,98.0727,-4.00056,-173.221,
32.459,-5.70905,32.6754,-7.90582,100.269,5.20889,-178.133,67.8104,-2.68227,172.246,105.979,-5.04296,133.252,100.486,-9.36667,134.446,98.0727,-4.00056,-173.221,
29.579,-9.14005,32.5631,-15.0097,98.7958,3.85601,179.795,69.2167,-5.39778,169.47,107.936,-4.35035,132.178,101.78,-8.83084,134.346,92.9261,-3.03545,-172.997,
29.579,-9.14005,32.5631,-15.0097,98.7958,3.85601,179.795,69.2167,-5.39778,169.47,107.936,-4.35035,132.178,101.78,-8.83084,134.346,92.9261,-3.03545,-172.997,
30.269,-9.36395,36.9876,-32.4246,99.4857,3.16977,177.478,69.2167,-5.39778,169.47,108.85,-3.92932,131.798,106.204,-6.72366,134.03,76.4251,1.77759,-168.944,
30.269,-9.36395,36.9876,-32.4246,99.4857,3.16977,177.478,69.2167,-5.39778,169.47,108.85,-3.92932,131.798,106.204,-6.72366,134.03,76.4251,1.77759,-168.944,
28.7177,-7.52655,33.6822,-38.9856,102.192,3.70885,179.705,73.4739,-4.63801,171.834,109.718,-3.56981,131.483,107.156,-6.32342,133.819,70.7325,4.18988,-168.167,
28.7177,-7.52655,33.6822,-38.9856,102.192,3.70885,179.705,73.4739,-4.63801,171.834,109.718,-3.56981,131.483,107.156,-6.32342,133.819,70.7325,4.18988,-168.167,
26.8517,-9.44175,33.2685,-51.2273,101.629,2.86366,178.763,74.7776,-2.50308,174.297,111.071,-2.88852,130.869,108.046,-5.89699,133.59,59.8437,8.47809,-169.613,
26.8517,-9.44175,33.2685,-51.2273,101.629,2.86366,178.763,74.7776,-2.50308,174.297,111.071,-2.88852,130.869,108.046,-5.89699,133.59,59.8437,8.47809,-169.613,
29.1544,-8.93085,36.7844,-56.3997,102.461,2.66975,177.197,73.3063,-1.88135,175.263,111.391,-2.94573,129.762,110.091,-4.84243,132.752,54.9918,9.37875,-171.464,
29.1544,-8.93085,36.7844,-56.3997,102.461,2.66975,177.197,73.3063,-1.88135,175.263,111.391,-2.94573,129.762,110.091,-4.84243,132.752,54.9918,9.37875,-171.464,
29.5001,-8.58515,36.7844,-62.2105,102.806,2.70967,177.222,73.3063,-1.88135,175.263,111.391,-2.94573,129.762,110.091,-4.84243,132.752,49.181,9.65556,-174.081,
29.5001,-8.58515,36.7844,-62.2105,102.806,2.70967,177.222,73.3063,-1.88135,175.263,111.391,-2.94573,129.762,110.091,-4.84243,132.752,49.181,9.65556,-174.081,
32.5372,-7.37429,45.5279,-59.9974,103.805,3.12343,178.267,71.2681,-0.287725,172.503,111.18,-2.94387,129.437,116.796,-1.56715,133.142,51.1821,8.16579,-174.598,
32.5372,-7.37429,45.5279,-59.9974,103.805,3.12343,178.267,71.2681,-0.287725,172.503,111.18,-2.94387,129.437,116.796,-1.56715,133.142,51.1821,8.16579,-174.598,
27.3653,-5.62946,40.1781,-57.0292,103.983,4.03339,178.912,76.6179,-0.362159,173.389,109.613,-2.8306,128.351,116.796,-1.56715,133.142,52.5835,10.1045,-172.633,
27.3653,-5.62946,40.1781,-57.0292,103.983,4.03339,178.912,76.6179,-0.362159,173.389,109.613,-2.8306,128.351,116.796,-1.56715,133.142,52.5835,10.1045,-172.633,
22.5628,0.309031,40.5016,-49.4703,103.352,4.26775,177.749,80.7888,-0.743718,172.423,103.043,-2.87235,129.012,121.29,1.1462,132.864,53.5723,8.41901,-174.042,
22.5628,0.309031,40.5016,-49.4703,103.352,4.26775,177.749,80.7888,-0.743718,172.423,103.043,-2.87235,129.012,121.29,1.1462,132.864,53.5723,8.41901,-174.042,
22.985,7.6198,44.8673,-35.7675,103.774,4.17538,177.318,80.7888,-0.743718,172.423,96.154,-2.34297,129.223,125.656,5.18469,130.944,60.3865,9.58324,-172.687,
22.985,7.6198,44.8673,-35.7675,103.774,4.17538,177.318,80.7888,-0.743718,172.423,96.154,-2.34297,129.223,125.656,5.18469,130.944,60.3865,9.58324,-172.687,
17.6813,7.55967,43.2043,-34.1487,103.714,3.90039,179.375,86.0323,1.12084,172.04,96.154,-2.34297,129.223,129.237,12.1796,126.249,62.0052,8.85166,-173.579,
17.6813,7.55967,43.2043,-34.1487,103.714,3.90039,179.375,86.0323,1.12084,172.04,96.154,-2.34297,129.223,129.237,12.1796,126.249,62.0052,8.85166,-173.579,
14.6626,9.96279,40.9591,-29.2758,102.94,3.38388,-178.474,88.2775,2.15067,172.494,92.9773,-2.33212,127.249,129.237,12.1796,126.249,63.7015,8.1477,-174.185,
14.6626,9.96279,40.9591,-29.2758,102.94,3.38388,-178.474,88.2775,2.15067,172.494,92.9773,-2.33212,127.249,129.237,12.1796,126.249,63.7015,8.1477,-174.185,
12.2583,12.7657,42.587,-23.989,103.462,3.32084,-178.687,91.2036,3.01883,173.242,90.6962,-4.41774,125.19,133.791,17.2015,126.151,66.7072,8.1211,-173.776,
12.2583,12.7657,42.587,-23.989,103.462,3.32084,-178.687,91.2036,3.01883,173.242,90.6962,-4.41774,125.19,133.791,17.2015,126.151,66.7072,8.1211,-173.776,
9.41971,17.0472,40.9868,-18.8428,104.372,3.26512,179.745,94.9521,4.32262,174.79,87.3245,-6.9612,126.904,135.939,17.2033,129.551,68.4818,7.98334,-174.324,
9.41971,17.0472,40.9868,-18.8428,104.372,3.26512,179.745,94.9521,4.32262,174.79,87.3245,-6.9612,126.904,135.939,17.2033,129.551,68.4818,7.98334,-174.324,
7.07971,16.6943,38.4034,-17.9816,104.019,3.34042,178.187,96.9391,4.61813,174.947,87.3245,-6.9612,126.904,135.343,16.9417,129.755,69.3429,7.82863,-174.705,
7.07971,16.6943,38.4034,-17.9816,104.019,3.34042,178.187,96.9391,4.61813,174.947,87.3245,-6.9612,126.904,135.343,16.9417,129.755,69.3429,7.82863,-174.705,
4.70325,26.2632,37.7135,-5.82585,102.332,3.9231,177.964,97.6291,4.25944,175.056,76.0692,-8.79075,134.102,135.343,16.9417,129.755,70.2433,7.54143,-175.174,
4.70325,26.2632,37.7135,-5.82585,102.332,3.9231,177.964,97.6291,4.25944,175.056,76.0692,-8.79075,134.102,135.343,16.9417,129.755,70.2433,7.54143,-175.174,
3.67209,28.0999,28.2332,-0.217111,101.995,3.60467,175.888,98.3227,4.11018,175.252,73.8949,-9.18752,135.641,126.556,12.0583,131.19,73.6778,6.87644,-175.611,
3.67209,28.0999,28.2332,-0.217111,101.995,3.60467,175.888,98.3227,4.11018,175.252,73.8949,-9.18752,135.641,126.556,12.0583,131.19,73.6778,6.87644,-175.611,
-1.40578,26.6707,22.0584,2.38184,99.2603,4.64778,171.659,100.666,4.49245,177.157,72.5896,-9.24371,137.292,122.724,10.2742,131.122,74.9714,6.75523,-175.444,
-1.40578,26.6707,22.0584,2.38184,99.2603,4.64778,171.659,100.666,4.49245,177.157,72.5896,-9.24371,137.292,122.724,10.2742,131.122,74.9714,6.75523,-175.444,
-2.86476,26.5885,20.6817,3.66224,99.1781,4.66975,172.157,102.043,4.76407,178.185,72.5896,-9.24371,137.292,122.724,10.2742,131.122,76.2518,6.58805,-175.271,
-2.86476,26.5885,20.6817,3.66224,99.1781,4.66975,172.157,102.043,4.76407,178.185,72.5896,-9.24371,137.292,122.724,10.2742,131.122,76.2518,6.58805,-175.271,
-3.40883,30.1771,13.9858,6.8234,100.915,5.75912,175.782,104.324,5.12326,179.794,70.7382,-8.00795,140.929,118.31,8.28569,130.831,77.5616,6.42684,-175.021,
-3.40883,30.1771,13.9858,6.8234,100.915,5.75912,175.782,104.324,5.12326,179.794,70.7382,-8.00795,140.929,118.31,8.28569,130.831,77.5616,6.42684,-175.021,
-1.68171,30.8296,-7.16876,8.54826,102.642,5.94903,179.71,104.324,5.12326,179.794,71.8128,-5.22355,143.589,97.1554,-2.18906,129.122,80.3611,5.97433,-174.621,
-1.68171,30.8296,-7.16876,8.54826,102.642,5.94903,179.71,104.324,5.12326,179.794,71.8128,-5.22355,143.589,97.1554,-2.18906,129.122,80.3611,5.97433,-174.621,
-4.29733,29.5416,-15.0496,9.8131,102.593,6.44674,-179.103,106.89,5.19356,-179.156,73.051,-4.59196,143.317,91.8404,-5.36844,129.151,82.8641,5.65296,-174.08,
-4.29733,29.5416,-15.0496,9.8131,102.593,6.44674,-179.103,106.89,5.19356,-179.156,73.051,-4.59196,143.317,91.8404,-5.36844,129.151,82.8641,5.65296,-174.08,
-5.54948,29.2654,-21.2423,11.0536,102.316,6.45165,-178.29,107.866,5.05973,-178.428,73.051,-4.59196,143.317,86.6235,-8.60325,129.907,84.1045,5.51344,-173.798,
-5.54948,29.2654,-21.2423,11.0536,102.316,6.45165,-178.29,107.866,5.05973,-178.428,73.051,-4.59196,143.317,86.6235,-8.60325,129.907,84.1045,5.51344,-173.798,
-5.05403,30.2341,-21.2899,12.812,102.859,6.45968,-178.175,107.913,4.99359,-178.049,72.6254,-4.91803,143.894,86.6235,-8.60325,129.907,85.4373,5.28604,-173.571,
-5.05403,30.2341,-21.2899,12.812,102.859,6.45968,-178.175,107.913,4.99359,-178.049,72.6254,-4.91803,143.894,86.6235,-8.60325,129.907,85.4373,5.28604,-173.571,
-4.83648,32.1299,-33.6915,17.5436,103.077,6.33584,-178.203,107.913,4.99359,-178.049,70.9471,-5.69725,144.528,74.222,-13.9947,136.088,88.4907,4.66999,-173.196,
-4.83648,32.1299,-33.6915,17.5436,103.077,6.33584,-178.203,107.913,4.99359,-178.049,70.9471,-5.69725,144.528,74.222,-13.9947,136.088,88.4907,4.66999,-173.196,
-4.82851,32.7051,-32.2148,21.8607,103.168,6.09148,-177.901,107.997,5.14734,-177.09,70.4631,-6.5835,146.09,75.7819,-14.4289,135.498,92.3237,3.86405,-173.184,
-4.82851,32.7051,-32.2148,21.8607,103.168,6.09148,-177.901,107.997,5.14734,-177.09,70.4631,-6.5835,146.09,75.7819,-14.4289,135.498,92.3237,3.86405,-173.184,
-2.59975,32.6614,-29.8633,26.5899,103.124,5.69581,-176.648,105.724,4.27987,-176.157,70.4631,-6.5835,146.09,75.8609,-14.5208,134.169,97.053,2.79537,-173.259,
-2.59975,32.6614,-29.8633,26.5899,103.124,5.69581,-176.648,105.724,4.27987,-176.157,70.4631,-6.5835,146.09,75.8609,-14.5208,134.169,97.053,2.79537,-173.259,
-1.33454,19.3853,-23.4139,14.5412,101.897,5.31204,-174.487,103.232,3.46872,-176.629,82.5118,-6.22345,141.209,79.8177,-15.6565,130.103,97.053,2.79537,-173.259,
-1.33454,19.3853,-23.4139,14.5412,101.897,5.31204,-174.487,103.232,3.46872,-176.629,82.5118,-6.22345,141.209,79.8177,-15.6565,130.103,97.053,2.79537,-173.259,
-1.27085,17.3013,-19.9662,22.4445,101.961,5.56513,-174.452,103.232,3.46872,-176.629,84.6595,-5.18889,144.607,83.2654,-13.5797,132.332,107.104,-1.2535,-168.161,
-1.27085,17.3013,-19.9662,22.4445,101.961,5.56513,-174.452,103.232,3.46872,-176.629,84.6595,-5.18889,144.607,83.2654,-13.5797,132.332,107.104,-1.2535,-168.161,
4.83374,17.5869,-12.1514,25.784,102.246,5.85019,-175.278,97.4126,1.45706,-178.201,84.6595,-5.18889,144.607,85.2612,-13.124,132.543,110.443,-3.70109,-164.539,
4.83374,17.5869,-12.1514,25.784,102.246,5.85019,-175.278,97.4126,1.45706,-178.201,84.6595,-5.18889,144.607,85.2612,-13.124,132.543,110.443,-3.70109,-164.539,
10.0838,12.8692,-5.02301,24.6487,102.432,6.22471,-176.483,92.3487,-1.11757,-169.163,89.5632,-5.57675,142.409,87.3257,-13.2749,132.683,114.212,-6.46362,-161.335,
10.0838,12.8692,-5.02301,24.6487,102.432,6.22471,-176.483,92.3487,-1.11757,-169.163,89.5632,-5.57675,142.409,87.3257,-13.2749,132.683,114.212,-6.46362,-161.335,
10.0759,12.8614,-3.04681,24.6487,102.425,6.74748,-177.976,92.3487,-1.11757,-169.163,89.5632,-5.57675,142.409,89.3019,-12.4382,135.455,114.212,-6.46362,-161.335,
10.0759,12.8614,-3.04681,24.6487,102.425,6.74748,-177.976,92.3487,-1.11757,-169.163,89.5632,-5.57675,142.409,89.3019,-12.4382,135.455,114.212,-6.46362,-161.335,
11.4515,5.20199,1.48586,23.4446,102.231,7.46672,-179.52,90.7796,-0.560823,-166.776,97.0291,-6.44471,141.928,92.2654,-11.6326,136.351,120.474,-9.99392,-161.797,
11.4515,5.20199,1.48586,23.4446,102.231,7.46672,-179.52,90.7796,-0.560823,-166.776,97.0291,-6.44471,141.928,92.2654,-11.6326,136.351,120.474,-9.99392,-161.797,
20.5757,4.05887,12.6442,23.105,101.088,7.80957,-179.147,80.5122,1.01717,-169.246,97.0291,-6.44471,141.928,93.1564,-11.2579,137.132,120.134,-9.98291,-161.509,
20.5757,4.05887,12.6442,23.105,101.088,7.80957,-179.147,80.5122,1.01717,-169.246,97.0291,-6.44471,141.928,93.1564,-11.2579,137.132,120.134,-9.98291,-161.509,
23.3099,3.01163,15.207,20.3591,101.259,7.40674,-176.44,77.9494,1.04041,-170.525,98.2477,-5.76034,142.177,93.1564,-11.2579,137.132,118.607,-9.56715,-161.606,
23.3099,3.01163,15.207,20.3591,101.259,7.40674,-176.44,77.9494,1.04041,-170.525,98.2477,-5.76034,142.177,93.1564,-11.2579,137.132,118.607,-9.56715,-161.606,
25.8893,1.63513,19.7923,18.7517,101.49,6.92162,-172.638,75.6008,0.971028,-172.111,99.855,-5.16842,140.948,95.3932,-10.5645,137.676,118.607,-9.56715,-161.606,
25.8893,1.63513,19.7923,18.7517,101.49,6.92162,-172.638,75.6008,0.971028,-172.111,99.855,-5.16842,140.948,95.3932,-10.5645,137.676,118.607,-9.56715,-161.606,
25.926,0.321275,23.6123,6.24085,101.527,6.87706,-172.191,75.6008,0.971028,-172.111,101.206,-5.12328,139.68,99.2132,-9.1198,137.588,107.446,-5.30832,-166.124,
25.926,0.321275,23.6123,6.24085,101.527,6.87706,-172.191,75.6008,0.971028,-172.111,101.206,-5.12328,139.68,99.2132,-9.1198,137.588,107.446,-5.30832,-166.124,
32.1428,0.0317545,30.1187,1.94836,101.237,6.70806,-172.057,69.0945,-1.14035,-179.213,101.206,-5.12328,139.68,99.2132,-9.1198,137.588,103.154,-4.14026,-167.073,
32.1428,0.0317545,30.1187,1.94836,101.237,6.70806,-172.057,69.0945,-1.14035,-179.213,101.206,-5.12328,139.68,99.2132,-9.1198,137.588,103.154,-4.14026,-167.073,
32.5775,-5.05072,33.2906,-6.35768,99.7878,5.94475,-173.321,67.2103,-3.21793,177.199,104.838,-5.03027,136.591,100.501,-8.6472,137.451,98.4808,-3.08269,-167.716,
32.5775,-5.05072,33.2906,-6.35768,99.7878,5.94475,-173.321,67.2103,-3.21793,177.199,104.838,-5.03027,136.591,100.501,-8.6472,137.451,98.4808,-3.08269,-167.716,
31.3881,-7.68665,35.3047,-18.3681,98.9872,5.43372,-175.286,67.5991,-4.033,176,106.674,-4.49997,135.522,102.904,-7.75849,137.138,88.3057,-0.804955,-166.909,
31.3881,-7.68665,35.3047,-18.3681,98.9872,5.43372,-175.286,67.5991,-4.033,176,106.674,-4.49997,135.522,102.904,-7.75849,137.138,88.3057,-0.804955,-166.909,
28.475,-8.67014,34.7992,-30.5583,98.9086,5.00377,-176.388,70.4336,-4.25139,175.387,107.579,-4.16613,135.239,105.233,-6.84523,137.136,77.0205,2.19612,-166.179,
28.475,-8.67014,34.7992,-30.5583,98.9086,5.00377,-176.388,70.4336,-4.25139,175.387,107.579,-4.16613,135.239,105.233,-6.84523,137.136,77.0205,2.19612,-166.179,
24.2125,-8.74433,32.7159,-42.0059,98.8344,4.8524,-175.632,74.6219,-2.95682,177.31,107.579,-4.16613,135.239,107.338,-5.88016,136.938,65.5729,6.1767,-166.841,
24.2125,-8.74433,32.7159,-42.0059,98.8344,4.8524,-175.632,74.6219,-2.95682,177.31,107.579,-4.16613,135.239,107.338,-5.88016,136.938,65.5729,6.1767,-166.841,
23.6551,-10.4345,30.9687,-44.8858,100.024,5.77811,-172.4,76.3691,-2.09599,178.626,110.459,-2.79195,134.061,107.338,-5.88016,136.938,65.5729,6.1767,-166.841,
23.6551,-10.4345,30.9687,-44.8858,100.024,5.77811,-172.4,76.3691,-2.09599,178.626,110.459,-2.79195,134.061,107.338,-5.88016,136.938,65.5729,6.1767,-166.841,
22.8912,-10.5463,34.7744,-44.9517,99.9782,5.15096,-173.766,77.0871,-1.81231,178.909,110.525,-2.86331,133.897,111.861,-3.90893,136.129,65.5729,6.1767,-166.841,
22.8912,-10.5463,34.7744,-44.9517,99.9782,5.15096,-173.766,77.0871,-1.81231,178.909,110.525,-2.86331,133.897,111.861,-3.90893,136.129,65.5729,6.1767,-166.841,
27.022,-10.6391,40.4313,-44.9517,99.8855,4.96586,-174.155,72.8635,-1.3779,177.891,110.525,-2.86331,133.897,113.295,-3.28131,136.35,65.5729,6.1767,-166.841,
27.022,-10.6391,40.4313,-44.9517,99.8855,4.96586,-174.155,72.8635,-1.3779,177.891,110.525,-2.86331,133.897,113.295,-3.28131,136.35,65.5729,6.1767,-166.841,
30.737,-10.6715,45.9279,-62.309,99.982,5.16994,-174.499,69.2451,-1.34419,174.213,110.654,-2.99839,133.722,115.173,-2.44934,136.675,48.3445,7.6897,-174.446,
30.737,-10.6715,45.9279,-62.309,99.982,5.16994,-174.499,69.2451,-1.34419,174.213,110.654,-2.99839,133.722,115.173,-2.44934,136.675,48.3445,7.6897,-174.446,
27.5187,-7.05173,42.7225,-56.9733,99.9691,6.33741,-172.744,72.4505,-0.378338,176.434,107.021,-2.73055,132.078,115.173,-2.44934,136.675,50.0476,9.71663,-172.016,
27.5187,-7.05173,42.7225,-56.9733,99.9691,6.33741,-172.744,72.4505,-0.378338,176.434,107.021,-2.73055,132.078,115.173,-2.44934,136.675,50.0476,9.71663,-172.016,
21.3063,-3.25123,45.8145,-49.9994,99.6338,7.40815,-172.525,78.3275,0.0215097,178.728,102.885,-2.76611,133.158,124.142,3.02403,135.68,52.8855,10.0585,-170.454,
21.3063,-3.25123,45.8145,-49.9994,99.6338,7.40815,-172.525,78.3275,0.0215097,178.728,102.885,-2.76611,133.158,124.142,3.02403,135.68,52.8855,10.0585,-170.454,
16.4706,1.25178,42.7485,-40.9277,100.005,7.3381,-173.993,83.5345,-0.32021,175.472,98.7534,-2.51423,133.72,126.283,5.36283,134.399,57.8257,10.2234,-169.321,
16.4706,1.25178,42.7485,-40.9277,100.005,7.3381,-173.993,83.5345,-0.32021,175.472,98.7534,-2.51423,133.72,126.283,5.36283,134.399,57.8257,10.2234,-169.321,
14.9073,0.45658,43.6583,-37.1717,99.2099,7.09754,-171.219,84.3026,0.462305,175.265,98.7534,-2.51423,133.72,127.961,8.72146,131.795,61.5816,8.4634,-171.347,
14.9073,0.45658,43.6583,-37.1717,99.2099,7.09754,-171.219,84.3026,0.462305,175.265,98.7534,-2.51423,133.72,127.961,8.72146,131.795,61.5816,8.4634,-171.347,
13.3767,5.50547,42.1277,-32.1228,99.2099,7.09754,-171.219,85.8332,1.48258,175.58,93.7045,-1.68974,132.507,127.961,8.72146,131.795,61.5816,8.4634,-171.347,
13.3767,5.50547,42.1277,-32.1228,99.2099,7.09754,-171.219,85.8332,1.48258,175.58,93.7045,-1.68974,132.507,127.961,8.72146,131.795,61.5816,8.4634,-171.347,
10.9542,9.15441,47.5295,-24.7583,99.0818,7.28018,-171.925,88.1276,2.54833,175.987,89.9274,-4.09349,126.84,135.657,17.6564,130.52,65.1691,7.75656,-171.827,
10.9542,9.15441,47.5295,-24.7583,99.0818,7.28018,-171.925,88.1276,2.54833,175.987,89.9274,-4.09349,126.84,135.657,17.6564,130.52,65.1691,7.75656,-171.827,
3.98049,11.2009,41.4799,-19.5988,99.1649,6.60991,-173.848,95.1845,4.10541,177.494,87.964,-5.46402,127.723,136.664,17.5834,132.129,68.3651,7.90297,-171.648,
3.98049,11.2009,41.4799,-19.5988,99.1649,6.60991,-173.848,95.1845,4.10541,177.494,87.964,-5.46402,127.723,136.664,17.5834,132.129,68.3651,7.90297,-171.648,
1.32778,16.6037,39.8926,-12.6392,98.4357,5.7027,-175.302,97.1079,4.22156,177.674,81.8319,-7.24981,131.745,137,17.6045,133.321,69.1928,7.88168,-171.522,
1.32778,16.6037,39.8926,-12.6392,98.4357,5.7027,-175.302,97.1079,4.22156,177.674,81.8319,-7.24981,131.745,137,17.6045,133.321,69.1928,7.88168,-171.522,
0.394256,23.3587,36.6835,-6.0925,98.644,6.37366,-176.335,98.2498,4.13794,178.466,75.2853,-7.75563,135.473,134.933,17.3232,133.027,69.1928,7.88168,-171.522,
0.394256,23.3587,36.6835,-6.0925,98.644,6.37366,-176.335,98.2498,4.13794,178.466,75.2853,-7.75563,135.473,134.933,17.3232,133.027,69.1928,7.88168,-171.522,
0.499511,28.395,32.5899,0.25907,98.7493,6.86371,-176.145,98.2498,4.13794,178.466,70.3543,-8.56048,138.483,130.84,15.2433,133.144,70.6133,7.88539,-171.281,
0.499511,28.395,32.5899,0.25907,98.7493,6.86371,-176.145,98.2498,4.13794,178.466,70.3543,-8.56048,138.483,130.84,15.2433,133.144,70.6133,7.88539,-171.281,
-0.00917161,27.8864,29.7139,2.15967,98.2406,6.80174,-175.811,98.2498,4.13794,178.466,70.3543,-8.56048,138.483,127.964,13.5313,133.328,72.5139,7.57222,-171.441,
-0.00917161,27.8864,29.7139,2.15967,98.2406,6.80174,-175.811,98.2498,4.13794,178.466,70.3543,-8.56048,138.483,127.964,13.5313,133.328,72.5139,7.57222,-171.441,
-3.31683,30.5087,23.4363,7.82638,97.6117,6.76532,-175.439,100.928,4.53961,-179.874,67.103,-8.4173,142.418,124.365,11.5236,133.451,74.9294,7.15866,-171.667,
-3.31683,30.5087,23.4363,7.82638,97.6117,6.76532,-175.439,100.928,4.53961,-179.874,67.103,-8.4173,142.418,124.365,11.5236,133.451,74.9294,7.15866,-171.667,
-5.77499,30.6631,6.8292,8.17272,97.4198,6.98883,-175.13,103.195,5.03225,-177.977,66.7567,-5.49255,146.918,110.024,4.58278,132.408,74.9294,7.15866,-171.667,
-5.77499,30.6631,6.8292,8.17272,97.4198,6.98883,-175.13,103.195,5.03225,-177.977,66.7567,-5.49255,146.918,110.024,4.58278,132.408,74.9294,7.15866,-171.667,
-4.69774,30.8404,-3.93167,12.503,98.497,7.53682,-175.554,103.195,5.03225,-177.977,67.6566,-4.62482,147.289,99.2631,-1.21124,130.529,80.1596,6.20596,-171.949,
-4.69774,30.8404,-3.93167,12.503,98.497,7.53682,-175.554,103.195,5.03225,-177.977,67.6566,-4.62482,147.289,99.2631,-1.21124,130.529,80.1596,6.20596,-171.949,
-7.80352,31.6044,-13.1029,13.7945,99.261,8.06202,-174.987,107.064,5.41007,-175.693,67.6566,-4.62482,147.289,93.9616,-4.60707,130.1,81.4511,6.03118,-171.854,
-7.80352,31.6044,-13.1029,13.7945,99.261,8.06202,-174.987,107.064,5.41007,-175.693,67.6566,-4.62482,147.289,93.9616,-4.60707,130.1,81.4511,6.03118,-171.854,
-8.12902,25.6488,-13.5775,8.98493,99.41,8.15858,-172.675,107.539,5.39752,-175.394,73.7612,-4.98324,144.875,93.9616,-4.60707,130.1,82.7462,5.855,-171.688,
-8.12902,25.6488,-13.5775,8.98493,99.41,8.15858,-172.675,107.539,5.39752,-175.394,73.7612,-4.98324,144.875,93.9616,-4.60707,130.1,82.7462,5.855,-171.688,
-7.9818,27.3676,-24.0533,10.3926,99.7211,8.27548,-172.255,107.703,5.36743,-175.092,72.3535,-4.93529,144.921,83.6497,-11.6294,131.946,82.7462,5.855,-171.688,
-7.9818,27.3676,-24.0533,10.3926,99.7211,8.27548,-172.255,107.703,5.36743,-175.092,72.3535,-4.93529,144.921,83.6497,-11.6294,131.946,82.7462,5.855,-171.688,
-7.76445,29.7775,-24.0533,15.3468,99.9385,8.34124,-172.2,107.703,5.36743,-175.092,70.161,-5.79171,144.752,83.6497,-11.6294,131.946,85.5078,5.45668,-171.246,
-7.76445,29.7775,-24.0533,15.3468,99.9385,8.34124,-172.2,107.703,5.36743,-175.092,70.161,-5.79171,144.752,83.6497,-11.6294,131.946,85.5078,5.45668,-171.246,
-7.64482,30.117,-33.1108,21.1461,100.278,8.2735,-172.167,107.923,5.27736,-173.765,70.161,-5.79171,144.752,74.812,-16.9872,135.485,91.3071,4.30638,-171.105,
-7.64482,30.117,-33.1108,21.1461,100.278,8.2735,-172.167,107.923,5.27736,-173.765,70.161,-5.79171,144.752,74.812,-16.9872,135.485,91.3071,4.30638,-171.105,
-7.1931,29.175,-32.6309,22.514,100.25,7.96945,-171.207,107.443,4.97749,-173.166,71.0748,-8.56348,147.157,74.812,-16.9872,135.485,93.5888,3.79254,-171.082,
-7.1931,29.175,-32.6309,22.514,100.25,7.96945,-171.207,107.443,4.97749,-173.166,71.0748,-8.56348,147.157,74.812,-16.9872,135.485,93.5888,3.79254,-171.082,
-5.74092,19.0197,-27.9598,12.8586,99.7499,7.85361,-169.775,105.491,4.36998,-172.984,80.7302,-7.6534,141.211,77.531,-17.8687,130.484,93.5888,3.79254,-171.082,
-5.74092,19.0197,-27.9598,12.8586,99.7499,7.85361,-169.775,105.491,4.36998,-172.984,80.7302,-7.6534,141.211,77.531,-17.8687,130.484,93.5888,3.79254,-171.082,
-5.25436,18.7685,-23.805,22.3724,100.236,8.02954,-170.106,105.491,4.36998,-172.984,81.4679,-6.7992,143.721,81.6859,-16.1795,131.945,103.84,0.704439,-168.767,
-5.25436,18.7685,-23.805,22.3724,100.236,8.02954,-170.106,105.491,4.36998,-172.984,81.4679,-6.7992,143.721,81.6859,-16.1795,131.945,103.84,0.704439,-168.767,
6.3366,18.9968,-10.7935,24.6457,100.465,8.46183,-172.408,94.1281,-0.173469,-176.839,81.4679,-6.7992,143.721,83.3346,-15.2442,133.314,106.114,-0.918905,-165.994,
6.3366,18.9968,-10.7935,24.6457,100.465,8.46183,-172.408,94.1281,-0.173469,-176.839,81.4679,-6.7992,143.721,83.3346,-15.2442,133.314,106.114,-0.918905,-165.994,
7.53909,14.3743,-9.26566,23.6035,100.139,8.81227,-174.184,92.6003,-1.57291,-173.23,85.7651,-7.01624,145.14,83.3346,-15.2442,133.314,109.369,-3.45412,-161.668,
7.53909,14.3743,-9.26566,23.6035,100.139,8.81227,-174.184,92.6003,-1.57291,-173.23,85.7651,-7.01624,145.14,83.3346,-15.2442,133.314,109.369,-3.45412,-161.668,
8.63028,6.31179,-4.88682,23.3555,99.8269,9.47272,-176.509,91.1966,-1.99902,-168.173,93.5151,-6.81149,143.145,86.3098,-13.89,135.229,116.871,-8.46509,-157.162,
8.63028,6.31179,-4.88682,23.3555,99.8269,9.47272,-176.509,91.1966,-1.99902,-168.173,93.5151,-6.81149,143.145,86.3098,-13.89,135.229,116.871,-8.46509,-157.162,
10.1967,4.62458,0.507102,23.8726,99.5982,9.9185,-177.494,89.4015,-0.344047,-162.977,94.9736,-6.83918,143.787,89.9086,-13.2083,135.751,118.846,-9.66473,-157.971,
10.1967,4.62458,0.507102,23.8726,99.5982,9.9185,-177.494,89.4015,-0.344047,-162.977,94.9736,-6.83918,143.787,89.9086,-13.2083,135.751,118.846,-9.66473,-157.971,
18.8291,2.32162,9.45963,21.8588,99.9133,10.3182,-177.084,81.0842,0.586644,-165.883,97.5916,-6.69934,144.588,90.5438,-12.8856,136.516,119.45,-9.49821,-159.864,
18.8291,2.32162,9.45963,21.8588,99.9133,10.3182,-177.084,81.0842,0.586644,-165.883,97.5916,-6.69934,144.588,90.5438,-12.8856,136.516,119.45,-9.49821,-159.864,
21.582,1.49054,12.2346,21.0498,99.8912,10.4642,-175.265,78.3092,0.51371,-167.435,98.4007,-6.05133,144.522,90.5438,-12.8856,136.516,119.45,-9.49821,-159.864,
21.582,1.49054,12.2346,21.0498,99.8912,10.4642,-175.265,78.3092,0.51371,-167.435,98.4007,-6.05133,144.522,90.5438,-12.8856,136.516,119.45,-9.49821,-159.864,
20.987,0.398002,15.5513,16.923,99.2962,10.1369,-170.566,78.3092,0.51371,-167.435,98.8982,-5.9561,143.998,93.8604,-11.5636,136.875,115.821,-8.81435,-159.955,
20.987,0.398002,15.5513,16.923,99.2962,10.1369,-170.566,78.3092,0.51371,-167.435,98.8982,-5.9561,143.998,93.8604,-11.5636,136.875,115.821,-8.81435,-159.955,
25.9791,-0.406677,21.4707,10.129,99.5223,9.84919,-171.152,73.5432,0.0698951,-170.968,99.929,-5.85566,142.811,95.0139,-11.1087,137.001,110.058,-7.58358,-161.119,
25.9791,-0.406677,21.4707,10.129,99.5223,9.84919,-171.152,73.5432,0.0698951,-170.968,99.929,-5.85566,142.811,95.0139,-11.1087,137.001,110.058,-7.58358,-161.119,
27.7971,-3.3377,24.865,3.5034,99.2189,9.62147,-171.483,71.4217,-0.565985,-173.373,102.557,-5.92939,140.216,96.2867,-10.6851,137.189,106.06,-6.49174,-161.552,
27.7971,-3.3377,24.865,3.5034,99.2189,9.62147,-171.483,71.4217,-0.565985,-173.373,102.557,-5.92939,140.216,96.2867,-10.6851,137.189,106.06,-6.49174,-161.552,
29.6256,-7.19007,30.8564,-3.1792,97.4644,8.58879,-172.471,67.8388,-2.91272,-179.569,104.654,-5.77672,138.437,98.6952,-9.66742,137.503,101.475,-5.12684,-162.62,
29.6256,-7.19007,30.8564,-3.1792,97.4644,8.58879,-172.471,67.8388,-2.91272,-179.569,104.654,-5.77672,138.437,98.6952,-9.66742,137.503,101.475,-5.12684,-162.62,
29.7382,-8.32058,34.1093,-19.8804,97.577,7.85198,-174.495,67.8388,-2.91272,-179.569,105.898,-5.36445,137.801,101.948,-8.29126,137.433,86.0172,-1.55065,-163.815,
29.7382,-8.32058,34.1093,-19.8804,97.577,7.85198,-174.495,67.8388,-2.91272,-179.569,105.898,-5.36445,137.801,101.948,-8.29126,137.433,86.0172,-1.55065,-163.815,
31.3968,-6.66205,35.1309,-25.5284,99.2356,7.59624,-176.278,67.8388,-2.91272,-179.569,105.898,-5.36445,137.801,102.97,-7.80962,137.463,80.3693,0.0518732,-163.277,
31.3968,-6.66205,35.1309,-25.5284,99.2356,7.59624,-176.278,67.8388,-2.91272,-179.569,105.898,-5.36445,137.801,102.97,-7.80962,137.463,80.3693,0.0518732,-163.277,
23.6479,-6.66333,27.3833,-37.3724,99.2343,7.48786,-176.338,75.5864,-3.97074,179.394,105.898,-5.36445,137.801,102.97,-7.80962,137.463,68.5253,4.17725,-163.311,
23.6479,-6.66333,27.3833,-37.3724,99.2343,7.48786,-176.338,75.5864,-3.97074,179.394,105.898,-5.36445,137.801,102.97,-7.80962,137.463,68.5253,4.17725,-163.311,
22.691,-8.88508,27.7753,-40.2375,99.8777,7.95023,-174.022,77.1867,-3.06659,-179.112,108.763,-4.10186,136.452,104.962,-6.91785,137.067,68.5253,4.17725,-163.311,
22.691,-8.88508,27.7753,-40.2375,99.8777,7.95023,-174.022,77.1867,-3.06659,-179.112,108.763,-4.10186,136.452,104.962,-6.91785,137.067,68.5253,4.17725,-163.311,
23.032,-8.93816,28.9069,-40.6316,100.219,8.06304,-174.53,77.1867,-3.06659,-179.112,109.157,-3.92167,135.938,106.094,-6.49903,136.806,68.5253,4.17725,-163.311,
23.032,-8.93816,28.9069,-40.6316,100.219,8.06304,-174.53,77.1867,-3.06659,-179.112,109.157,-3.92167,135.938,106.094,-6.49903,136.806,68.5253,4.17725,-163.311,
25.8599,-8.34175,34.7249,-64.1215,101.278,7.41066,-175.154,75.4184,-1.97654,-178.003,109.62,-3.89026,135.219,110.143,-4.86818,136.447,45.4986,8.11839,-171.674,
25.8599,-8.34175,34.7249,-64.1215,101.278,7.41066,-175.154,75.4184,-1.97654,-178.003,109.62,-3.89026,135.219,110.143,-4.86818,136.447,45.4986,8.11839,-171.674,
31.6809,-9.32983,40.2431,-63.8826,101.581,7.5158,-175.639,69.9002,-1.75989,176.372,110.911,-3.8662,133.895,110.143,-4.86818,136.447,47.0284,7.34581,-172.243,
31.6809,-9.32983,40.2431,-63.8826,101.581,7.5158,-175.639,69.9002,-1.75989,176.372,110.911,-3.8662,133.895,110.143,-4.86818,136.447,47.0284,7.34581,-172.243,
27.4705,-8.65564,38.9874,-63.2803,101.653,7.93139,-175.595,74.1826,-0.665128,179.409,110.309,-3.44881,132.43,113.17,-3.259,136.764,47.0284,7.34581,-172.243,
27.4705,-8.65564,38.9874,-63.2803,101.653,7.93139,-175.595,74.1826,-0.665128,179.409,110.309,-3.44881,132.43,113.17,-3.259,136.764,47.0284,7.34581,-172.243,
26.7231,-7.25343,44.9065,-57.4211,100.906,9.03566,-175.663,74.1826,-0.665128,179.409,108.159,-3.3888,132.291,119.089,0.286906,136.383,50.7381,9.51545,-170.312,
26.7231,-7.25343,44.9065,-57.4211,100.906,9.03566,-175.663,74.1826,-0.665128,179.409,108.159,-3.3888,132.291,119.089,0.286906,136.383,50.7381,9.51545,-170.312,
18.1118,-6.00617,37.1553,-52.8266,102.153,9.37611,-177.247,84.0412,-0.755792,178.241,108.159,-3.3888,132.291,121.196,1.84086,135.706,55.3326,9.0525,-169.927,
18.1118,-6.00617,37.1553,-52.8266,102.153,9.37611,-177.247,84.0412,-0.755792,178.241,108.159,-3.3888,132.291,121.196,1.84086,135.706,55.3326,9.0525,-169.927,
19.9101,0.146947,38.8807,-44.3727,102.226,9.09715,-175.455,82.3158,-1.55258,174.952,102.079,-3.165,133.239,121.196,1.84086,135.706,57.7061,9.37886,-169.83,
19.9101,0.146947,38.8807,-44.3727,102.226,9.09715,-175.455,82.3158,-1.55258,174.952,102.079,-3.165,133.239,121.196,1.84086,135.706,57.7061,9.37886,-169.83,
16.1939,3.79627,41.4321,-38.3031,99.8055,8.18102,-171.651,83.6116,-0.868877,174.829,96.0092,-2.21816,132.739,125.044,5.40613,133.924,57.7061,9.37886,-169.83,
16.1939,3.79627,41.4321,-38.3031,99.8055,8.18102,-171.651,83.6116,-0.868877,174.829,96.0092,-2.21816,132.739,125.044,5.40613,133.924,57.7061,9.37886,-169.83,
15.8724,7.19787,47.0011,-28.1706,99.4839,8.4447,-172.434,83.6116,-0.868877,174.829,92.2861,-1.75086,130.016,130.613,14.1125,128.329,64.1154,7.33563,-172.171,
15.8724,7.19787,47.0011,-28.1706,99.4839,8.4447,-172.434,83.6116,-0.868877,174.829,92.2861,-1.75086,130.016,130.613,14.1125,128.329,64.1154,7.33563,-172.171,
6.79124,9.17693,37.9589,-26.8442,101.463,8.92735,-175.907,94.6718,2.43304,177.295,92.2861,-1.75086,130.016,132.631,16.7142,127.666,65.4419,7.32009,-172.267,
6.79124,9.17693,37.9589,-26.8442,101.463,8.92735,-175.907,94.6718,2.43304,177.295,92.2861,-1.75086,130.016,132.631,16.7142,127.666,65.4419,7.32009,-172.267,
5.80406,12.3865,37.4258,-22.1082,101.009,8.33416,-177.271,95.2049,2.87727,176.966,88.6225,-5.72837,126.279,132.631,16.7142,127.666,66.5143,7.17708,-172.824,
5.80406,12.3865,37.4258,-22.1082,101.009,8.33416,-177.271,95.2049,2.87727,176.966,88.6225,-5.72837,126.279,132.631,16.7142,127.666,66.5143,7.17708,-172.824,
5.01057,14.3126,39.6442,-17.4758,100.373,7.94408,-177.752,95.3628,3.50107,176.908,86.0608,-6.6133,127.876,135.007,18.4406,129.335,68.585,7.27561,-173.679,
5.01057,14.3126,39.6442,-17.4758,100.373,7.94408,-177.752,95.3628,3.50107,176.908,86.0608,-6.6133,127.876,135.007,18.4406,129.335,68.585,7.27561,-173.679,
5.6572,17.7941,38.3991,-12.4266,101.02,8.48033,-179.41,95.3628,3.50107,176.908,83.2259,-7.14736,129.86,133.762,18.2094,128.989,70.7992,6.99701,-174,
5.6572,17.7941,38.3991,-12.4266,101.02,8.48033,-179.41,95.3628,3.50107,176.908,83.2259,-7.14736,129.86,133.762,18.2094,128.989,70.7992,6.99701,-174,
1.62417,21.0188,33.9175,-6.7678,99.7469,8.53615,-178.779,98.1227,4.04901,177.631,78.7281,-7.87353,132.927,132.04,17.532,128.657,71.9603,6.73874,-174.045,
1.62417,21.0188,33.9175,-6.7678,99.7469,8.53615,-178.779,98.1227,4.04901,177.631,78.7281,-7.87353,132.927,132.04,17.532,128.657,71.9603,6.73874,-174.045,
-0.135023,21.5114,33.5805,-3.60274,98.3247,8.57073,-178.014,98.4597,3.87545,178.261,76.8133,-8.26708,135.461,132.04,17.532,128.657,73.2105,6.59758,-174.005,
-0.135023,21.5114,33.5805,-3.60274,98.3247,8.57073,-178.014,98.4597,3.87545,178.261,76.8133,-8.26708,135.461,132.04,17.532,128.657,73.2105,6.59758,-174.005,
-1.17352,22.0476,19.9674,-0.191688,98.0442,8.94902,-177.548,99.2177,3.84505,179.01,75.9966,-8.04715,137.109,119.185,10.803,128.019,75.8049,6.24394,-179.224,
-1.17352,22.0476,19.9674,-0.191688,98.0442,8.94902,-177.548,99.2177,3.84505,179.01,75.9966,-8.04715,137.109,119.185,10.803,128.019,75.8049,6.24394,-179.224,
-4.46199,21.7188,13.1444,4.24521,97.1864,9.3901,-176.212,101.648,4.35604,-178.571,75.4676,-7.74898,138.741,114.793,8.09374,128.605,79.7128,5.82778,-178.634,
-4.46199,21.7188,13.1444,4.24521,97.1864,9.3901,-176.212,101.648,4.35604,-178.571,75.4676,-7.74898,138.741,114.793,8.09374,128.605,79.7128,5.82778,-178.634,
-6.07383,22.1343,6.31119,4.24521,97.6019,9.79762,-176.416,103.676,4.81535,-176.882,75.4676,-7.74898,138.741,109.987,5.41277,128.98,79.7128,5.82778,-178.634,
-6.07383,22.1343,6.31119,4.24521,97.6019,9.79762,-176.416,103.676,4.81535,-176.882,75.4676,-7.74898,138.741,109.987,5.41277,128.98,79.7128,5.82778,-178.634,
-7.65304,20.6736,-5.44856,3.96288,97.6941,10.0751,-175.859,105.347,4.93407,-175.908,77.0205,-5.39787,142.864,99.8986,0.0276857,128.114,80.9834,5.7143,-178.435,
-7.65304,20.6736,-5.44856,3.96288,97.6941,10.0751,-175.859,105.347,4.93407,-175.908,77.0205,-5.39787,142.864,99.8986,0.0276857,128.114,80.9834,5.7143,-178.435,
-7.83201,19.5622,-10.4973,3.0305,97.5151,10.2235,-175.207,105.347,4.93407,-175.908,77.9529,-4.88387,142.898,94.8498,-3.05136,127.913,80.9834,5.7143,-178.435,
-7.83201,19.5622,-10.4973,3.0305,97.5151,10.2235,-175.207,105.347,4.93407,-175.908,77.9529,-4.88387,142.898,94.8498,-3.05136,127.913,80.9834,5.7143,-178.435,
-9.84275,18.9838,-22.9283,7.03441,97.663,10.3521,-174.282,107.506,4.60478,-175.346,78.6792,-4.45643,142.646,84.5774,-9.66746,129.739,85.7136,5.13608,-177.84,
-9.84275,18.9838,-22.9283,7.03441,97.663,10.3521,-174.282,107.506,4.60478,-175.346,78.6792,-4.45643,142.646,84.5774,-9.66746,129.739,85.7136,5.13608,-177.84,
-10.0366,19.1906,-28.3085,8.19726,97.8699,10.2845,-173.744,107.906,4.49672,-175.362,78.6792,-4.45643,142.646,79.5979,-12.8349,131.496,86.8765,4.96647,-177.724,
-10.0366,19.1906,-28.3085,8.19726,97.8699,10.2845,-173.744,107.906,4.49672,-175.362,78.6792,-4.45643,142.646,79.5979,-12.8349,131.496,86.8765,4.96647,-177.724,
-10.9343,26.6971,-37.3976,16.915,97.8572,10.0092,-173.44,108.792,4.60716,-175.047,71.1601,-7.79772,141.661,71.3939,-16.6652,135.569,88.075,4.75735,-177.609,
-10.9343,26.6971,-37.3976,16.915,97.8572,10.0092,-173.44,108.792,4.60716,-175.047,71.1601,-7.79772,141.661,71.3939,-16.6652,135.569,88.075,4.75735,-177.609,
-10.8827,27.2705,-36.413,20.1476,97.9089,9.79623,-173.24,108.792,4.60716,-175.047,70.6384,-7.45073,146.525,72.3785,-18.5923,131.601,90.786,4.15722,-178.074,
-10.8827,27.2705,-36.413,20.1476,97.9089,9.79623,-173.24,108.792,4.60716,-175.047,70.6384,-7.45073,146.525,72.3785,-18.5923,131.601,90.786,4.15722,-178.074,
-12.5752,27.0564,-33.3081,24.4365,97.6948,9.40781,-172.292,110.27,4.96988,-174.918,70.6384,-7.45073,146.525,76.9618,-18.5209,126.814,95.0749,3.25728,-178.781,
-12.5752,27.0564,-33.3081,24.4365,97.6948,9.40781,-172.292,110.27,4.96988,-174.918,70.6384,-7.45073,146.525,76.9618,-18.5209,126.814,95.0749,3.25728,-178.781,
-7.70159,27.5658,-28.944,26.4082,98.2042,9.43444,-172.148,105.906,3.72057,-175.926,70.6384,-7.45073,146.525,76.9618,-18.5209,126.814,97.0466,2.72666,-178.49,
-7.70159,27.5658,-28.944,26.4082,98.2042,9.43444,-172.148,105.906,3.72057,-175.926,70.6384,-7.45073,146.525,76.9618,-18.5209,126.814,97.0466,2.72666,-178.49,
-7.49112,20.241,-26.5598,18.8729,98.4147,9.52887,-172.547,105.906,3.72057,-175.926,78.1737,-8.29303,135.002,79.346,-17.6258,125.135,97.0466,2.72666,-178.49,
-7.49112,20.241,-26.5598,18.8729,98.4147,9.52887,-172.547,105.906,3.72057,-175.926,78.1737,-8.29303,135.002,79.346,-17.6258,125.135,97.0466,2.72666,-178.49,
-5.79438,16.2519,-19.0388,25.1676,96.8873,10.22,-174.774,102.682,3.00801,-177.398,80.6354,-5.75627,141.658,83.6429,-16.544,124.597,105.803,-0.766361,-174.553,
-5.79438,16.2519,-19.0388,25.1676,96.8873,10.22,-174.774,102.682,3.00801,-177.398,80.6354,-5.75627,141.658,83.6429,-16.544,124.597,105.803,-0.766361,-174.553,
0.0505918,14.5189,-10.1725,27.6881,95.1543,10.464,-173.906,95.1037,-1.97669,-172.677,80.6354,-5.75627,141.658,84.9312,-15.3715,126.197,108.324,-2.51112,-171.493,
0.0505918,14.5189,-10.1725,27.6881,95.1543,10.464,-173.906,95.1037,-1.97669,-172.677,80.6354,-5.75627,141.658,84.9312,-15.3715,126.197,108.324,-2.51112,-171.493,
1.24509,10.5735,-7.55482,27.1047,95.1713,10.5893,-172.831,93.9262,-2.63032,-168.118,84.5978,-5.10815,142.42,86.3714,-14.7141,127.349,111.703,-4.87539,-168.132,
1.24509,10.5735,-7.55482,27.1047,95.1713,10.5893,-172.831,93.9262,-2.63032,-168.118,84.5978,-5.10815,142.42,86.3714,-14.7141,127.349,111.703,-4.87539,-168.132,
2.6056,0.0894459,-1.99613,16.4661,95.3259,11.5445,-173.297,92.7203,-2.65646,-164.474,95.2364,-4.29066,137.068,90.7242,-13.8698,127.671,111.703,-4.87539,-168.132,
2.6056,0.0894459,-1.99613,16.4661,95.3259,11.5445,-173.297,92.7203,-2.65646,-164.474,95.2364,-4.29066,137.068,90.7242,-13.8698,127.671,111.703,-4.87539,-168.132,
2.84439,0.300424,-0.792687,23.716,95.5647,12.3434,-174.695,92.7203,-2.65646,-164.474,95.2643,-4.99055,137.35,91.9276,-13.6653,127.085,118.98,-9.698,-165.163,
2.84439,0.300424,-0.792687,23.716,95.5647,12.3434,-174.695,92.7203,-2.65646,-164.474,95.2643,-4.99055,137.35,91.9276,-13.6653,127.085,118.98,-9.698,-165.163,
2.84801,0.304048,-0.792687,23.716,95.5683,12.2469,-174.348,92.7203,-2.65646,-164.474,95.2643,-4.99055,137.35,91.9276,-13.6653,127.085,118.98,-9.698,-165.163,
2.84801,0.304048,-0.792687,23.716,95.5683,12.2469,-174.348,92.7203,-2.65646,-164.474,95.2643,-4.99055,137.35,91.9276,-13.6653,127.085,118.98,-9.698,-165.163,
12.1522,-1.85508,9.82543,20.5984,95.2697,11.8938,-172.342,83.1174,-1.02106,-167.943,97.1247,-5.59828,136.242,92.9429,-13.2181,126.967,117.723,-9.98219,-165.088,
12.1522,-1.85508,9.82543,20.5984,95.2697,11.8938,-172.342,83.1174,-1.02106,-167.943,97.1247,-5.59828,136.242,92.9429,-13.2181,126.967,117.723,-9.98219,-165.088,
13.1324,-4.14876,14.4307,18.2604,95.3141,11.8484,-171.07,82.1817,-0.736753,-169.256,99.4628,-5.17062,134.632,96.6123,-11.3475,126.806,117.723,-9.98219,-165.088,
13.1324,-4.14876,14.4307,18.2604,95.3141,11.8484,-171.07,82.1817,-0.736753,-169.256,99.4628,-5.17062,134.632,96.6123,-11.3475,126.806,117.723,-9.98219,-165.088,
13.2482,-4.4725,15.4205,6.67672,95.4299,11.8542,-171.285,82.1817,-0.736753,-169.256,99.9024,-5.09837,134.263,97.6021,-10.8547,127.146,106.579,-6.9265,-167.454,
13.2482,-4.4725,15.4205,6.67672,95.4299,11.8542,-171.285,82.1817,-0.736753,-169.256,99.9024,-5.09837,134.263,97.6021,-10.8547,127.146,106.579,-6.9265,-167.454,
17.0679,-5.40879,21.1542,2.45555,94.4936,11.4206,-171.619,77.4256,-1.13053,-177.521,99.9024,-5.09837,134.263,98.5799,-10.2585,127.589,102.358,-5.70851,-169.076,
17.0679,-5.40879,21.1542,2.45555,94.4936,11.4206,-171.619,77.4256,-1.13053,-177.521,99.9024,-5.09837,134.263,98.5799,-10.2585,127.589,102.358,-5.70851,-169.076,
17.6102,-9.86831,22.4666,-5.80142,93.7234,10.7629,-173.036,76.1132,-1.89292,179.844,103.592,-4.44785,131.499,98.5799,-10.2585,127.589,97.7903,-4.59242,-170.479,
17.6102,-9.86831,22.4666,-5.80142,93.7234,10.7629,-173.036,76.1132,-1.89292,179.844,103.592,-4.44785,131.499,98.5799,-10.2585,127.589,97.7903,-4.59242,-170.479,
18.2329,-11.0552,25.4116,-6.68703,93.4222,10.3263,-174.064,75.1893,-2.67443,177.742,104.477,-4.24403,130.984,100.601,-8.96551,128.468,97.7903,-4.59242,-170.479,
18.2329,-11.0552,25.4116,-6.68703,93.4222,10.3263,-174.064,75.1893,-2.67443,177.742,104.477,-4.24403,130.984,100.601,-8.96551,128.468,97.7903,-4.59242,-170.479,
18.66,-11.3548,28.3796,-22.6697,93.9483,10.2851,-174.141,75.2883,-3.74638,175.922,105.303,-4.08286,130.798,103.668,-7.67919,129.725,82.6334,-1.1302,-170.725,
18.66,-11.3548,28.3796,-22.6697,93.9483,10.2851,-174.141,75.2883,-3.74638,175.922,105.303,-4.08286,130.798,103.668,-7.67919,129.725,82.6334,-1.1302,-170.725,
18.9738,-10.4489,28.7114,-33.1974,94.8542,10.0429,-174.071,75.8804,-2.98333,177.177,105.303,-4.08286,130.798,104.592,-7.24406,130.055,72.1057,1.91959,-171.016,
18.9738,-10.4489,28.7114,-33.1974,94.8542,10.0429,-174.071,75.8804,-2.98333,177.177,105.303,-4.08286,130.798,104.592,-7.24406,130.055,72.1057,1.91959,-171.016,
18.9575,-11.7218,28.5387,-39.8461,95.0106,9.54106,-173.873,76.0531,-2.37706,178.011,106.732,-3.64929,130.41,104.592,-7.24406,130.055,66.8863,3.34613,-172.203,
18.9575,-11.7218,28.5387,-39.8461,95.0106,9.54106,-173.873,76.0531,-2.37706,178.011,106.732,-3.64929,130.41,104.592,-7.24406,130.055,66.8863,3.34613,-172.203,
18.5989,-13.5656,32.2846,-51.4187,94.652,9.22605,-175.944,76.0531,-2.37706,178.011,108.218,-2.93447,129.898,108.338,-5.44034,130.438,56.799,5.38481,-175.95,
18.5989,-13.5656,32.2846,-51.4187,94.652,9.22605,-175.944,76.0531,-2.37706,178.011,108.218,-2.93447,129.898,108.338,-5.44034,130.438,56.799,5.38481,-175.95,
21.3262,-13.284,35.4631,-60.6308,95.2618,9.45582,-174.579,73.9355,-1.64491,178.225,108.546,-2.76815,129.69,109.399,-5.05614,130.522,47.915,6.66716,-179.187,
21.3262,-13.284,35.4631,-60.6308,95.2618,9.45582,-174.579,73.9355,-1.64491,178.225,108.546,-2.76815,129.69,109.399,-5.05614,130.522,47.915,6.66716,-179.187,
24.9386,-12.8265,39.6387,-67.2925,95.7193,9.91382,-173.823,70.7807,-2.27124,175.083,108.546,-2.76815,129.69,110.419,-4.52646,130.63,41.2533,5.54359,177.057,
24.9386,-12.8265,39.6387,-67.2925,95.7193,9.91382,-173.823,70.7807,-2.27124,175.083,108.546,-2.76815,129.69,110.419,-4.52646,130.63,41.2533,5.54359,177.057,
27.3061,-12.5759,41.7556,-67.2925,95.9699,10.1098,-174.644,68.6638,-3.7177,172.325,108.546,-2.76815,129.69,110.419,-4.52646,130.63,41.2533,5.54359,177.057,
27.3061,-12.5759,41.7556,-67.2925,95.9699,10.1098,-174.644,68.6638,-3.7177,172.325,108.546,-2.76815,129.69,110.419,-4.52646,130.63,41.2533,5.54359,177.057,
29.6181,-13.3223,47.3057,-66.1897,96.1532,10.1616,-175.173,66.5351,-5.2845,170.318,109.475,-1.35597,126.417,113.841,-2.64377,130.272,43.2857,5.53368,177.555,
29.6181,-13.3223,47.3057,-66.1897,96.1532,10.1616,-175.173,66.5351,-5.2845,170.318,109.475,-1.35597,126.417,113.841,-2.64377,130.272,43.2857,5.53368,177.555,
30.8323,-12.2409,51.9081,-60.7832,96.3619,10.3104,-175.882,65.5296,-7.23792,171.228,108.603,-1.20339,125.753,117.438,-0.513432,130.121,47.8196,5.92717,178.59,
30.8323,-12.2409,51.9081,-60.7832,96.3619,10.3104,-175.882,65.5296,-7.23792,171.228,108.603,-1.20339,125.753,117.438,-0.513432,130.121,47.8196,5.92717,178.59,
24.614,-6.50046,44.8038,-55.2351,97.2479,10.621,-177.007,72.6339,-7.20568,171.082,103.748,-1.18422,125.846,117.438,-0.513432,130.121,48.5132,6.98615,179.415,
24.614,-6.50046,44.8038,-55.2351,97.2479,10.621,-177.007,72.6339,-7.20568,171.082,103.748,-1.18422,125.846,117.438,-0.513432,130.121,48.5132,6.98615,179.415,
23.4516,-1.26079,48.265,-49.8673,97.1197,10.6958,-176.9,73.6681,-7.29673,170.703,98.3805,-0.518983,124.141,121.933,2.85263,128.84,48.5132,6.98615,179.415,
23.4516,-1.26079,48.265,-49.8673,97.1197,10.6958,-176.9,73.6681,-7.29673,170.703,98.3805,-0.518983,124.141,121.933,2.85263,128.84,48.5132,6.98615,179.415,
22.5784,-0.376909,51.6721,-43.963,96.2465,10.7561,-177.824,73.6681,-7.29673,170.703,96.6234,0.0658708,122.976,125.34,6.36983,126.871,52.6605,5.97504,178.583,
22.5784,-0.376909,51.6721,-43.963,96.2465,10.7561,-177.824,73.6681,-7.29673,170.703,96.6234,0.0658708,122.976,125.34,6.36983,126.871,52.6605,5.97504,178.583,
22.0003,-1.2638,53.3561,-40.8092,95.3596,10.7998,179.398,73.3594,-7.9438,167.285,96.6234,0.0658708,122.976,126.715,8.88752,124.852,55.8143,5.59429,178.577,
22.0003,-1.2638,53.3561,-40.8092,95.3596,10.7998,179.398,73.3594,-7.9438,167.285,96.6234,0.0658708,122.976,126.715,8.88752,124.852,55.8143,5.59429,178.577,
19.4379,1.56037,50.9936,-37.7851,95.1597,10.7313,178.635,75.7219,-7.66573,166.5,93.5994,1.05335,120.468,126.715,8.88752,124.852,55.8143,5.59429,178.577,
19.4379,1.56037,50.9936,-37.7851,95.1597,10.7313,178.635,75.7219,-7.66573,166.5,93.5994,1.05335,120.468,126.715,8.88752,124.852,55.8143,5.59429,178.577,
14.2328,2.94773,50.4283,-34.6956,95.122,10.329,175.585,80.8892,-4.49327,169.773,92.1743,-0.140323,117.891,131.317,15.5236,121.249,57.4787,7.2697,179.206,
14.2328,2.94773,50.4283,-34.6956,95.122,10.329,175.585,80.8892,-4.49327,169.773,92.1743,-0.140323,117.891,131.317,15.5236,121.249,57.4787,7.2697,179.206,
16.1887,5.30502,54.0734,-30.0777,97.0779,9.61665,175.018,80.8892,-4.49327,169.773,91.7728,-0.927303,119.495,134.963,17.1171,122.534,61.6951,6.41932,177.248,
16.1887,5.30502,54.0734,-30.0777,97.0779,9.61665,175.018,80.8892,-4.49327,169.773,91.7728,-0.927303,119.495,134.963,17.1171,122.534,61.6951,6.41932,177.248,
11.4531,6.3174,48.3255,-29.1488,98.0902,9.48168,175.677,86.6371,-2.30639,170.368,91.7728,-0.927303,119.495,134.963,17.1171,122.534,62.6241,6.9591,177.943,
11.4531,6.3174,48.3255,-29.1488,98.0902,9.48168,175.677,86.6371,-2.30639,170.368,91.7728,-0.927303,119.495,134.963,17.1171,122.534,62.6241,6.9591,177.943,
8.8087,7.37731,48.4302,-25.9986,96.7659,9.91115,176.232,87.9572,-1.35398,170.614,89.3886,-1.58909,124.509,136.387,17.081,123.915,63.39,7.35854,178.207,
8.8087,7.37731,48.4302,-25.9986,96.7659,9.91115,176.232,87.9572,-1.35398,170.614,89.3886,-1.58909,124.509,136.387,17.081,123.915,63.39,7.35854,178.207,
6.4753,7.51043,46.9403,-24.7978,95.6983,10.2901,176.299,89.223,-0.7895,170.369,88.1879,-1.37954,128.032,136.163,16.3187,125.575,63.39,7.35854,178.207,
6.4753,7.51043,46.9403,-24.7978,95.6983,10.2901,176.299,89.223,-0.7895,170.369,88.1879,-1.37954,128.032,136.163,16.3187,125.575,63.39,7.35854,178.207,
6.91573,7.95086,43.5956,-23.4415,96.1387,10.4768,175.125,89.223,-0.7895,170.369,88.1879,-1.37954,128.032,132.819,15.9169,125.204,64.7464,7.32968,177.998,
6.91573,7.95086,43.5956,-23.4415,96.1387,10.4768,175.125,89.223,-0.7895,170.369,88.1879,-1.37954,128.032,132.819,15.9169,125.204,64.7464,7.32968,177.998,
6.02969,9.42814,36.7951,-20.7881,97.2403,10.2841,173.268,91.2106,0.347006,171.777,87.8122,-1.63309,128.521,128.006,14.8232,124.181,67.0241,6.9659,177.692,
6.02969,9.42814,36.7951,-20.7881,97.2403,10.2841,173.268,91.2106,0.347006,171.777,87.8122,-1.63309,128.521,128.006,14.8232,124.181,67.0241,6.9659,177.692,
5.09793,10.4077,35.828,-19.0984,97.2757,10.5791,173.525,92.1778,0.765253,171.873,86.868,-1.73973,130.378,128.006,14.8232,124.181,67.7696,6.74729,177.101,
5.09793,10.4077,35.828,-19.0984,97.2757,10.5791,173.525,92.1778,0.765253,171.873,86.868,-1.73973,130.378,128.006,14.8232,124.181,67.7696,6.74729,177.101,
4.60163,10.5684,22.1703,-19.2844,97.6224,11.1123,175.136,93.0208,1.0041,172.013,87.054,-1.55141,130.472,115.191,8.63147,122.425,67.7696,6.74729,177.101,
4.60163,10.5684,22.1703,-19.2844,97.6224,11.1123,175.136,93.0208,1.0041,172.013,87.054,-1.55141,130.472,115.191,8.63147,122.425,67.7696,6.74729,177.101,
5.71455,11.4468,18.538,-16.6724,98.7353,11.7529,176.912,93.0208,1.0041,172.013,87.2885,-1.3713,130.467,111.559,7.2093,120.841,70.6162,5.90414,175.239,
5.71455,11.4468,18.538,-16.6724,98.7353,11.7529,176.912,93.0208,1.0041,172.013,87.2885,-1.3713,130.467,111.559,7.2093,120.841,70.6162,5.90414,175.239,
4.79666,12.1321,13.3317,-16.1531,99.4206,11.645,176.149,94.624,1.52735,172.766,87.2885,-1.3713,130.467,107.956,5.38906,119.641,71.1354,5.79206,175.097,
4.79666,12.1321,13.3317,-16.1531,99.4206,11.645,176.149,94.624,1.52735,172.766,87.2885,-1.3713,130.467,107.956,5.38906,119.641,71.1354,5.79206,175.097,
