-6.44501,25.8605,-22.6604,13.3724,102.191,-4.56178,-163.2,108.636,11.474,-89.5564,76.3306,-8.2497,-96.3061,85.9757,-5.73801,-62.137,89.703,0.102547,-62.6001,
-6.44501,25.8605,-22.6604,13.3724,102.191,-4.56178,-163.2,108.636,11.474,-89.5564,76.3306,-8.2497,-96.3061,85.9757,-5.73801,-62.137,89.703,0.102547,-62.6001,
-6.98549,25.9507,-33.0532,13.3724,102.281,-4.27089,-163.157,109.267,11.4218,-89.5335,76.3306,-8.2497,-96.3061,76.2136,-10.5668,-57.5405,89.703,0.102547,-62.6001,
-6.98549,25.9507,-33.0532,13.3724,102.281,-4.27089,-163.157,109.267,11.4218,-89.5335,76.3306,-8.2497,-96.3061,76.2136,-10.5668,-57.5405,89.703,0.102547,-62.6001,
-7.22954,27.8482,-40.7089,16.7742,102.362,-4.18253,-163.133,109.592,11.3426,-89.4574,74.5139,-8.45432,-95.0143,68.8827,-14.2393,-55.1142,91.2881,-0.302414,-62.0528,
-7.22954,27.8482,-40.7089,16.7742,102.362,-4.18253,-163.133,109.592,11.3426,-89.4574,74.5139,-8.45432,-95.0143,68.8827,-14.2393,-55.1142,91.2881,-0.302414,-62.0528,
-6.85501,29.5087,-43.3563,20.4316,102.734,-3.92528,-163.001,109.589,11.2456,-90.2776,73.2252,-8.79163,-93.9821,66.2326,-15.3242,-53.6861,93.6567,-1.31892,-61.8147,
-6.85501,29.5087,-43.3563,20.4316,102.734,-3.92528,-163.001,109.589,11.2456,-90.2776,73.2252,-8.79163,-93.9821,66.2326,-15.3242,-53.6861,93.6567,-1.31892,-61.8147,
-5.87792,30.3614,-41.2445,22.8405,103.108,-3.90093,-163.119,108.986,10.7417,-88.9387,72.7462,-9.16135,-93.2702,67.7411,-16.2252,-55.1855,95.5867,-2.03287,-61.8095,
-5.87792,30.3614,-41.2445,22.8405,103.108,-3.90093,-163.119,108.986,10.7417,-88.9387,72.7462,-9.16135,-93.2702,67.7411,-16.2252,-55.1855,95.5867,-2.03287,-61.8095,
-4.71197,27.0108,-38.2602,21.2612,103.485,-3.78232,-162.471,108.197,10.3908,-88.5023,76.4742,-9.40469,-94.6534,69.9368,-17.2641,-58.4405,97.7354,-2.80435,-61.8509,
-4.71197,27.0108,-38.2602,21.2612,103.485,-3.78232,-162.471,108.197,10.3908,-88.5023,76.4742,-9.40469,-94.6534,69.9368,-17.2641,-58.4405,97.7354,-2.80435,-61.8509,
0.189616,19.5593,-29.3159,19.0767,103.106,-3.57833,-161.369,102.916,9.28592,-92.2101,83.5462,-9.30763,-97.9824,73.6,-17.2835,-60.2064,102.623,-4.47003,-61.409,
0.189616,19.5593,-29.3159,19.0767,103.106,-3.57833,-161.369,102.916,9.28592,-92.2101,83.5462,-9.30763,-97.9824,73.6,-17.2835,-60.2064,102.623,-4.47003,-61.409,
3.51146,17.4575,-25.8302,22.3556,102.942,-3.28483,-161.562,99.4303,8.4178,-94.3712,85.4842,-8.94006,-97.4423,73.6,-17.2835,-60.2064,107.84,-7.18993,-58.6187,
3.51146,17.4575,-25.8302,22.3556,102.942,-3.28483,-161.562,99.4303,8.4178,-94.3712,85.4842,-8.94006,-97.4423,73.6,-17.2835,-60.2064,107.84,-7.18993,-58.6187,
7.95074,17.2045,-14.9497,27.4837,102.476,-2.95903,-162.544,94.5256,6.56383,-92.6985,85.2718,-8.62378,-94.2139,79.5758,-15.438,-59.5287,112.755,-12.5041,-52.7999,
7.95074,17.2045,-14.9497,27.4837,102.476,-2.95903,-162.544,94.5256,6.56383,-92.6985,85.2718,-8.62378,-94.2139,79.5758,-15.438,-59.5287,112.755,-12.5041,-52.7999,
10.3816,15.3418,-11.0087,25.2768,102.82,-2.69788,-163.408,92.4388,5.95015,-89.2698,87.4786,-8.89097,-94.7978,81.4301,-15.3686,-59.8551,112.755,-12.5041,-52.7999,
10.3816,15.3418,-11.0087,25.2768,102.82,-2.69788,-163.408,92.4388,5.95015,-89.2698,87.4786,-8.89097,-94.7978,81.4301,-15.3686,-59.8551,112.755,-12.5041,-52.7999,
11.3583,9.46101,-8.28104,29.097,103.797,-2.34,-163.861,92.4388,5.95015,-89.2698,94.3361,-9.93934,-100.173,84.1578,-14.8174,-59.8271,123.433,-18.8614,-49.8606,
11.3583,9.46101,-8.28104,29.097,103.797,-2.34,-163.861,92.4388,5.95015,-89.2698,94.3361,-9.93934,-100.173,84.1578,-14.8174,-59.8271,123.433,-18.8614,-49.8606,
21.379,7.94771,0.729185,26.3314,104.808,-1.45677,-164.992,83.4286,7.94405,-88.345,96.8598,-10.8532,-100.359,84.1578,-14.8174,-59.8271,123.191,-18.3825,-50.3817,
21.379,7.94771,0.729185,26.3314,104.808,-1.45677,-164.992,83.4286,7.94405,-88.345,96.8598,-10.8532,-100.359,84.1578,-14.8174,-59.8271,123.191,-18.3825,-50.3817,
22.5745,6.35502,6.73155,23.8832,103.215,-1.5536,-163.793,80.6404,8.18019,-90.2346,96.8598,-10.8532,-100.359,87.3719,-13.3105,-58.3898,120.743,-18.0531,-49.6368,
22.5745,6.35502,6.73155,23.8832,103.215,-1.5536,-163.793,80.6404,8.18019,-90.2346,96.8598,-10.8532,-100.359,87.3719,-13.3105,-58.3898,120.743,-18.0531,-49.6368,
25.4053,5.06253,9.93413,22.1477,103.658,-1.83902,-162.216,78.2526,8.39271,-91.6705,98.5953,-10.0876,-99.9449,88.1867,-12.7894,-57.3721,120.743,-18.0531,-49.6368,
25.4053,5.06253,9.93413,22.1477,103.658,-1.83902,-162.216,78.2526,8.39271,-91.6705,98.5953,-10.0876,-99.9449,88.1867,-12.7894,-57.3721,120.743,-18.0531,-49.6368,
26.1694,4.02358,10.7414,20.3446,104.422,-1.94412,-161.757,78.2526,8.39271,-91.6705,100.398,-9.30889,-100.992,88.994,-12.2642,-56.3368,120.743,-18.0531,-49.6368,
26.1694,4.02358,10.7414,20.3446,104.422,-1.94412,-161.757,78.2526,8.39271,-91.6705,100.398,-9.30889,-100.992,88.994,-12.2642,-56.3368,120.743,-18.0531,-49.6368,
32.2667,1.57551,19.1905,0.747716,104.197,-2.22251,-160.591,71.9307,7.96469,-99.5271,102.622,-9.12445,-102.753,91.1213,-10.9491,-54.9942,103.37,-9.47442,-66.3737,
32.2667,1.57551,19.1905,0.747716,104.197,-2.22251,-160.591,71.9307,7.96469,-99.5271,102.622,-9.12445,-102.753,91.1213,-10.9491,-54.9942,103.37,-9.47442,-66.3737,
31.8857,0.34133,22.2717,-4.26992,102.963,-2.93225,-160.954,71.0775,7.06475,-102.024,102.622,-9.12445,-102.753,93.3493,-9.90954,-54.9832,98.352,-7.60035,-66.9725,
31.8857,0.34133,22.2717,-4.26992,102.963,-2.93225,-160.954,71.0775,7.06475,-102.024,102.622,-9.12445,-102.753,93.3493,-9.90954,-54.9832,98.352,-7.60035,-66.9725,
32.3698,-4.34987,24.4314,-9.4452,103.447,-3.10368,-161.841,71.0775,7.06475,-102.024,107.797,-8.55995,-105.191,95.509,-9.2165,-55.2156,98.352,-7.60035,-66.9725,
32.3698,-4.34987,24.4314,-9.4452,103.447,-3.10368,-161.841,71.0775,7.06475,-102.024,107.797,-8.55995,-105.191,95.509,-9.2165,-55.2156,98.352,-7.60035,-66.9725,
32.4251,-3.25721,23.4265,-32.4937,105.512,-2.99925,-162.043,73.0866,4.81225,-102.828,108.769,-8.33564,-105.363,96.513,-8.79095,-55.2941,76.2752,1.61369,-73.3403,
32.4251,-3.25721,23.4265,-32.4937,105.512,-2.99925,-162.043,73.0866,4.81225,-102.828,108.769,-8.33564,-105.363,96.513,-8.79095,-55.2941,76.2752,1.61369,-73.3403,
32.126,-3.08865,22.2298,-38.54,106.409,-3.58711,-162.058,74.2832,5.43941,-101.253,109.498,-8.07493,-105.493,96.513,-8.79095,-55.2941,70.9579,4.08672,-74.7282,
32.126,-3.08865,22.2298,-38.54,106.409,-3.58711,-162.058,74.2832,5.43941,-101.253,109.498,-8.07493,-105.493,96.513,-8.79095,-55.2941,70.9579,4.08672,-74.7282,
30.8177,-3.04784,23.7702,-43.7318,106.45,-3.81214,-162.895,75.6324,6.55683,-99.6147,109.498,-8.07493,-105.493,99.4026,-7.50442,-55.7713,65.7661,5.98715,-77.1206,
30.8177,-3.04784,23.7702,-43.7318,106.45,-3.81214,-162.895,75.6324,6.55683,-99.6147,109.498,-8.07493,-105.493,99.4026,-7.50442,-55.7713,65.7661,5.98715,-77.1206,
29.9092,-3.64199,23.9361,-44.3934,106.518,-3.8247,-163.304,76.6083,7.80912,-98.3413,110.16,-7.68057,-107.951,100.544,-6.93359,-55.878,65.7661,5.98715,-77.1206,
29.9092,-3.64199,23.9361,-44.3934,106.518,-3.8247,-163.304,76.6083,7.80912,-98.3413,110.16,-7.68057,-107.951,100.544,-6.93359,-55.878,65.7661,5.98715,-77.1206,
33.5756,-2.50602,28.5888,-59.2152,108.23,-3.05965,-161.932,74.6542,10.4656,-99.9612,110.736,-7.94167,-109.086,103.243,-5.50069,-55.7952,51.5205,9.52509,-80.0639,
33.5756,-2.50602,28.5888,-59.2152,108.23,-3.05965,-161.932,74.6542,10.4656,-99.9612,110.736,-7.94167,-109.086,103.243,-5.50069,-55.7952,51.5205,9.52509,-80.0639,
35.0195,-2.42481,33.4045,-57.2197,108.406,-2.78679,-161.066,73.3867,10.2455,-102.424,110.831,-8.10058,-109.591,106.791,-3.55314,-55.3007,53.6114,10.1136,-78.943,
35.0195,-2.42481,33.4045,-57.2197,108.406,-2.78679,-161.066,73.3867,10.2455,-102.424,110.831,-8.10058,-109.591,106.791,-3.55314,-55.3007,53.6114,10.1136,-78.943,
30.8682,-2.68255,33.7943,-55.1432,108.149,-2.22306,-162.264,77.2803,9.95173,-100.963,110.831,-8.10058,-109.591,111.075,-1.07878,-55.231,55.6879,11.3358,-76.9426,
30.8682,-2.68255,33.7943,-55.1432,108.149,-2.22306,-162.264,77.2803,9.95173,-100.963,110.831,-8.10058,-109.591,111.075,-1.07878,-55.231,55.6879,11.3358,-76.9426,
31.4038,7.24012,36.1583,-43.4348,108.684,-1.97726,-162.859,77.2803,9.95173,-100.963,101.444,-8.9398,-110.802,113.439,0.678479,-55.8494,58.0091,12.1896,-82.2533,
31.4038,7.24012,36.1583,-43.4348,108.684,-1.97726,-162.859,77.2803,9.95173,-100.963,101.444,-8.9398,-110.802,113.439,0.678479,-55.8494,58.0091,12.1896,-82.2533,
22.8889,9.14407,30.6115,-36.9166,107.95,-2.13645,-161.731,85.0613,9.99133,-100.307,98.8061,-8.92706,-109.534,115.673,2.86783,-56.9126,61.8895,9.82466,-82.0626,
22.8889,9.14407,30.6115,-36.9166,107.95,-2.13645,-161.731,85.0613,9.99133,-100.307,98.8061,-8.92706,-109.534,115.673,2.86783,-56.9126,61.8895,9.82466,-82.0626,
23.0953,11.0446,33.306,-32.1522,107.374,-2.27676,-161.029,84.2788,8.6796,-102.679,96.3294,-8.40204,-109.963,117.585,5.59428,-58.5588,64.1772,10.0298,-81.0769,
23.0953,11.0446,33.306,-32.1522,107.374,-2.27676,-161.029,84.2788,8.6796,-102.679,96.3294,-8.40204,-109.963,117.585,5.59428,-58.5588,64.1772,10.0298,-81.0769,
20.8124,10.144,41.6484,-30.1709,106.473,-2.36339,-159.983,85.661,9.64054,-101.315,96.3294,-8.40204,-109.963,127.309,13.3302,-60.3885,66.1585,9.87102,-80.8916,
20.8124,10.144,41.6484,-30.1709,106.473,-2.36339,-159.983,85.661,9.64054,-101.315,96.3294,-8.40204,-109.963,127.309,13.3302,-60.3885,66.1585,9.87102,-80.8916,
23.4038,19.1641,44.3961,-20.7238,109.065,-1.4946,-161.628,85.661,9.64054,-101.315,89.9007,-9.50556,-118.644,130.057,14.8531,-59.7729,69.1769,8.65829,-82.2899,
23.4038,19.1641,44.3961,-20.7238,109.065,-1.4946,-161.628,85.661,9.64054,-101.315,89.9007,-9.50556,-118.644,130.057,14.8531,-59.7729,69.1769,8.65829,-82.2899,
15.6118,22.2198,37.1079,-15.4728,109.127,-1.96522,-162.113,93.5156,13.4496,-95.32,86.9076,-9.86245,-115.463,130.624,14.959,-59.1819,71.4348,8.09786,-81.939,
15.6118,22.2198,37.1079,-15.4728,109.127,-1.96522,-162.113,93.5156,13.4496,-95.32,86.9076,-9.86245,-115.463,130.624,14.959,-59.1819,71.4348,8.09786,-81.939,
13.0312,23.9295,35.4853,-10.3694,107.726,-2.18794,-160.761,94.6952,13.4232,-94.1613,83.7969,-10.0895,-112.338,130.181,14.2898,-58.1749,73.4275,7.74123,-81.7792,
13.0312,23.9295,35.4853,-10.3694,107.726,-2.18794,-160.761,94.6952,13.4232,-94.1613,83.7969,-10.0895,-112.338,130.181,14.2898,-58.1749,73.4275,7.74123,-81.7792,
11.823,29.059,29.232,-5.50837,107.995,-1.62467,-161.064,96.1719,13.1117,-92.7401,78.9359,-10.67,-108.783,125.404,11.9485,-56.3788,73.4275,7.74123,-81.7792,
11.823,29.059,29.232,-5.50837,107.995,-1.62467,-161.064,96.1719,13.1117,-92.7401,78.9359,-10.67,-108.783,125.404,11.9485,-56.3788,73.4275,7.74123,-81.7792,
12.3524,29.5885,25.7881,-5.50837,108.524,-1.18277,-161.482,96.1719,13.1117,-92.7401,78.9359,-10.67,-108.783,121.96,10.6814,-56.0441,73.4275,7.74123,-81.7792,
12.3524,29.5885,25.7881,-5.50837,108.524,-1.18277,-161.482,96.1719,13.1117,-92.7401,78.9359,-10.67,-108.783,121.96,10.6814,-56.0441,73.4275,7.74123,-81.7792,
8.15777,33.155,18.0112,3.38084,108.282,-0.917009,-161.899,100.124,12.0406,-91.6657,75.1268,-11.0285,-102.738,118.135,9.19905,-55.768,78.5076,5.27049,-83.0467,
8.15777,33.155,18.0112,3.38084,108.282,-0.917009,-161.899,100.124,12.0406,-91.6657,75.1268,-11.0285,-102.738,118.135,9.19905,-55.768,78.5076,5.27049,-83.0467,
5.55372,31.7982,2.98818,4.49096,106.925,-0.68026,-161.466,101.371,11.9452,-90.5685,75.1268,-11.0285,-102.738,104.359,3.10728,-54.5014,79.6177,4.78684,-83.6065,
5.55372,31.7982,2.98818,4.49096,106.925,-0.68026,-161.466,101.371,11.9452,-90.5685,75.1268,-11.0285,-102.738,104.359,3.10728,-54.5014,79.6177,4.78684,-83.6065,
3.34986,31.9075,-9.19557,5.26442,106.261,-0.340286,-160.517,102.911,11.7906,-89.4473,74.3533,-9.4895,-102.786,93.7154,-2.02427,-54.0327,79.6177,4.78684,-83.6065,
3.34986,31.9075,-9.19557,5.26442,106.261,-0.340286,-160.517,102.911,11.7906,-89.4473,74.3533,-9.4895,-102.786,93.7154,-2.02427,-54.0327,79.6177,4.78684,-83.6065,
1.41389,31.7237,-17.1633,7.34292,106.944,0.0916458,-160.153,105.53,11.5648,-88.2969,75.22,-7.52944,-101.12,88.3665,-4.9912,-53.2859,82.5629,3.74937,-86.0434,
1.41389,31.7237,-17.1633,7.34292,106.944,0.0916458,-160.153,105.53,11.5648,-88.2969,75.22,-7.52944,-101.12,88.3665,-4.9912,-53.2859,82.5629,3.74937,-86.0434,
-1.0902,29.2165,-18.7841,6.60413,106.06,0.39014,-159.065,107.151,11.4244,-87.6823,76.844,-7.16831,-101.46,88.3665,-4.9912,-53.2859,83.4481,3.6214,-86.093,
-1.0902,29.2165,-18.7841,6.60413,106.06,0.39014,-159.065,107.151,11.4244,-87.6823,76.844,-7.16831,-101.46,88.3665,-4.9912,-53.2859,83.4481,3.6214,-86.093,
-1.88506,28.9224,-35.4296,8.39891,105.766,0.355212,-158.567,107.651,11.3132,-87.3912,76.844,-7.16831,-101.46,72.2218,-11.7611,-46.1333,85.2429,3.23275,-85.7005,
-1.88506,28.9224,-35.4296,8.39891,105.766,0.355212,-158.567,107.651,11.3132,-87.3912,76.844,-7.16831,-101.46,72.2218,-11.7611,-46.1333,85.2429,3.23275,-85.7005,
-1.87705,29.1571,-40.0205,8.39891,106.001,0.463118,-158.379,107.878,11.2825,-87.2697,76.844,-7.16831,-101.46,67.8577,-13.24,-44.649,85.2429,3.23275,-85.7005,
-1.87705,29.1571,-40.0205,8.39891,106.001,0.463118,-158.379,107.878,11.2825,-87.2697,76.844,-7.16831,-101.46,67.8577,-13.24,-44.649,85.2429,3.23275,-85.7005,
-1.7715,33.2514,-44.6836,12.245,106.249,0.564711,-158.081,108.021,11.1413,-86.3474,72.9979,-8.90767,-96.9446,63.3373,-15.545,-43.8108,85.2429,3.23275,-85.7005,
-1.7715,33.2514,-44.6836,12.245,106.249,0.564711,-158.081,108.021,11.1413,-86.3474,72.9979,-8.90767,-96.9446,63.3373,-15.545,-43.8108,85.2429,3.23275,-85.7005,
-0.9895,32.393,-41.2475,19.5309,105.997,0.477281,-157.644,106.986,10.5305,-85.7122,73.6037,-9.51609,-97.4921,65.7387,-15.8044,-45.4419,93.1345,0.870319,-84.9747,
-0.9895,32.393,-41.2475,19.5309,105.997,0.477281,-157.644,106.986,10.5305,-85.7122,73.6037,-9.51609,-97.4921,65.7387,-15.8044,-45.4419,93.1345,0.870319,-84.9747,
0.994184,32.3825,-33.0035,21.9875,105.986,0.436391,-157.318,104.992,9.98225,-85.6938,73.6037,-9.51609,-97.4921,71.9885,-18.7676,-54.3567,95.5912,0.191955,-84.8331,
0.994184,32.3825,-33.0035,21.9875,105.986,0.436391,-157.318,104.992,9.98225,-85.6938,73.6037,-9.51609,-97.4921,71.9885,-18.7676,-54.3567,95.5912,0.191955,-84.8331,
1.39872,26.1849,-30.6098,15.3854,106.391,0.914838,-157.175,104.992,9.98225,-85.6938,80.2058,-9.72762,-99.7464,74.3822,-18.4073,-56.0223,95.5912,0.191955,-84.8331,
1.39872,26.1849,-30.6098,15.3854,106.391,0.914838,-157.175,104.992,9.98225,-85.6938,80.2058,-9.72762,-99.7464,74.3822,-18.4073,-56.0223,95.5912,0.191955,-84.8331,
6.24948,20.5361,-22.682,20.9744,105.835,1.19334,-157.718,99.5859,8.96546,-88.3103,85.2993,-9.16352,-98.2868,76.9039,-18.3474,-56.8,106.274,-5.0815,-79.3411,
6.24948,20.5361,-22.682,20.9744,105.835,1.19334,-157.718,99.5859,8.96546,-88.3103,85.2993,-9.16352,-98.2868,76.9039,-18.3474,-56.8,106.274,-5.0815,-79.3411,
5.96355,20.461,-22.682,24.4227,105.549,1.23219,-158.117,99.5859,8.96546,-88.3103,85.0885,-9.18925,-97.1017,76.9039,-18.3474,-56.8,109.511,-7.97594,-76.0735,
5.96355,20.461,-22.682,24.4227,105.549,1.23219,-158.117,99.5859,8.96546,-88.3103,85.0885,-9.18925,-97.1017,76.9039,-18.3474,-56.8,109.511,-7.97594,-76.0735,
13.259,19.8708,-7.85778,28.4794,104.959,1.22002,-159.197,91.7002,6.84345,-75.1452,85.0885,-9.18925,-97.1017,83.8424,-15.9282,-56.7425,113.568,-10.3695,-73.9031,
13.259,19.8708,-7.85778,28.4794,104.959,1.22002,-159.197,91.7002,6.84345,-75.1452,85.0885,-9.18925,-97.1017,83.8424,-15.9282,-56.7425,113.568,-10.3695,-73.9031,
13.6357,14.3503,-6.59384,22.5823,105.336,1.36996,-158.962,91.7002,6.84345,-75.1452,90.9856,-10.0284,-102.821,85.1064,-15.4984,-57.0402,113.568,-10.3695,-73.9031,
13.6357,14.3503,-6.59384,22.5823,105.336,1.36996,-158.962,91.7002,6.84345,-75.1452,90.9856,-10.0284,-102.821,85.1064,-15.4984,-57.0402,113.568,-10.3695,-73.9031,
22.574,9.11742,2.95802,22.861,105.845,2.2163,-159.338,83.2709,8.61063,-81.036,96.7274,-11.0102,-105.646,86.2289,-15.1577,-57.2354,119.588,-13.0838,-74.3218,
22.574,9.11742,2.95802,22.861,105.845,2.2163,-159.338,83.2709,8.61063,-81.036,96.7274,-11.0102,-105.646,86.2289,-15.1577,-57.2354,119.588,-13.0838,-74.3218,
25.5991,6.26021,10.0261,19.9239,103.713,2.19571,-158.633,78.1137,8.84827,-84.979,97.4526,-11.0871,-105.913,88.1398,-14.3899,-56.9418,117.377,-12.9724,-74.6618,
25.5991,6.26021,10.0261,19.9239,103.713,2.19571,-158.633,78.1137,8.84827,-84.979,97.4526,-11.0871,-105.913,88.1398,-14.3899,-56.9418,117.377,-12.9724,-74.6618,
26.5731,5.92723,12.8911,17.3999,103.38,1.7574,-157.208,76.8067,9.08486,-86.4253,97.4526,-11.0871,-105.913,89.6978,-13.3397,-55.8998,114.852,-12.1462,-75.5689,
26.5731,5.92723,12.8911,17.3999,103.38,1.7574,-157.208,76.8067,9.08486,-86.4253,97.4526,-11.0871,-105.913,89.6978,-13.3397,-55.8998,114.852,-12.1462,-75.5689,
26.6033,3.33796,13.6665,14.7804,103.41,1.55133,-156.364,76.8067,9.08486,-86.4253,100.072,-10.077,-108.37,90.4733,-12.7728,-55.1765,114.852,-12.1462,-75.5689,
26.6033,3.33796,13.6665,14.7804,103.41,1.55133,-156.364,76.8067,9.08486,-86.4253,100.072,-10.077,-108.37,90.4733,-12.7728,-55.1765,114.852,-12.1462,-75.5689,
28.8706,0.299622,17.1519,-3.53134,103.09,1.46924,-155.476,74.2194,9.36031,-88.3166,102.79,-9.57632,-109.724,91.3713,-12.0734,-54.3305,99.2591,-6.29582,-83.6326,
28.8706,0.299622,17.1519,-3.53134,103.09,1.46924,-155.476,74.2194,9.36031,-88.3166,102.79,-9.57632,-109.724,91.3713,-12.0734,-54.3305,99.2591,-6.29582,-83.6326,
31.6089,-1.44843,23.4769,-15.0564,102.353,1.15345,-154.52,70.7443,6.4151,-96.9058,103.802,-9.34423,-110.641,94.2212,-10.4446,-52.8944,88.7452,-3.53956,-85.0089,
31.6089,-1.44843,23.4769,-15.0564,102.353,1.15345,-154.52,70.7443,6.4151,-96.9058,103.802,-9.34423,-110.641,94.2212,-10.4446,-52.8944,88.7452,-3.53956,-85.0089,
31.5611,-1.08325,25.0438,-15.0564,102.718,0.488998,-155.565,71.1573,5.03491,-98.1987,103.802,-9.34423,-110.641,96.2011,-9.43989,-52.6421,88.7452,-3.53956,-85.0089,
31.5611,-1.08325,25.0438,-15.0564,102.718,0.488998,-155.565,71.1573,5.03491,-98.1987,103.802,-9.34423,-110.641,96.2011,-9.43989,-52.6421,88.7452,-3.53956,-85.0089,
31.5886,-5.06289,26.0353,-30.2303,102.746,0.17194,-155.797,71.1573,5.03491,-98.1987,107.809,-8.48717,-115.609,97.1925,-8.88683,-52.5769,77.5784,0.0166232,-85.3194,
31.5886,-5.06289,26.0353,-30.2303,102.746,0.17194,-155.797,71.1573,5.03491,-98.1987,107.809,-8.48717,-115.609,97.1925,-8.88683,-52.5769,77.5784,0.0166232,-85.3194,
26.3266,-5.76905,20.6943,-42.1361,102.825,0.187419,-155.514,76.4983,5.99447,-93.2171,108.594,-8.2181,-116.064,97.1925,-8.88683,-52.5769,66.4578,4.20257,-86.2418,
26.3266,-5.76905,20.6943,-42.1361,102.825,0.187419,-155.514,76.4983,5.99447,-93.2171,108.594,-8.2181,-116.064,97.1925,-8.88683,-52.5769,66.4578,4.20257,-86.2418,
25.6461,-6.12604,21.8653,-53.1332,103.095,0.192126,-155.447,77.4493,6.3616,-93.3229,109.221,-7.93888,-116.49,99.3146,-7.6414,-52.8108,56.0882,7.00344,-90.1914,
25.6461,-6.12604,21.8653,-53.1332,103.095,0.192126,-155.447,77.4493,6.3616,-93.3229,109.221,-7.93888,-116.49,99.3146,-7.6414,-52.8108,56.0882,7.00344,-90.1914,
25.9757,-6.35525,23.0491,-53.692,103.425,0.0135562,-156.249,77.4493,6.3616,-93.3229,109.78,-7.67814,-115.929,100.498,-6.94861,-52.8918,56.0882,7.00344,-90.1914,
25.9757,-6.35525,23.0491,-53.692,103.425,0.0135562,-156.249,77.4493,6.3616,-93.3229,109.78,-7.67814,-115.929,100.498,-6.94861,-52.8918,56.0882,7.00344,-90.1914,
26.5433,-6.66916,27.6448,-63.9758,103.663,-0.199852,-156.786,77.1194,6.67779,-93.7756,110.332,-7.52434,-117.072,104.764,-4.47092,-52.5801,46.3561,8.67114,-93.1918,
26.5433,-6.66916,27.6448,-63.9758,103.663,-0.199852,-156.786,77.1194,6.67779,-93.7756,110.332,-7.52434,-117.072,104.764,-4.47092,-52.5801,46.3561,8.67114,-93.1918,
31.037,-6.16662,31.9376,-61.8724,103.864,0.546865,-155.965,72.8266,6.92048,-99.0777,110.03,-7.4794,-117.425,104.764,-4.47092,-52.5801,48.1579,8.17073,-93.0129,
31.037,-6.16662,31.9376,-61.8724,103.864,0.546865,-155.965,72.8266,6.92048,-99.0777,110.03,-7.4794,-117.425,104.764,-4.47092,-52.5801,48.1579,8.17073,-93.0129,
28.0269,-6.15432,34.6055,-58.0174,103.876,1.19657,-156.017,75.8491,7.08803,-97.1151,110.03,-7.4794,-117.425,110.455,-1.13189,-52.3198,52.0128,11.6574,-87.9747,
28.0269,-6.15432,34.6055,-58.0174,103.876,1.19657,-156.017,75.8491,7.08803,-97.1151,110.03,-7.4794,-117.425,110.455,-1.13189,-52.3198,52.0128,11.6574,-87.9747,
23.2367,-2.58863,34.5504,-54.2161,103.64,1.00706,-156.824,80.4036,7.30179,-94.6034,106.229,-7.51674,-116.56,114.954,2.41921,-53.9879,52.0128,11.6574,-87.9747,
23.2367,-2.58863,34.5504,-54.2161,103.64,1.00706,-156.824,80.4036,7.30179,-94.6034,106.229,-7.51674,-116.56,114.954,2.41921,-53.9879,52.0128,11.6574,-87.9747,
17.4324,6.03807,31.0343,-40.7318,103.362,0.79333,-155.951,85.9292,7.59926,-94.2848,97.3236,-7.21719,-114.099,116.964,4.84444,-55.482,56.5918,12.7985,-84.3218,
17.4324,6.03807,31.0343,-40.7318,103.362,0.79333,-155.951,85.9292,7.59926,-94.2848,97.3236,-7.21719,-114.099,116.964,4.84444,-55.482,56.5918,12.7985,-84.3218,
17.1248,5.49064,31.2741,-36.1179,102.814,0.828441,-155.613,85.6894,7.83964,-96.3442,97.3236,-7.21719,-114.099,116.964,4.84444,-55.482,61.2057,12.6289,-82.8179,
17.1248,5.49064,31.2741,-36.1179,102.814,0.828441,-155.613,85.6894,7.83964,-96.3442,97.3236,-7.21719,-114.099,116.964,4.84444,-55.482,61.2057,12.6289,-82.8179,
16.1328,7.76358,38.6733,-30.4586,102.814,1.03149,-156.129,86.6814,8.7384,-94.9174,95.0506,-6.83406,-114.68,125.355,13.8994,-60.2723,64.592,11.9916,-83.0827,
16.1328,7.76358,38.6733,-30.4586,102.814,1.03149,-156.129,86.6814,8.7384,-94.9174,95.0506,-6.83406,-114.68,125.355,13.8994,-60.2723,64.592,11.9916,-83.0827,
13.219,11.1737,39.8599,-27.4152,103.181,1.08034,-156.543,89.9619,9.7562,-93.2567,92.0072,-7.24649,-120.368,129.822,15.7935,-59.4223,64.592,11.9916,-83.0827,
13.219,11.1737,39.8599,-27.4152,103.181,1.08034,-156.543,89.9619,9.7562,-93.2567,92.0072,-7.24649,-120.368,129.822,15.7935,-59.4223,64.592,11.9916,-83.0827,
7.12501,18.3468,34.7647,-16.0247,102.99,0.115743,-157.41,95.8648,11.3985,-90.5007,84.643,-9.61762,-116.766,130.63,16.0551,-58.6399,68.6183,11.7525,-79.6793,
7.12501,18.3468,34.7647,-16.0247,102.99,0.115743,-157.41,95.8648,11.3985,-90.5007,84.643,-9.61762,-116.766,130.63,16.0551,-58.6399,68.6183,11.7525,-79.6793,
6.32517,21.2613,34.0975,-12.1651,102.857,-0.0395972,-157.286,96.5321,12.1559,-90.4295,81.5959,-10.0634,-114.069,130.63,16.0551,-58.6399,69.4308,11.3759,-79.829,
6.32517,21.2613,34.0975,-12.1651,102.857,-0.0395972,-157.286,96.5321,12.1559,-90.4295,81.5959,-10.0634,-114.069,130.63,16.0551,-58.6399,69.4308,11.3759,-79.829,
4.81434,22.1868,24.8105,-11.4142,103.783,0.908421,-157.621,98.9684,11.2808,-88.4503,81.5959,-10.0634,-114.069,123.779,11.4235,-55.5579,70.1818,10.8211,-80.2162,
4.81434,22.1868,24.8105,-11.4142,103.783,0.908421,-157.621,98.9684,11.2808,-88.4503,81.5959,-10.0634,-114.069,123.779,11.4235,-55.5579,70.1818,10.8211,-80.2162,
5.17336,26.3176,21.5956,-7.64243,104.142,1.44746,-157.98,98.9684,11.2808,-88.4503,77.8242,-11.0221,-109.962,120.564,9.37847,-54.2879,70.1818,10.8211,-80.2162,
5.17336,26.3176,21.5956,-7.64243,104.142,1.44746,-157.98,98.9684,11.2808,-88.4503,77.8242,-11.0221,-109.962,120.564,9.37847,-54.2879,70.1818,10.8211,-80.2162,
3.32053,29.0892,16.178,-3.06564,103.959,1.51271,-157.984,100.639,11.0077,-87.6702,74.87,-12.4165,-105.268,116.817,7.08155,-52.7542,71.8043,9.64853,-79.8298,
3.32053,29.0892,16.178,-3.06564,103.959,1.51271,-157.984,100.639,11.0077,-87.6702,74.87,-12.4165,-105.268,116.817,7.08155,-52.7542,71.8043,9.64853,-79.8298,
0.538497,29.6487,5.08284,1.90101,103.09,1.64534,-157.845,102.552,11.1672,-85.7764,73.4415,-12.1469,-102.71,107.635,2.596,-49.875,75.3425,7.60991,-82.3429,
0.538497,29.6487,5.08284,1.90101,103.09,1.64534,-157.845,102.552,11.1672,-85.7764,73.4415,-12.1469,-102.71,107.635,2.596,-49.875,75.3425,7.60991,-82.3429,
-2.35158,29.6388,-8.87829,3.17882,103.08,2.09037,-157.55,105.432,11.1907,-83.2959,73.4415,-12.1469,-102.71,96.5536,-1.45251,-49.4194,76.6203,7.0649,-82.8104,
-2.35158,29.6388,-8.87829,3.17882,103.08,2.09037,-157.55,105.432,11.1907,-83.2959,73.4415,-12.1469,-102.71,96.5536,-1.45251,-49.4194,76.6203,7.0649,-82.8104,
-1.46692,31.7113,-14.6186,4.36666,103.965,2.73659,-156.928,105.432,11.1907,-83.2959,72.2537,-9.51997,-94.3297,90.8133,-3.82221,-50.199,76.6203,7.0649,-82.8104,
-1.46692,31.7113,-14.6186,4.36666,103.965,2.73659,-156.928,105.432,11.1907,-83.2959,72.2537,-9.51997,-94.3297,90.8133,-3.82221,-50.199,76.6203,7.0649,-82.8104,
-3.61349,29.4017,-22.5998,6.53741,104.096,3.09717,-156.237,107.71,11.1544,-82.0642,74.6945,-8.5545,-94.8134,85.1099,-6.69917,-50.8066,81.2319,5.72218,-83.9831,
-3.61349,29.4017,-22.5998,6.53741,104.096,3.09717,-156.237,107.71,11.1544,-82.0642,74.6945,-8.5545,-94.8134,85.1099,-6.69917,-50.8066,81.2319,5.72218,-83.9831,
-5.15855,28.1183,-35.1509,6.29095,104.176,3.21349,-156.127,109.334,10.9965,-81.3218,76.0575,-8.56147,-95.2905,74.1834,-12.9094,-49.0674,82.3484,5.41033,-83.7136,
-5.15855,28.1183,-35.1509,6.29095,104.176,3.21349,-156.127,109.334,10.9965,-81.3218,76.0575,-8.56147,-95.2905,74.1834,-12.9094,-49.0674,82.3484,5.41033,-83.7136,
-4.9256,28.3513,-35.1509,7.53505,104.409,3.33807,-156.009,109.334,10.9965,-81.3218,76.0575,-8.56147,-95.2905,74.1834,-12.9094,-49.0674,83.5925,4.96872,-83.4774,
-4.9256,28.3513,-35.1509,7.53505,104.409,3.33807,-156.009,109.334,10.9965,-81.3218,76.0575,-8.56147,-95.2905,74.1834,-12.9094,-49.0674,83.5925,4.96872,-83.4774,
-4.78659,35.0015,-47.064,16.985,104.626,3.49246,-155.95,109.412,10.9889,-81.136,69.6242,-10.3466,-94.0622,62.3482,-18.6228,-45.5157,86.6092,3.91671,-82.6001,
-4.78659,35.0015,-47.064,16.985,104.626,3.49246,-155.95,109.412,10.9889,-81.136,69.6242,-10.3466,-94.0622,62.3482,-18.6228,-45.5157,86.6092,3.91671,-82.6001,
-4.8325,36.1957,-46.0932,21.8586,105.145,3.63514,-156.017,109.977,10.7647,-82.1767,68.9493,-11.8504,-94.2129,63.8843,-19.5791,-47.1912,90.8079,2.43395,-82.5537,
-4.8325,36.1957,-46.0932,21.8586,105.145,3.63514,-156.017,109.977,10.7647,-82.1767,68.9493,-11.8504,-94.2129,63.8843,-19.5791,-47.1912,90.8079,2.43395,-82.5537,
-3.23853,34.6211,-36.9302,24.8784,105.51,3.54305,-155.834,108.748,10.2815,-81.7172,70.8887,-12.7637,-96.0581,71.8181,-22.2437,-55.7052,95.7671,0.81658,-82.5471,
-3.23853,34.6211,-36.9302,24.8784,105.51,3.54305,-155.834,108.748,10.2815,-81.7172,70.8887,-12.7637,-96.0581,71.8181,-22.2437,-55.7052,95.7671,0.81658,-82.5471,
-1.06681,25.135,-33.0767,15.4844,105.418,3.61182,-155.33,106.485,9.9114,-82.0625,80.2827,-14.1392,-103.083,73.4079,-22.4401,-55.6845,95.7671,0.81658,-82.5471,
-1.06681,25.135,-33.0767,15.4844,105.418,3.61182,-155.33,106.485,9.9114,-82.0625,80.2827,-14.1392,-103.083,73.4079,-22.4401,-55.6845,95.7671,0.81658,-82.5471,
-0.843237,20.9517,-31.8459,11.0776,105.641,3.85432,-155.486,106.485,9.9114,-82.0625,84.6896,-12.1932,-97.8121,74.6387,-20.7502,-53.9916,95.7671,0.81658,-82.5471,
-0.843237,20.9517,-31.8459,11.0776,105.641,3.85432,-155.486,106.485,9.9114,-82.0625,84.6896,-12.1932,-97.8121,74.6387,-20.7502,-53.9916,95.7671,0.81658,-82.5471,
5.70488,22.2395,-22.8686,23.4811,105.156,4.40841,-157.092,99.4511,8.91702,-89.6508,82.9166,-11.4743,-94.1226,76.5825,-19.1429,-52.6989,106.398,-5.47935,-75.7224,
5.70488,22.2395,-22.8686,23.4811,105.156,4.40841,-157.092,99.4511,8.91702,-89.6508,82.9166,-11.4743,-94.1226,76.5825,-19.1429,-52.6989,106.398,-5.47935,-75.7224,
10.8864,21.9781,-11.2275,31.6421,104.719,4.51487,-157.605,93.8327,6.28616,-80.7182,82.7409,-10.8187,-93.47,82.6052,-17.2978,-51.9829,114.383,-10.3229,-71.775,
10.8864,21.9781,-11.2275,31.6421,104.719,4.51487,-157.605,93.8327,6.28616,-80.7182,82.7409,-10.8187,-93.47,82.6052,-17.2978,-51.9829,114.383,-10.3229,-71.775,
12.7704,15.8279,-7.66129,25.8753,104.336,4.83867,-158.998,91.5653,6.54845,-76.8527,88.5078,-11.2874,-99.9599,83.904,-16.1339,-51.2646,114.383,-10.3229,-71.775,
12.7704,15.8279,-7.66129,25.8753,104.336,4.83867,-158.998,91.5653,6.54845,-76.8527,88.5078,-11.2874,-99.9599,83.904,-16.1339,-51.2646,114.383,-10.3229,-71.775,
14.1295,11.3552,-5.31975,25.2914,105.695,5.54221,-158.948,91.5653,6.54845,-76.8527,94.3396,-11.9417,-103.604,86.2455,-14.619,-50.8399,119.631,-13.0191,-72.4718,
14.1295,11.3552,-5.31975,25.2914,105.695,5.54221,-158.948,91.5653,6.54845,-76.8527,94.3396,-11.9417,-103.604,86.2455,-14.619,-50.8399,119.631,-13.0191,-72.4718,
24.5067,9.99208,6.1056,21.4845,104.647,6.01353,-159.665,80.1399,7.62026,-86.3008,94.6545,-13.8114,-104.809,86.2455,-14.619,-50.8399,116.139,-13.9306,-72.0737,
24.5067,9.99208,6.1056,21.4845,104.647,6.01353,-159.665,80.1399,7.62026,-86.3008,94.6545,-13.8114,-104.809,86.2455,-14.619,-50.8399,116.139,-13.9306,-72.0737,
25.9432,9.23984,11.4261,18.1689,103.894,6.07436,-160.177,77.9512,7.36909,-88.4541,94.6545,-13.8114,-104.809,89.3773,-13.6458,-50.1283,112.823,-13.3345,-71.6901,
25.9432,9.23984,11.4261,18.1689,103.894,6.07436,-160.177,77.9512,7.36909,-88.4541,94.6545,-13.8114,-104.809,89.3773,-13.6458,-50.1283,112.823,-13.3345,-71.6901,
27.5409,5.61018,13.5665,14.0914,104.342,5.56203,-160.462,76.8012,7.22911,-90.075,98.732,-13.4795,-106.797,90.3678,-13.0727,-49.6839,112.823,-13.3345,-71.6901,
27.5409,5.61018,13.5665,14.0914,104.342,5.56203,-160.462,76.8012,7.22911,-90.075,98.732,-13.4795,-106.797,90.3678,-13.0727,-49.6839,112.823,-13.3345,-71.6901,
27.8481,4.65864,14.5862,12.8327,104.649,5.5226,-160.077,76.8012,7.22911,-90.075,99.9907,-12.9567,-106.453,91.3874,-12.4071,-49.0258,112.823,-13.3345,-71.6901,
27.8481,4.65864,14.5862,12.8327,104.649,5.5226,-160.077,76.8012,7.22911,-90.075,99.9907,-12.9567,-106.453,91.3874,-12.4071,-49.0258,112.823,-13.3345,-71.6901,
33.3507,3.04252,21.1407,-11.3835,104.67,5.38801,-159.145,71.3197,4.84651,-100.199,101.628,-11.8884,-107.35,92.4604,-11.7543,-48.3166,90.2444,-6.65737,-77.322,
33.3507,3.04252,21.1407,-11.3835,104.67,5.38801,-159.145,71.3197,4.84651,-100.199,101.628,-11.8884,-107.35,92.4604,-11.7543,-48.3166,90.2444,-6.65737,-77.322,
32.8551,1.81274,26.0334,-16.9169,103.441,4.65279,-159.639,70.5856,3.77453,-102.14,101.628,-11.8884,-107.35,96.6189,-9.71221,-47.6266,84.7109,-4.78301,-76.8921,
32.8551,1.81274,26.0334,-16.9169,103.441,4.65279,-159.639,70.5856,3.77453,-102.14,101.628,-11.8884,-107.35,96.6189,-9.71221,-47.6266,84.7109,-4.78301,-76.8921,
34.5998,1.16835,26.4347,-19.7892,105.668,4.54259,-161.511,71.0687,2.71256,-103.062,104.5,-11.0745,-109.364,97.5034,-9.37843,-47.5675,84.7109,-4.78301,-76.8921,
34.5998,1.16835,26.4347,-19.7892,105.668,4.54259,-161.511,71.0687,2.71256,-103.062,104.5,-11.0745,-109.364,97.5034,-9.37843,-47.5675,84.7109,-4.78301,-76.8921,
33.2175,-1.93957,25.1165,-46.6807,106.439,3.84321,-161.127,73.2213,2.47057,-100.779,108.378,-10.3319,-111.343,98.3378,-9.02996,-47.5823,61.6977,4.66653,-83.0867,
33.2175,-1.93957,25.1165,-46.6807,106.439,3.84321,-161.127,73.2213,2.47057,-100.779,108.378,-10.3319,-111.343,98.3378,-9.02996,-47.5823,61.6977,4.66653,-83.0867,
30.5652,-2.71632,23.3746,-52.7041,106.364,3.71598,-161.29,75.7985,3.43932,-98.706,109.08,-9.99868,-111.583,99.1731,-8.60768,-47.7508,56.3759,6.64789,-85.4509,
30.5652,-2.71632,23.3746,-52.7041,106.364,3.71598,-161.29,75.7985,3.43932,-98.706,109.08,-9.99868,-111.583,99.1731,-8.60768,-47.7508,56.3759,6.64789,-85.4509,
29.9987,-2.66985,24.7028,-57.5772,106.41,3.75435,-161.327,76.4115,3.48249,-98.6692,109.08,-9.99868,-111.583,101.114,-7.62496,-48.3911,51.5029,7.8222,-87.9913,
29.9987,-2.66985,24.7028,-57.5772,106.41,3.75435,-161.327,76.4115,3.48249,-98.6692,109.08,-9.99868,-111.583,101.114,-7.62496,-48.3911,51.5029,7.8222,-87.9913,
32.2683,-2.60027,29.1271,-58.0074,106.91,3.87316,-161.316,74.6417,3.69898,-98.4854,109.51,-9.59485,-111.583,103.769,-6.36721,-48.5781,51.5029,7.8222,-87.9913,
32.2683,-2.60027,29.1271,-58.0074,106.91,3.87316,-161.316,74.6417,3.69898,-98.4854,109.51,-9.59485,-111.583,103.769,-6.36721,-48.5781,51.5029,7.8222,-87.9913,
38.1208,-2.46099,35.4705,-65.2273,107.917,4.47898,-160.402,69.7966,5.03255,-102.058,110.378,-9.32748,-113.216,105.267,-5.41069,-48.5028,45.1511,9.28195,-92.1674,
38.1208,-2.46099,35.4705,-65.2273,107.917,4.47898,-160.402,69.7966,5.03255,-102.058,110.378,-9.32748,-113.216,105.267,-5.41069,-48.5028,45.1511,9.28195,-92.1674,
35.3874,-2.6404,35.0209,-58.4437,107.544,4.56487,-160.704,72.1568,6.47255,-99.9923,110.185,-8.9674,-114.063,107.178,-4.35854,-48.5169,51.7409,11.4886,-88.2133,
35.3874,-2.6404,35.0209,-58.4437,107.544,4.56487,-160.704,72.1568,6.47255,-99.9923,110.185,-8.9674,-114.063,107.178,-4.35854,-48.5169,51.7409,11.4886,-88.2133,
26.8449,-2.39932,32.8398,-57.0645,107.785,4.80238,-162.33,80.9404,7.39345,-96.885,110.185,-8.9674,-114.063,113.78,-0.238497,-49.7583,53.1201,12.6318,-87.3616,
26.8449,-2.39932,32.8398,-57.0645,107.785,4.80238,-162.33,80.9404,7.39345,-96.885,110.185,-8.9674,-114.063,113.78,-0.238497,-49.7583,53.1201,12.6318,-87.3616,
25.8865,7.92361,36.8905,-45.7833,106.827,4.11288,-159.631,80.9404,7.39345,-96.885,98.9034,-8.5475,-112.39,117.831,4.52104,-52.786,53.1201,12.6318,-87.3616,
25.8865,7.92361,36.8905,-45.7833,106.827,4.11288,-159.631,80.9404,7.39345,-96.885,98.9034,-8.5475,-112.39,117.831,4.52104,-52.786,53.1201,12.6318,-87.3616,
22.7694,9.53608,34.7279,-34.5713,105.872,3.56266,-157.575,83.103,6.60788,-101.668,96.3363,-8.17692,-112.447,117.831,4.52104,-52.786,61.765,9.92853,-87.0466,
22.7694,9.53608,34.7279,-34.5713,105.872,3.56266,-157.575,83.103,6.60788,-101.668,96.3363,-8.17692,-112.447,117.831,4.52104,-52.786,61.765,9.92853,-87.0466,
24.2275,11.6849,40.8404,-30.8727,106.104,3.71215,-158.035,81.8768,6.17431,-102.023,94.4194,-7.72068,-113.995,122.717,10.4251,-56.6697,63.5468,9.42168,-87.4948,
24.2275,11.6849,40.8404,-30.8727,106.104,3.71215,-158.035,81.8768,6.17431,-102.023,94.4194,-7.72068,-113.995,122.717,10.4251,-56.6697,63.5468,9.42168,-87.4948,
20.7252,13.5214,42.402,-29.1931,107.941,4.36226,-159.963,87.2156,8.41211,-99.4714,94.4194,-7.72068,-113.995,129.618,14.6985,-56.9468,65.2264,8.76671,-87.7967,
20.7252,13.5214,42.402,-29.1931,107.941,4.36226,-159.963,87.2156,8.41211,-99.4714,94.4194,-7.72068,-113.995,129.618,14.6985,-56.9468,65.2264,8.76671,-87.7967,
20.7064,21.6468,43.716,-18.0375,107.922,3.77401,-160.149,87.2156,8.41211,-99.4714,86.2752,-9.38535,-117.425,130.932,16.4132,-57.252,68.2377,8.2659,-86.7219,
20.7064,21.6468,43.716,-18.0375,107.922,3.77401,-160.149,87.2156,8.41211,-99.4714,86.2752,-9.38535,-117.425,130.932,16.4132,-57.252,68.2377,8.2659,-86.7219,
16.316,27.1995,39.7187,-9.81119,107.529,3.16914,-159.1,91.2129,10.4699,-97.7796,80.3293,-9.70737,-112.573,130.932,16.4132,-57.252,70.5181,7.47663,-87.4958,
16.316,27.1995,39.7187,-9.81119,107.529,3.16914,-159.1,91.2129,10.4699,-97.7796,80.3293,-9.70737,-112.573,130.932,16.4132,-57.252,70.5181,7.47663,-87.4958,
12.9074,27.7731,29.5775,-7.99395,108.102,4.04993,-159.093,95.195,11.4815,-94.2974,80.3293,-9.70737,-112.573,124.772,14.1103,-58.4892,72.3354,6.58296,-89.1744,
12.9074,27.7731,29.5775,-7.99395,108.102,4.04993,-159.093,95.195,11.4815,-94.2974,80.3293,-9.70737,-112.573,124.772,14.1103,-58.4892,72.3354,6.58296,-89.1744,
10.9931,30.7985,20.9982,-4.94045,108.074,4.76824,-159.632,97.0813,11.2229,-92.9923,77.2758,-10.5485,-110.809,118.079,10.3064,-57.8759,72.3354,6.58296,-89.1744,
10.9931,30.7985,20.9982,-4.94045,108.074,4.76824,-159.632,97.0813,11.2229,-92.9923,77.2758,-10.5485,-110.809,118.079,10.3064,-57.8759,72.3354,6.58296,-89.1744,
10.9931,30.7985,20.9982,-4.94045,108.074,4.76824,-159.632,97.0813,11.2229,-92.9923,77.2758,-10.5485,-110.809,118.079,10.3064,-57.8759,72.3354,6.58296,-89.1744,
10.9931,30.7985,20.9982,-4.94045,108.074,4.76824,-159.632,97.0813,11.2229,-92.9923,77.2758,-10.5485,-110.809,118.079,10.3064,-57.8759,72.3354,6.58296,-89.1744,
6.23095,33.1357,13.3298,2.44526,106.991,4.98501,-159.653,100.76,10.6613,-92.3432,73.8555,-11.6939,-105.216,114.09,7.93012,-56.9348,76.3007,4.55322,-92.3851,
6.23095,33.1357,13.3298,2.44526,106.991,4.98501,-159.653,100.76,10.6613,-92.3432,73.8555,-11.6939,-105.216,114.09,7.93012,-56.9348,76.3007,4.55322,-92.3851,
4.11622,32.448,-2.81096,4.39963,106.304,5.11637,-159.036,102.187,10.5723,-91.4399,73.8555,-11.6939,-105.216,99.3763,0.427948,-54.2876,78.2551,4.0454,-92.482,
4.11622,32.448,-2.81096,4.39963,106.304,5.11637,-159.036,102.187,10.5723,-91.4399,73.8555,-11.6939,-105.216,99.3763,0.427948,-54.2876,78.2551,4.0454,-92.482,
3.43005,33.8156,-15.2267,4.99636,107.074,6.10412,-158.389,103.644,10.4995,-90.643,73.2587,-8.83035,-102.972,88.4176,-4.97621,-54.4439,78.2551,4.0454,-92.482,
3.43005,33.8156,-15.2267,4.99636,107.074,6.10412,-158.389,103.644,10.4995,-90.643,73.2587,-8.83035,-102.972,88.4176,-4.97621,-54.4439,78.2551,4.0454,-92.482,
3.48795,32.6485,-20.6726,3.77136,107.132,6.51728,-158.419,103.644,10.4995,-90.643,74.4837,-8.11255,-102.665,82.9716,-7.92232,-53.8187,78.2551,4.0454,-92.482,
3.48795,32.6485,-20.6726,3.77136,107.132,6.51728,-158.419,103.644,10.4995,-90.643,74.4837,-8.11255,-102.665,82.9716,-7.92232,-53.8187,78.2551,4.0454,-92.482,
-0.747035,31.695,-24.2973,7.91283,106.522,6.44322,-157.732,107.269,10.4644,-88.9813,74.8269,-7.99375,-102.384,82.9716,-7.92232,-53.8187,82.7397,3.47855,-89.6387,
-0.747035,31.695,-24.2973,7.91283,106.522,6.44322,-157.732,107.269,10.4644,-88.9813,74.8269,-7.99375,-102.384,82.9716,-7.92232,-53.8187,82.7397,3.47855,-89.6387,
-0.815156,31.7748,-35.0033,9.03785,106.602,6.4963,-157.271,107.417,10.4399,-88.65,74.8269,-7.99375,-102.384,72.4136,-12.6791,-49.3546,83.8647,3.21098,-89.3247,
-0.815156,31.7748,-35.0033,9.03785,106.602,6.4963,-157.271,107.417,10.4399,-88.65,74.8269,-7.99375,-102.384,72.4136,-12.6791,-49.3546,83.8647,3.21098,-89.3247,
-0.530535,31.9491,-43.0338,9.03785,106.776,6.54214,-157.232,107.307,10.4687,-88.351,74.8269,-7.99375,-102.384,64.2727,-15.1116,-45.0354,83.8647,3.21098,-89.3247,
-0.530535,31.9491,-43.0338,9.03785,106.776,6.54214,-157.232,107.307,10.4687,-88.351,74.8269,-7.99375,-102.384,64.2727,-15.1116,-45.0354,83.8647,3.21098,-89.3247,
-0.180125,37.7318,-43.9641,17.3992,107.126,6.41115,-157.05,107.307,10.4687,-88.351,69.3946,-8.51727,-96.9472,63.3424,-15.3583,-44.0651,86.7938,2.28609,-89.6974,
-0.180125,37.7318,-43.9641,17.3992,107.126,6.41115,-157.05,107.307,10.4687,-88.351,69.3946,-8.51727,-96.9472,63.3424,-15.3583,-44.0651,86.7938,2.28609,-89.6974,
0.224577,35.6312,-40.4956,22.1819,106.99,6.26032,-156.74,106.766,9.9134,-85.5225,71.3592,-8.28833,-98.1519,66.2702,-15.3514,-45.7304,93.5411,0.141126,-89.5445,
0.224577,35.6312,-40.4956,22.1819,106.99,6.26032,-156.74,106.766,9.9134,-85.5225,71.3592,-8.28833,-98.1519,66.2702,-15.3514,-45.7304,93.5411,0.141126,-89.5445,
1.00709,35.4742,-32.6125,24.7159,106.833,6.15009,-155.536,105.826,9.54041,-85.1035,71.3592,-8.28833,-98.1519,73.2138,-17.5205,-54.4211,96.0751,-0.614578,-89.2135,
1.00709,35.4742,-32.6125,24.7159,106.833,6.15009,-155.536,105.826,9.54041,-85.1035,71.3592,-8.28833,-98.1519,73.2138,-17.5205,-54.4211,96.0751,-0.614578,-89.2135,
3.61566,27.2547,-27.7973,16.7279,106.602,6.22555,-155.124,102.986,8.9772,-85.6635,79.3472,-8.99681,-102.781,75.189,-16.9715,-55.6879,96.0751,-0.614578,-89.2135,
3.61566,27.2547,-27.7973,16.7279,106.602,6.22555,-155.124,102.986,8.9772,-85.6635,79.3472,-8.99681,-102.781,75.189,-16.9715,-55.6879,96.0751,-0.614578,-89.2135,
8.20537,23.1328,-19.0053,24.6816,104.96,6.5886,-155.758,96.7547,7.26159,-89.6431,81.8273,-8.13443,-99.2407,77.7494,-16.9061,-56.6479,106.509,-7.03354,-80.7243,
8.20537,23.1328,-19.0053,24.6816,104.96,6.5886,-155.758,96.7547,7.26159,-89.6431,81.8273,-8.13443,-99.2407,77.7494,-16.9061,-56.6479,106.509,-7.03354,-80.7243,
10.2664,22.6565,-16.9443,24.2053,104.96,6.5886,-155.758,94.6936,6.26971,-88.0378,82.3036,-8.37643,-99.3624,77.7494,-16.9061,-56.6479,106.509,-7.03354,-80.7243,
10.2664,22.6565,-16.9443,24.2053,104.96,6.5886,-155.758,94.6936,6.26971,-88.0378,82.3036,-8.37643,-99.3624,77.7494,-16.9061,-56.6479,106.509,-7.03354,-80.7243,
13.5086,21.8921,-9.18614,31.1714,104.196,7.06161,-157.946,90.6871,5.20688,-79.8674,82.3036,-8.37643,-99.3624,81.501,-15.8725,-56.4678,113.475,-11.7918,-76.3702,
13.5086,21.8921,-9.18614,31.1714,104.196,7.06161,-157.946,90.6871,5.20688,-79.8674,82.3036,-8.37643,-99.3624,81.501,-15.8725,-56.4678,113.475,-11.7918,-76.3702,
16.6884,11.2857,-2.80873,19.5098,105.251,7.51505,-158.581,88.5625,5.81145,-77.1778,93.9652,-10.4596,-105.926,85.7538,-14.6366,-56.561,113.475,-11.7918,-76.3702,
16.6884,11.2857,-2.80873,19.5098,105.251,7.51505,-158.581,88.5625,5.81145,-77.1778,93.9652,-10.4596,-105.926,85.7538,-14.6366,-56.561,113.475,-11.7918,-76.3702,
21.9089,11.5242,3.33431,23.8587,105.53,8.23762,-158.767,83.621,7.22429,-78.5753,94.0056,-10.9116,-105.721,86.9553,-14.1209,-56.707,117.864,-14.6918,-76.1824,
21.9089,11.5242,3.33431,23.8587,105.53,8.23762,-158.767,83.621,7.22429,-78.5753,94.0056,-10.9116,-105.721,86.9553,-14.1209,-56.707,117.864,-14.6918,-76.1824,
28.6881,10.277,13.1604,20.5523,104.696,8.39524,-158.332,76.0083,7.52167,-84.8744,94.4193,-10.9402,-105.999,89.1687,-13.0715,-56.3813,114.972,-14.2832,-75.5349,
28.6881,10.277,13.1604,20.5523,104.696,8.39524,-158.332,76.0083,7.52167,-84.8744,94.4193,-10.9402,-105.999,89.1687,-13.0715,-56.3813,114.972,-14.2832,-75.5349,
28.3128,8.74635,16.1286,17.4632,103.166,8.06607,-157.862,74.8529,7.73114,-86.3238,94.4193,-10.9402,-105.999,90.9815,-11.8129,-54.7311,111.883,-13.1152,-75.714,
28.3128,8.74635,16.1286,17.4632,103.166,8.06607,-157.862,74.8529,7.73114,-86.3238,94.4193,-10.9402,-105.999,90.9815,-11.8129,-54.7311,111.883,-13.1152,-75.714,
28.1914,5.01587,17.2227,13.8541,103.044,7.73732,-157.646,74.8529,7.73114,-86.3238,98.0285,-9.81618,-109.489,92.0756,-11.1014,-53.9598,111.883,-13.1152,-75.714,
28.1914,5.01587,17.2227,13.8541,103.044,7.73732,-157.646,74.8529,7.73114,-86.3238,98.0285,-9.81618,-109.489,92.0756,-11.1014,-53.9598,111.883,-13.1152,-75.714,
30.1616,3.76354,20.537,5.03697,102.847,7.43112,-157.015,72.6858,7.47733,-89.5413,99.0838,-9.84081,-110.666,93.2228,-10.4331,-53.1826,104.121,-9.43705,-77.925,
30.1616,3.76354,20.537,5.03697,102.847,7.43112,-157.015,72.6858,7.47733,-89.5413,99.0838,-9.84081,-110.666,93.2228,-10.4331,-53.1826,104.121,-9.43705,-77.925,
32.0033,1.66433,25.8067,-10.903,101.859,7.11052,-155.731,69.8561,4.52824,-97.0372,100.195,-9.86291,-111.801,95.6628,-9.19998,-51.7104,89.2921,-3.68732,-80.4666,
32.0033,1.66433,25.8067,-10.903,101.859,7.11052,-155.731,69.8561,4.52824,-97.0372,100.195,-9.86291,-111.801,95.6628,-9.19998,-51.7104,89.2921,-3.68732,-80.4666,
30.4806,-2.18307,28.5439,-19.2373,100.839,6.18418,-156.694,70.3588,3.37971,-97.9864,103.022,-9.54284,-113.278,98.9026,-7.58775,-51.2556,83.7851,-1.51569,-79.6074,
30.4806,-2.18307,28.5439,-19.2373,100.839,6.18418,-156.694,70.3588,3.37971,-97.9864,103.022,-9.54284,-113.278,98.9026,-7.58775,-51.2556,83.7851,-1.51569,-79.6074,
30.5724,-4.29858,29.4768,-32.6686,100.931,5.6793,-157.824,70.3588,3.37971,-97.9864,105.23,-8.97323,-113.893,99.8355,-7.20399,-51.1788,72.5612,3.76463,-76.5277,
30.5724,-4.29858,29.4768,-32.6686,100.931,5.6793,-157.824,70.3588,3.37971,-97.9864,105.23,-8.97323,-113.893,99.8355,-7.20399,-51.1788,72.5612,3.76463,-76.5277,
28.3473,-5.05211,26.3141,-45.3048,101.869,6.21673,-156.976,73.5214,3.95628,-94.2122,106.921,-8.31415,-113.86,99.8355,-7.20399,-51.1788,61.616,7.93387,-80.6271,
28.3473,-5.05211,26.3141,-45.3048,101.869,6.21673,-156.976,73.5214,3.95628,-94.2122,106.921,-8.31415,-113.86,99.8355,-7.20399,-51.1788,61.616,7.93387,-80.6271,
27.5194,-4.83446,27.9312,-50.4623,102.086,6.08398,-157.351,74.5669,5.25999,-93.0916,106.921,-8.31415,-113.86,102.498,-5.80636,-51.3895,56.4585,8.75056,-83.9488,
27.5194,-4.83446,27.9312,-50.4623,102.086,6.08398,-157.351,74.5669,5.25999,-93.0916,106.921,-8.31415,-113.86,102.498,-5.80636,-51.3895,56.4585,8.75056,-83.9488,
29.381,-4.65844,30.6076,-55.0897,102.262,5.74242,-157.455,72.8813,6.03065,-93.0236,106.921,-8.31415,-113.86,103.489,-5.15813,-51.4806,51.8311,9.04753,-86.6739,
29.381,-4.65844,30.6076,-55.0897,102.262,5.74242,-157.455,72.8813,6.03065,-93.0236,106.921,-8.31415,-113.86,103.489,-5.15813,-51.4806,51.8311,9.04753,-86.6739,
29.2543,-6.73518,33.0186,-62.595,102.136,5.60342,-157.826,72.8813,6.03065,-93.0236,108.871,-7.95882,-116.131,105.9,-3.35678,-51.5025,46.2757,10.2411,-88.8887,
29.2543,-6.73518,33.0186,-62.595,102.136,5.60342,-157.826,72.8813,6.03065,-93.0236,108.871,-7.95882,-116.131,105.9,-3.35678,-51.5025,46.2757,10.2411,-88.8887,
30.179,-5.66867,33.2486,-56.5777,102.83,6.45198,-155.195,72.6513,6.77418,-97.8934,108.499,-7.79957,-116.635,105.9,-3.35678,-51.5025,51.9213,13.126,-85.16,
30.179,-5.66867,33.2486,-56.5777,102.83,6.45198,-155.195,72.6513,6.77418,-97.8934,108.499,-7.79957,-116.635,105.9,-3.35678,-51.5025,51.9213,13.126,-85.16,
26.3685,-5.45822,36.7908,-55.2942,103.041,6.85593,-154.99,76.6724,7.06685,-96.8044,108.499,-7.79957,-116.635,113.463,1.90642,-52.3942,53.2048,12.946,-85.1588,
26.3685,-5.45822,36.7908,-55.2942,103.041,6.85593,-154.99,76.6724,7.06685,-96.8044,108.499,-7.79957,-116.635,113.463,1.90642,-52.3942,53.2048,12.946,-85.1588,
23.1195,-0.779542,34.9953,-51.3076,103.733,6.84832,-155.356,80.6133,7.53428,-96.111,104.512,-7.6983,-115.758,115.609,3.93654,-53.4036,53.2048,12.946,-85.1588,
23.1195,-0.779542,34.9953,-51.3076,103.733,6.84832,-155.356,80.6133,7.53428,-96.111,104.512,-7.6983,-115.758,115.609,3.93654,-53.4036,53.2048,12.946,-85.1588,
22.6861,8.37242,36.8613,-33.2696,103.299,6.58076,-154.405,80.6133,7.53428,-96.111,94.927,-6.75788,-112.64,117.475,6.4655,-55.0052,61.6574,11.9315,-82.9527,
22.6861,8.37242,36.8613,-33.2696,103.299,6.58076,-154.405,80.6133,7.53428,-96.111,94.927,-6.75788,-112.64,117.475,6.4655,-55.0052,61.6574,11.9315,-82.9527,
20.5749,7.77651,35.3461,-31.561,102.703,6.45147,-153.659,82.1285,6.01113,-98.3318,94.927,-6.75788,-112.64,117.475,6.4655,-55.0052,63.366,11.4988,-83.2079,
20.5749,7.77651,35.3461,-31.561,102.703,6.45147,-153.659,82.1285,6.01113,-98.3318,94.927,-6.75788,-112.64,117.475,6.4655,-55.0052,63.366,11.4988,-83.2079,
20.2974,10.172,43.5049,-27.5976,102.832,6.45259,-153.455,82.5347,6.5864,-97.1454,92.6601,-6.28041,-113.17,126.04,15.2522,-59.6138,65.0625,11.2739,-83.1404,
20.2974,10.172,43.5049,-27.5976,102.832,6.45259,-153.455,82.5347,6.5864,-97.1454,92.6601,-6.28041,-113.17,126.04,15.2522,-59.6138,65.0625,11.2739,-83.1404,
15.4298,18.0739,41.747,-20.3258,103.462,6.47078,-154.978,88.0324,9.25831,-94.8531,85.3883,-8.34818,-120.772,129.779,17.7531,-59.852,65.0625,11.2739,-83.1404,
15.4298,18.0739,41.747,-20.3258,103.462,6.47078,-154.978,88.0324,9.25831,-94.8531,85.3883,-8.34818,-120.772,129.779,17.7531,-59.852,65.0625,11.2739,-83.1404,
15.2404,20.9284,42.5152,-12.3799,103.273,6.11628,-155.791,88.0324,9.25831,-94.8531,82.3445,-8.75435,-118.232,130.548,18.0417,-59.6251,69.9646,10.0755,-83.0992,
15.2404,20.9284,42.5152,-12.3799,103.273,6.11628,-155.791,88.0324,9.25831,-94.8531,82.3445,-8.75435,-118.232,130.548,18.0417,-59.6251,69.9646,10.0755,-83.0992,
9.08381,24.1196,35.9547,-8.70656,103.677,5.85319,-155.788,94.593,12.1053,-91.4328,79.5572,-9.13753,-115.877,130.548,18.0417,-59.6251,70.8506,9.5981,-83.4925,
9.08381,24.1196,35.9547,-8.70656,103.677,5.85319,-155.788,94.593,12.1053,-91.4328,79.5572,-9.13753,-115.877,130.548,18.0417,-59.6251,70.8506,9.5981,-83.4925,
7.74619,24.3057,26.3871,-7.90127,103.863,6.32689,-155.511,96.1167,11.64,-90.5442,79.5572,-9.13753,-115.877,122.504,13.6181,-82.932,71.6559,9.05911,-84.0012,
7.74619,24.3057,26.3871,-7.90127,103.863,6.32689,-155.511,96.1167,11.64,-90.5442,79.5572,-9.13753,-115.877,122.504,13.6181,-82.932,71.6559,9.05911,-84.0012,
6.95611,29.0004,22.0416,-3.6274,104.284,6.9158,-155.54,97.3276,11.2083,-90.1252,75.2833,-11.1772,-111.226,119.369,11.2133,-81.551,71.6559,9.05911,-84.0012,
6.95611,29.0004,22.0416,-3.6274,104.284,6.9158,-155.54,97.3276,11.2083,-90.1252,75.2833,-11.1772,-111.226,119.369,11.2133,-81.551,71.6559,9.05911,-84.0012,
3.87698,29.3718,15.6969,-0.10025,103.962,7.02761,-155.491,100.085,10.5886,-90.8888,74.5898,-11.8586,-109.71,115.781,8.8089,-80.2563,74.4895,7.13652,-85.9853,
3.87698,29.3718,15.6969,-0.10025,103.962,7.02761,-155.491,100.085,10.5886,-90.8888,74.5898,-11.8586,-109.71,115.781,8.8089,-80.2563,74.4895,7.13652,-85.9853,
0.216236,31.3553,4.13456,4.93251,103.148,7.12528,-155.575,102.932,10.6656,-88.7144,71.7927,-11.9745,-104.823,107.066,3.78252,-96.1887,76.7252,6.22703,-86.9325,
0.216236,31.3553,4.13456,4.93251,103.148,7.12528,-155.575,102.932,10.6656,-88.7144,71.7927,-11.9745,-104.823,107.066,3.78252,-96.1887,76.7252,6.22703,-86.9325,
-1.25798,31.4103,-7.79071,6.03768,103.203,7.50074,-155.504,104.461,10.6311,-87.7069,71.7927,-11.9745,-104.823,96.6703,-1.06219,-95.667,77.8304,5.76405,-87.3154,
-1.25798,31.4103,-7.79071,6.03768,103.203,7.50074,-155.504,104.461,10.6311,-87.7069,71.7927,-11.9745,-104.823,96.6703,-1.06219,-95.667,77.8304,5.76405,-87.3154,
-0.134293,32.6785,-13.129,6.1822,104.327,8.38458,-155.053,104.461,10.6311,-87.7069,71.6482,-8.95916,-96.42,91.332,-3.85322,-95.8648,77.8304,5.76405,-87.3154,
-0.134293,32.6785,-13.129,6.1822,104.327,8.38458,-155.053,104.461,10.6311,-87.7069,71.6482,-8.95916,-96.42,91.332,-3.85322,-95.8648,77.8304,5.76405,-87.3154,
-2.18808,31.5274,-20.7,9.00291,104.516,8.61263,-154.453,106.704,10.5497,-87.7789,72.9884,-8.5774,-96.7705,86.0038,-7.00515,-95.6854,81.9913,4.75918,-87.5602,
-2.18808,31.5274,-20.7,9.00291,104.516,8.61263,-154.453,106.704,10.5497,-87.7789,72.9884,-8.5774,-96.7705,86.0038,-7.00515,-95.6854,81.9913,4.75918,-87.5602,
-3.60923,30.4458,-32.9791,8.68393,104.814,8.69239,-153.847,108.423,10.0701,-86.3668,74.3681,-8.56082,-97.5724,75.444,-13.3872,-98.7602,83.052,4.4542,-87.2683,
-3.60923,30.4458,-32.9791,8.68393,104.814,8.69239,-153.847,108.423,10.0701,-86.3668,74.3681,-8.56082,-97.5724,75.444,-13.3872,-98.7602,83.052,4.4542,-87.2683,
-3.51985,30.5352,-37.9027,9.86177,104.903,8.71003,-153.716,108.423,10.0701,-86.3668,74.3681,-8.56082,-97.5724,70.5204,-15.6615,-96.3854,84.2298,4.10583,-86.9565,
-3.51985,30.5352,-37.9027,9.86177,104.903,8.71003,-153.716,108.423,10.0701,-86.3668,74.3681,-8.56082,-97.5724,70.5204,-15.6615,-96.3854,84.2298,4.10583,-86.9565,
-2.83475,37.5448,-43.8579,19.1435,105.611,8.8407,-153.578,108.446,10.0504,-86.0668,68.0665,-12.626,-95.6658,64.5881,-18.1303,-93.2474,87.21,3.07765,-86.7282,
-2.83475,37.5448,-43.8579,19.1435,105.611,8.8407,-153.578,108.446,10.0504,-86.0668,68.0665,-12.626,-95.6658,64.5881,-18.1303,-93.2474,87.21,3.07765,-86.7282,
-3.01373,37.8365,-44.3286,23.3422,105.903,8.84484,-153.531,108.917,9.81413,-85.0903,68.0665,-12.626,-95.6658,64.5881,-18.1303,-93.2474,91.4087,1.71577,-86.9171,
-3.01373,37.8365,-44.3286,23.3422,105.903,8.84484,-153.531,108.917,9.81413,-85.0903,68.0665,-12.626,-95.6658,64.5881,-18.1303,-93.2474,91.4087,1.71577,-86.9171,
-0.958668,35.78,-34.4441,26.0878,106.01,8.68807,-152.934,106.968,9.40987,-84.8825,70.2295,-12.8467,-96.539,72.5241,-18.732,-75.6004,96.3173,0.243813,-86.8367,
-0.958668,35.78,-34.4441,26.0878,106.01,8.68807,-152.934,106.968,9.40987,-84.8825,70.2295,-12.8467,-96.539,72.5241,-18.732,-75.6004,96.3173,0.243813,-86.8367,
2.89464,25.698,-28.3374,16.0281,105.987,8.59225,-152.394,103.093,8.99,-86.5339,80.2892,-13.094,-104.175,74.7552,-18.9128,-78.3253,96.3173,0.243813,-86.8367,
2.89464,25.698,-28.3374,16.0281,105.987,8.59225,-152.394,103.093,8.99,-86.5339,80.2892,-13.094,-104.175,74.7552,-18.9128,-78.3253,96.3173,0.243813,-86.8367,
3.03221,23.68,-23.1465,19.0166,106.125,8.75945,-152.362,103.093,8.99,-86.5339,82.4449,-10.8102,-101.419,79.9461,-18.6673,-82.2507,101.462,-2.20402,-83.7186,
3.03221,23.68,-23.1465,19.0166,106.125,8.75945,-152.362,103.093,8.99,-86.5339,82.4449,-10.8102,-101.419,79.9461,-18.6673,-82.2507,101.462,-2.20402,-83.7186,
8.26704,25.6642,-17.8514,26.4914,106.064,9.06926,-153.162,97.7974,7.24042,-89.604,80.4003,-10.5548,-99.4194,79.9461,-18.6673,-82.2507,106.892,-6.81905,-77.9846,
8.26704,25.6642,-17.8514,26.4914,106.064,9.06926,-153.162,97.7974,7.24042,-89.604,80.4003,-10.5548,-99.4194,79.9461,-18.6673,-82.2507,106.892,-6.81905,-77.9846,
13.0294,23.9899,-9.02516,33.2907,105.623,9.45997,-154.292,92.594,5.66533,-76.847,81.6335,-10.4639,-99.081,83.5689,-17.3108,-81.5332,114.924,-10.9616,-75.2354,
13.0294,23.9899,-9.02516,33.2907,105.623,9.45997,-154.292,92.594,5.66533,-76.847,81.6335,-10.4639,-99.081,83.5689,-17.3108,-81.5332,114.924,-10.9616,-75.2354,
14.8237,16.6476,-2.72188,26.5795,104.992,9.77327,-155.62,90.1686,6.63021,-76.2137,88.3446,-11.4841,-103.486,87.4467,-15.49,-81.8709,114.924,-10.9616,-75.2354,
14.8237,16.6476,-2.72188,26.5795,104.992,9.77327,-155.62,90.1686,6.63021,-76.2137,88.3446,-11.4841,-103.486,87.4467,-15.49,-81.8709,114.924,-10.9616,-75.2354,
16.3747,12.9055,-1.46709,25.46,106.543,10.2177,-155.669,90.1686,6.63021,-76.2137,93.6378,-12.8999,-106.951,88.7015,-15.3277,-82.6497,119.098,-12.9748,-75.9276,
16.3747,12.9055,-1.46709,25.46,106.543,10.2177,-155.669,90.1686,6.63021,-76.2137,93.6378,-12.8999,-106.951,88.7015,-15.3277,-82.6497,119.098,-12.9748,-75.9276,
28.2724,12.3352,10.1505,21.9714,106.823,10.6067,-156.087,78.5509,7.42244,-88.9822,94.4881,-12.9837,-107.401,88.7015,-15.3277,-82.6497,116.46,-12.4071,-76.9088,
28.2724,12.3352,10.1505,21.9714,106.823,10.6067,-156.087,78.5509,7.42244,-88.9822,94.4881,-12.9837,-107.401,88.7015,-15.3277,-82.6497,116.46,-12.4071,-76.9088,
30.1352,12.0838,14.6376,15.5895,106.572,11.4143,-157.224,76.4367,7.45519,-90.6533,94.4881,-12.9837,-107.401,91.0744,-13.7575,-81.0508,110.078,-11.4916,-76.7465,
30.1352,12.0838,14.6376,15.5895,106.572,11.4143,-157.224,76.4367,7.45519,-90.6533,94.4881,-12.9837,-107.401,91.0744,-13.7575,-81.0508,110.078,-11.4916,-76.7465,
30.646,8.53615,17.3458,12.7035,105.91,11.0539,-156.754,75.2643,7.5225,-92.109,97.3742,-11.9882,-107.565,92.6102,-12.2209,-79.1151,110.078,-11.4916,-76.7465,
30.646,8.53615,17.3458,12.7035,105.91,11.0539,-156.754,75.2643,7.5225,-92.109,97.3742,-11.9882,-107.565,92.6102,-12.2209,-79.1151,110.078,-11.4916,-76.7465,
30.7843,6.45835,18.2622,10.4874,106.049,10.8855,-156.402,75.2643,7.5225,-92.109,99.5903,-11.2622,-108.525,93.5265,-11.4122,-78.0989,110.078,-11.4916,-76.7465,
30.7843,6.45835,18.2622,10.4874,106.049,10.8855,-156.402,75.2643,7.5225,-92.109,99.5903,-11.2622,-108.525,93.5265,-11.4122,-78.0989,110.078,-11.4916,-76.7465,
36.9101,6.05161,22.7517,-9.69436,107.685,10.5844,-155.183,70.7748,4.92218,-99.898,101.633,-10.6082,-110.059,93.5265,-11.4122,-78.0989,91.939,-6.04491,-79.6716,
36.9101,6.05161,22.7517,-9.69436,107.685,10.5844,-155.183,70.7748,4.92218,-99.898,101.633,-10.6082,-110.059,93.5265,-11.4122,-78.0989,91.939,-6.04491,-79.6716,
36.7245,6.08386,26.2311,-20.9621,107.717,10.2261,-155.181,70.9927,3.42367,-101.478,101.633,-10.6082,-110.059,97.2237,-8.76197,-76.3569,80.6712,-2.06424,-78.7382,
36.7245,6.08386,26.2311,-20.9621,107.717,10.2261,-155.181,70.9927,3.42367,-101.478,101.633,-10.6082,-110.059,97.2237,-8.76197,-76.3569,80.6712,-2.06424,-78.7382,
34.7935,0.536326,26.3135,-25.3748,106.582,9.74646,-156.438,71.7888,2.40475,-101.837,106.046,-9.44802,-113.165,98.1023,-8.1698,-76.4373,80.6712,-2.06424,-78.7382,
34.7935,0.536326,26.3135,-25.3748,106.582,9.74646,-156.438,71.7888,2.40475,-101.837,106.046,-9.44802,-113.165,98.1023,-8.1698,-76.4373,80.6712,-2.06424,-78.7382,
33.4181,-0.783849,24.9604,-39.3096,107.4,9.27605,-157.341,73.9823,2.59704,-100.675,108.184,-8.66982,-113.887,98.9426,-7.64431,-76.5991,68.8747,3.17786,-80.783,
33.4181,-0.783849,24.9604,-39.3096,107.4,9.27605,-157.341,73.9823,2.59704,-100.675,108.184,-8.66982,-113.887,98.9426,-7.64431,-76.5991,68.8747,3.17786,-80.783,
31.3536,-0.588521,23.9754,-56.3994,108.083,8.80371,-157.488,76.7289,3.89694,-99.3369,108.671,-8.37503,-114.071,100.704,-6.3964,-77.1009,52.2717,8.2615,-87.7444,
31.3536,-0.588521,23.9754,-56.3994,108.083,8.80371,-157.488,76.7289,3.89694,-99.3369,108.671,-8.37503,-114.071,100.704,-6.3964,-77.1009,52.2717,8.2615,-87.7444,
31.6007,-0.778371,24.4123,-56.3994,107.893,8.63742,-157.637,76.292,4.17537,-99.6372,108.671,-8.37503,-114.071,100.704,-6.3964,-77.1009,52.2717,8.2615,-87.7444,
31.6007,-0.778371,24.4123,-56.3994,107.893,8.63742,-157.637,76.292,4.17537,-99.6372,108.671,-8.37503,-114.071,100.704,-6.3964,-77.1009,52.2717,8.2615,-87.7444,
34.5962,-1.13339,31.1288,-61.2666,107.983,8.6219,-157.722,73.3865,4.49791,-100.668,109.116,-7.97106,-118.78,104.515,-3.69432,-77.2609,47.8495,8.90023,-89.9951,
34.5962,-1.13339,31.1288,-61.2666,107.983,8.6219,-157.722,73.3865,4.49791,-100.668,109.116,-7.97106,-118.78,104.515,-3.69432,-77.2609,47.8495,8.90023,-89.9951,
36.2288,-0.178207,33.7506,-60.8952,108.874,8.98814,-158.269,72.6453,4.86851,-103.868,109.052,-7.80588,-119.575,106.396,-2.51282,-77.0067,48.1571,8.00927,-94.3278,
36.2288,-0.178207,33.7506,-60.8952,108.874,8.98814,-158.269,72.6453,4.86851,-103.868,109.052,-7.80588,-119.575,106.396,-2.51282,-77.0067,48.1571,8.00927,-94.3278,
32.1236,0.717042,36.0684,-55.7235,108.907,9.20611,-158.395,76.7833,5.52407,-101.038,108.19,-7.6043,-120.113,112.852,1.99957,-77.1612,52.4663,12.0068,-89.3572,
32.1236,0.717042,36.0684,-55.7235,108.907,9.20611,-158.395,76.7833,5.52407,-101.038,108.19,-7.6043,-120.113,112.852,1.99957,-77.1612,52.4663,12.0068,-89.3572,
24.9003,0.562516,31.2969,-53.4065,108.752,9.64501,-159.147,83.8521,6.23226,-100.599,108.19,-7.6043,-120.113,115.149,4.15498,-78.1431,54.7834,10.8811,-89.3199,
24.9003,0.562516,31.2969,-53.4065,108.752,9.64501,-159.147,83.8521,6.23226,-100.599,108.19,-7.6043,-120.113,115.149,4.15498,-78.1431,54.7834,10.8811,-89.3199,
24.6625,10.2501,35.2786,-43.4812,108.515,9.30038,-158.488,83.8521,6.23226,-100.599,98.2645,-7.13029,-119.627,119.131,10.3931,-82.4546,54.7834,10.8811,-89.3199,
24.6625,10.2501,35.2786,-43.4812,108.515,9.30038,-158.488,83.8521,6.23226,-100.599,98.2645,-7.13029,-119.627,119.131,10.3931,-82.4546,54.7834,10.8811,-89.3199,
24.1862,13.6728,36.4719,-29.1357,106.845,8.60446,-156.776,82.6588,5.44827,-98.3221,93.1721,-6.11891,-120.557,119.131,10.3931,-82.4546,64.0364,9.88299,-88.583,
24.1862,13.6728,36.4719,-29.1357,106.845,8.60446,-156.776,82.6588,5.44827,-98.3221,93.1721,-6.11891,-120.557,119.131,10.3931,-82.4546,64.0364,9.88299,-88.583,
