24.7663,-1.55595,16.3523,-0.668176,102.492,0.835902,29.1978,77.7258,6.81741,80.7665,104.048,-11.6959,68.6579,94.0781,-11.4625,126.146,103.38,-8.89162,108.314,
24.7663,-1.55595,16.3523,-0.668176,102.492,0.835902,29.1978,77.7258,6.81741,80.7665,104.048,-11.6959,68.6579,94.0781,-11.4625,126.146,103.38,-8.89162,108.314,
25.2976,-2.54256,18.6596,-10.9702,103.03,0.221755,27.5257,77.7327,5.73289,79.1703,105.573,-11.2086,69.875,96.3923,-10.3931,126.061,94.6028,-5.99873,108.822,
25.2976,-2.54256,18.6596,-10.9702,103.03,0.221755,27.5257,77.7327,5.73289,79.1703,105.573,-11.2086,69.875,96.3923,-10.3931,126.061,94.6028,-5.99873,108.822,
25.396,-4.07839,19.3989,-12.6044,103.129,0.195189,27.2047,77.7327,5.73289,79.1703,107.207,-10.7286,68.5605,97.1317,-9.96978,126.018,94.6028,-5.99873,108.822,
25.396,-4.07839,19.3989,-12.6044,103.129,0.195189,27.2047,77.7327,5.73289,79.1703,107.207,-10.7286,68.5605,97.1317,-9.96978,126.018,94.6028,-5.99873,108.822,
25.5957,-3.99436,19.5653,-32.493,103.934,0.303207,26.7652,78.3382,5.43444,79.6162,107.928,-10.4696,68.0929,97.9035,-9.63691,125.92,75.4353,1.76393,111.469,
25.5957,-3.99436,19.5653,-32.493,103.934,0.303207,26.7652,78.3382,5.43444,79.6162,107.928,-10.4696,68.0929,97.9035,-9.63691,125.92,75.4353,1.76393,111.469,
24.9809,-4.26647,19.3786,-37.8343,104.301,0.218551,26.1884,79.3197,5.89231,80.4949,108.567,-10.1825,67.6507,98.6983,-9.30308,125.877,70.7327,3.46835,109.915,
24.9809,-4.26647,19.3786,-37.8343,104.301,0.218551,26.1884,79.3197,5.89231,80.4949,108.567,-10.1825,67.6507,98.6983,-9.30308,125.877,70.7327,3.46835,109.915,
24.6278,-5.34566,20.7561,-43.983,104.92,-0.313272,25.0347,80.2919,6.04058,80.4523,110.265,-9.53772,66.6004,101.048,-7.97236,125.58,66.2824,4.85107,107.97,
24.6278,-5.34566,20.7561,-43.983,104.92,-0.313272,25.0347,80.2919,6.04058,80.4523,110.265,-9.53772,66.6004,101.048,-7.97236,125.58,66.2824,4.85107,107.97,
25.6681,-4.3647,22.619,-44.0424,105.96,0.0728858,24.5054,80.2919,6.04058,80.4523,110.325,-9.32565,66.3414,102.911,-6.93938,125.237,66.2824,4.85107,107.97,
25.6681,-4.3647,22.619,-44.0424,105.96,0.0728858,24.5054,80.2919,6.04058,80.4523,110.325,-9.32565,66.3414,102.911,-6.93938,125.237,66.2824,4.85107,107.97,
29.409,-3.96042,26.9001,-57.1834,106.489,0.621638,25.0117,77.0805,6.39737,78.5249,110.45,-8.92146,65.4604,103.981,-6.37657,125.154,53.2665,8.50987,102.236,
29.409,-3.96042,26.9001,-57.1834,106.489,0.621638,25.0117,77.0805,6.39737,78.5249,110.45,-8.92146,65.4604,103.981,-6.37657,125.154,53.2665,8.50987,102.236,
29.8268,-3.80941,27.1668,-57.1229,106.64,1.24665,23.7913,76.8137,6.73265,78.404,110.45,-8.92146,65.4604,103.981,-6.37657,125.154,53.327,8.99416,102.859,
29.8268,-3.80941,27.1668,-57.1229,106.64,1.24665,23.7913,76.8137,6.73265,78.404,110.45,-8.92146,65.4604,103.981,-6.37657,125.154,53.327,8.99416,102.859,
29.2355,-3.84241,30.2943,-55.768,106.607,1.38798,22.8162,77.372,6.88127,79.0949,110.45,-8.92146,65.4604,107.666,-3.97782,124.842,54.6819,9.6247,104.489,
29.2355,-3.84241,30.2943,-55.768,106.607,1.38798,22.8162,77.372,6.88127,79.0949,110.45,-8.92146,65.4604,107.666,-3.97782,124.842,54.6819,9.6247,104.489,
29.4105,-1.80417,32.8148,-50.5465,106.783,1.3639,22.2829,77.372,6.88127,79.0949,108.587,-8.27638,64.3422,110.187,-1.88331,124.189,58.0402,11.576,108.498,
29.4105,-1.80417,32.8148,-50.5465,106.783,1.3639,22.2829,77.372,6.88127,79.0949,108.587,-8.27638,64.3422,110.187,-1.88331,124.189,58.0402,11.576,108.498,
25.355,0.461728,30.9173,-47.3521,106.55,1.37563,22.4864,81.1947,6.80749,78.2425,106.088,-8.302,64.873,112.112,-0.470037,123.627,58.7359,12.9576,109.48,
25.355,0.461728,30.9173,-47.3521,106.55,1.37563,22.4864,81.1947,6.80749,78.2425,106.088,-8.302,64.873,112.112,-0.470037,123.627,58.7359,12.9576,109.48,
19.6584,2.98559,25.5994,-39.8161,106.171,1.39841,22.6244,86.5126,7.14127,75.4832,103.185,-8.33032,65.4049,112.112,-0.470037,123.627,63.3693,12.1391,109.827,
19.6584,2.98559,25.5994,-39.8161,106.171,1.39841,22.6244,86.5126,7.14127,75.4832,103.185,-8.33032,65.4049,112.112,-0.470037,123.627,63.3693,12.1391,109.827,
20.1471,8.94577,30.8721,-34.3447,106.66,1.54269,22.3421,86.5126,7.14127,75.4832,97.714,-8.04111,66.7688,117.385,5.57808,120.308,63.3693,12.1391,109.827,
20.1471,8.94577,30.8721,-34.3447,106.66,1.54269,22.3421,86.5126,7.14127,75.4832,97.714,-8.04111,66.7688,117.385,5.57808,120.308,63.3693,12.1391,109.827,
21.2116,15.6144,35.9487,-25.2786,107.724,1.79772,21.6545,86.5126,7.14127,75.4832,92.1099,-7.57225,64.5791,122.461,10.9031,117.478,66.8313,12.1292,110.944,
21.2116,15.6144,35.9487,-25.2786,107.724,1.79772,21.6545,86.5126,7.14127,75.4832,92.1099,-7.57225,64.5791,122.461,10.9031,117.478,66.8313,12.1292,110.944,
17.3019,17.5912,34.1701,-20.4739,108.83,1.71606,21.2646,91.5284,9.15521,81.5803,91.2391,-8.28995,63.2031,125.698,13.1804,117.046,70.7653,11.7421,112.127,
17.3019,17.5912,34.1701,-20.4739,108.83,1.71606,21.2646,91.5284,9.15521,81.5803,91.2391,-8.28995,63.2031,125.698,13.1804,117.046,70.7653,11.7421,112.127,
12.1374,18.0267,31.9225,-19.5328,109.266,1.78255,21.6234,97.1285,11.5719,84.4934,91.2391,-8.28995,63.2031,129.051,15.9291,117.24,71.7063,11.7254,112.25,
12.1374,18.0267,31.9225,-19.5328,109.266,1.78255,21.6234,97.1285,11.5719,84.4934,91.2391,-8.28995,63.2031,129.051,15.9291,117.24,71.7063,11.7254,112.25,
12.1374,18.0267,32.8019,-19.5328,109.266,1.78255,21.6234,97.1285,11.5719,84.4934,91.2391,-8.28995,63.2031,129.93,16.3211,118.016,71.7063,11.7254,112.25,
12.1374,18.0267,32.8019,-19.5328,109.266,1.78255,21.6234,97.1285,11.5719,84.4934,91.2391,-8.28995,63.2031,129.93,16.3211,118.016,71.7063,11.7254,112.25,
9.20251,24.1032,29.4408,-10.7483,108.245,1.8742,21.6345,99.0422,12.0034,85.7562,84.1414,-11.0824,67.4061,128.483,14.8182,119.515,73.3931,11.7109,112.046,
9.20251,24.1032,29.4408,-10.7483,108.245,1.8742,21.6345,99.0422,12.0034,85.7562,84.1414,-11.0824,67.4061,128.483,14.8182,119.515,73.3931,11.7109,112.046,
7.55353,28.0508,25.5346,-5.87189,108.684,2.22222,21.206,101.131,11.3635,87.3127,80.6333,-12.1284,71.2572,126.665,13.5269,120.651,74.7614,11.1986,112.169,
7.55353,28.0508,25.5346,-5.87189,108.684,2.22222,21.206,101.131,11.3635,87.3127,80.6333,-12.1284,71.2572,126.665,13.5269,120.651,74.7614,11.1986,112.169,
5.34548,27.4777,18.6498,-4.40797,108.111,2.79873,20.8781,102.766,11.0781,88.4476,80.6333,-12.1284,71.2572,121.415,10.282,123.564,76.2253,10.4237,111.869,
5.34548,27.4777,18.6498,-4.40797,108.111,2.79873,20.8781,102.766,11.0781,88.4476,80.6333,-12.1284,71.2572,121.415,10.282,123.564,76.2253,10.4237,111.869,
5.28107,32.0387,11.7421,0.217473,108.047,3.00548,21.7927,102.766,11.0781,88.4476,76.0079,-14.0151,78.0692,114.508,6.03124,127.36,76.2253,10.4237,111.869,
5.28107,32.0387,11.7421,0.217473,108.047,3.00548,21.7927,102.766,11.0781,88.4476,76.0079,-14.0151,78.0692,114.508,6.03124,127.36,76.2253,10.4237,111.869,
4.70093,35.1307,5.24521,4.08716,109.77,3.67845,22.3404,105.069,11.2427,88.728,74.639,-13.8258,80.72,110.314,3.97016,128.994,78.7262,9.13153,110.611,
4.70093,35.1307,5.24521,4.08716,109.77,3.67845,22.3404,105.069,11.2427,88.728,74.639,-13.8258,80.72,110.314,3.97016,128.994,78.7262,9.13153,110.611,
2.75144,36.2159,-1.52401,5.90404,109.876,3.93273,22.2415,107.124,11.2899,90.2783,73.6598,-13.3413,83.1221,105.6,1.9532,130.352,79.5639,8.6321,109.953,
2.75144,36.2159,-1.52401,5.90404,109.876,3.93273,22.2415,107.124,11.2899,90.2783,73.6598,-13.3413,83.1221,105.6,1.9532,130.352,79.5639,8.6321,109.953,
1.06246,36.166,-8.24524,7.56662,109.826,4.06667,22.2759,108.763,11.0683,91.3145,73.6598,-13.3413,83.1221,100.518,-0.0278518,131.237,81.2264,7.73876,108.504,
1.06246,36.166,-8.24524,7.56662,109.826,4.06667,22.2759,108.763,11.0683,91.3145,73.6598,-13.3413,83.1221,100.518,-0.0278518,131.237,81.2264,7.73876,108.504,
0.984525,33.9557,-24.1497,5.43422,109.748,4.07288,22.937,108.763,11.0683,91.3145,75.7922,-10.7422,86.919,84.6136,-6.87561,132.992,81.2264,7.73876,108.504,
0.984525,33.9557,-24.1497,5.43422,109.748,4.07288,22.937,108.763,11.0683,91.3145,75.7922,-10.7422,86.919,84.6136,-6.87561,132.992,81.2264,7.73876,108.504,
-0.0864582,33.5227,-35.7347,7.06201,110.207,4.19442,23.6552,110.294,10.6179,92.1691,76.6843,-10.4521,86.6955,74.5588,-11.9496,135.19,83.7463,6.70599,107.809,
-0.0864582,33.5227,-35.7347,7.06201,110.207,4.19442,23.6552,110.294,10.6179,92.1691,76.6843,-10.4521,86.6955,74.5588,-11.9496,135.19,83.7463,6.70599,107.809,
-0.402637,33.8268,-36.6492,8.70149,110.805,4.36484,23.7727,111.208,10.295,93.0234,76.9785,-10.3007,86.7116,74.5588,-11.9496,135.19,85.68,6.28429,108.001,
-0.402637,33.8268,-36.6492,8.70149,110.805,4.36484,23.7727,111.208,10.295,93.0234,76.9785,-10.3007,86.7116,74.5588,-11.9496,135.19,85.68,6.28429,108.001,
-0.684046,33.7062,-48.2298,9.90798,110.685,4.07896,24.7345,111.369,10.3329,93.3779,76.9785,-10.3007,86.7116,63.139,-17.7079,136.616,86.8865,6.01589,108.053,
-0.684046,33.7062,-48.2298,9.90798,110.685,4.07896,24.7345,111.369,10.3329,93.3779,76.9785,-10.3007,86.7116,63.139,-17.7079,136.616,86.8865,6.01589,108.053,
-0.598764,38.3253,-46.9343,14.4419,110.77,3.99775,25.6363,111.369,10.3329,93.3779,72.4447,-13.5628,87.6921,64.4344,-19.1575,133.834,86.8865,6.01589,108.053,
-0.598764,38.3253,-46.9343,14.4419,110.77,3.99775,25.6363,111.369,10.3329,93.3779,72.4447,-13.5628,87.6921,64.4344,-19.1575,133.834,86.8865,6.01589,108.053,
-0.462847,39.6683,-46.9343,18.3405,110.906,4.02891,25.8526,111.369,10.3329,93.3779,71.2377,-14.1415,88.0887,64.4344,-19.1575,133.834,89.5782,5.25416,110.153,
-0.462847,39.6683,-46.9343,18.3405,110.906,4.02891,25.8526,111.369,10.3329,93.3779,71.2377,-14.1415,88.0887,64.4344,-19.1575,133.834,89.5782,5.25416,110.153,
0.227424,37.6545,-42.5859,22.3577,110.377,4.32256,25.6964,110.149,9.88688,94.4615,72.7223,-14.0751,87.0024,67.5636,-20.2522,129.894,95.08,3.1806,109.969,
0.227424,37.6545,-42.5859,22.3577,110.377,4.32256,25.6964,110.149,9.88688,94.4615,72.7223,-14.0751,87.0024,67.5636,-20.2522,129.894,95.08,3.1806,109.969,
1.48507,35.8919,-33.5628,24.5671,108.614,4.47148,24.645,107.129,9.71009,93.4676,72.7223,-14.0751,87.0024,73.5663,-19.9785,125.596,97.2894,2.37538,110.295,
1.48507,35.8919,-33.5628,24.5671,108.614,4.47148,24.645,107.129,9.71009,93.4676,72.7223,-14.0751,87.0024,73.5663,-19.9785,125.596,97.2894,2.37538,110.295,
1.18815,25.2345,-29.2047,14.2066,108.317,4.70557,23.8754,107.129,9.71009,93.4676,83.0828,-11.5083,87.0373,77.9244,-18.4847,125.096,97.2894,2.37538,110.295,
1.18815,25.2345,-29.2047,14.2066,108.317,4.70557,23.8754,107.129,9.71009,93.4676,83.0828,-11.5083,87.0373,77.9244,-18.4847,125.096,97.2894,2.37538,110.295,
10.9452,26.2885,-17.2048,25.1485,108.276,4.97779,24.559,97.3304,5.84895,94.5501,81.9871,-10.8057,88.1688,80.1256,-18.4587,124.503,107.136,-4.47507,118.5,
10.9452,26.2885,-17.2048,25.1485,108.276,4.97779,24.559,97.3304,5.84895,94.5501,81.9871,-10.8057,88.1688,80.1256,-18.4587,124.503,107.136,-4.47507,118.5,
11.5102,24.3764,-15.3158,24.5603,106.952,5.084,24.2831,95.4414,5.54207,99.4704,82.5752,-10.9728,86.7852,80.1256,-18.4587,124.503,107.136,-4.47507,118.5,
11.5102,24.3764,-15.3158,24.5603,106.952,5.084,24.2831,95.4414,5.54207,99.4704,82.5752,-10.9728,86.7852,80.1256,-18.4587,124.503,107.136,-4.47507,118.5,
13.3997,23.8511,-11.224,32.5601,106.426,5.20658,23.8511,93.0266,6.01329,101.653,82.5752,-10.9728,86.7852,81.8025,-18.1053,124.43,115.135,-8.48529,120.296,
13.3997,23.8511,-11.224,32.5601,106.426,5.20658,23.8511,93.0266,6.01329,101.653,82.5752,-10.9728,86.7852,81.8025,-18.1053,124.43,115.135,-8.48529,120.296,
17.961,13.6893,-1.23722,27.0809,105.285,5.03132,24.8781,87.324,6.93585,97.0557,91.5957,-13.4555,79.9305,86.0868,-15.8689,124.555,118.677,-10.8755,120.981,
17.961,13.6893,-1.23722,27.0809,105.285,5.03132,24.8781,87.324,6.93585,97.0557,91.5957,-13.4555,79.9305,86.0868,-15.8689,124.555,118.677,-10.8755,120.981,
23.089,11.2644,6.26929,21.8275,105.077,4.8104,25.7719,81.9879,6.57191,92.2072,93.8125,-13.8612,78.8676,88.2572,-14.5646,125.935,115.64,-12.0049,122.521,
23.089,11.2644,6.26929,21.8275,105.077,4.8104,25.7719,81.9879,6.57191,92.2072,93.8125,-13.8612,78.8676,88.2572,-14.5646,125.935,115.64,-12.0049,122.521,
24.7879,10.9801,10.0992,18.6567,104.793,4.63614,27.5547,80.0046,6.43333,90.7778,93.8125,-13.8612,78.8676,90.1039,-13.3448,127.899,112.469,-11.6156,123.079,
24.7879,10.9801,10.0992,18.6567,104.793,4.63614,27.5547,80.0046,6.43333,90.7778,93.8125,-13.8612,78.8676,90.1039,-13.3448,127.899,112.469,-11.6156,123.079,
25.1418,7.44357,12.975,15.7111,104.202,4.26806,29.3439,79.0599,6.31399,89.6405,96.7581,-13.1256,78.1307,92.0349,-11.8811,129.551,112.469,-11.6156,123.079,
25.1418,7.44357,12.975,15.7111,104.202,4.26806,29.3439,79.0599,6.31399,89.6405,96.7581,-13.1256,78.1307,92.0349,-11.8811,129.551,112.469,-11.6156,123.079,
24.7157,4.62324,13.971,5.20992,103.776,3.29759,28.5374,79.0599,6.31399,89.6405,99.1524,-12.4156,77.9315,93.0309,-11.3158,130.094,104.362,-9.53715,124.856,
24.7157,4.62324,13.971,5.20992,103.776,3.29759,28.5374,79.0599,6.31399,89.6405,99.1524,-12.4156,77.9315,93.0309,-11.3158,130.094,104.362,-9.53715,124.856,
27.0036,3.61424,17.4296,-10.47,103.691,2.92825,27.9991,76.6873,5.22093,83.4674,100.077,-12.0693,77.3243,94.1169,-10.8421,130.325,89.6067,-4.53709,125.272,
27.0036,3.61424,17.4296,-10.47,103.691,2.92825,27.9991,76.6873,5.22093,83.4674,100.077,-12.0693,77.3243,94.1169,-10.8421,130.325,89.6067,-4.53709,125.272,
27.0071,3.86759,18.224,-10.47,103.944,3.22166,28.1639,76.9371,4.24269,82.0219,100.077,-12.0693,77.3243,95.1611,-10.3181,130.458,89.6067,-4.53709,125.272,
27.0071,3.86759,18.224,-10.47,103.944,3.22166,28.1639,76.9371,4.24269,82.0219,100.077,-12.0693,77.3243,95.1611,-10.3181,130.458,89.6067,-4.53709,125.272,
26.8723,1.61057,20.3823,-18.6273,104.483,3.58339,29.0551,77.6107,3.65356,81.7108,102.872,-11.2264,76.4804,97.993,-8.93607,130.557,84.2451,-2.24985,125.544,
26.8723,1.61057,20.3823,-18.6273,104.483,3.58339,29.0551,77.6107,3.65356,81.7108,102.872,-11.2264,76.4804,97.993,-8.93607,130.557,84.2451,-2.24985,125.544,
24.0666,-2.72949,18.9653,-44.8838,103.921,2.7542,27.2942,79.8544,3.99926,86.368,106.65,-10.4215,74.464,98.8197,-8.44845,130.509,61.7667,6.91001,118.653,
24.0666,-2.72949,18.9653,-44.8838,103.921,2.7542,27.2942,79.8544,3.99926,86.368,106.65,-10.4215,74.464,98.8197,-8.44845,130.509,61.7667,6.91001,118.653,
22.2703,-3.43451,17.6871,-51.0873,104.177,2.93407,27.2812,81.9067,5.06173,86.0489,107.611,-9.99495,74.032,99.5938,-8.02688,130.361,56.5242,8.39144,115.98,
22.2703,-3.43451,17.6871,-51.0873,104.177,2.93407,27.2812,81.9067,5.06173,86.0489,107.611,-9.99495,74.032,99.5938,-8.02688,130.361,56.5242,8.39144,115.98,
24.0533,-3.19397,21.9185,-55.7816,104.418,3.82825,29.7576,80.3643,4.76525,84.4928,107.611,-9.99495,74.032,102.283,-6.64882,129.944,51.8299,9.88266,113.873,
24.0533,-3.19397,21.9185,-55.7816,104.418,3.82825,29.7576,80.3643,4.76525,84.4928,107.611,-9.99495,74.032,102.283,-6.64882,129.944,51.8299,9.88266,113.873,
24.3565,-5.1139,24.1769,-58.0048,104.721,4.46957,29.4855,80.3643,4.76525,84.4928,109.835,-9.14192,73.4663,104.541,-5.45819,129.838,51.8299,9.88266,113.873,
24.3565,-5.1139,24.1769,-58.0048,104.721,4.46957,29.4855,80.3643,4.76525,84.4928,109.835,-9.14192,73.4663,104.541,-5.45819,129.838,51.8299,9.88266,113.873,
24.5124,-4.95801,24.1769,-58.0048,104.877,4.46498,29.1397,80.3643,4.76525,84.4928,109.835,-9.14192,73.4663,104.541,-5.45819,129.838,51.8299,9.88266,113.873,
24.5124,-4.95801,24.1769,-58.0048,104.877,4.46498,29.1397,80.3643,4.76525,84.4928,109.835,-9.14192,73.4663,104.541,-5.45819,129.838,51.8299,9.88266,113.873,
29.008,-5.26191,29.5578,-61.2099,105.242,4.25336,28.9707,76.2341,6.13348,83.6789,110.504,-8.62536,72.4321,105.792,-4.74843,129.82,49.294,14.9933,113.292,
29.008,-5.26191,29.5578,-61.2099,105.242,4.25336,28.9707,76.2341,6.13348,83.6789,110.504,-8.62536,72.4321,105.792,-4.74843,129.82,49.294,14.9933,113.292,
22.1688,-5.83016,25.9693,-58.8964,104.674,4.0749,30.2181,82.505,7.16877,86.7875,110.504,-8.62536,72.4321,108.474,-2.95018,129.476,51.6076,15.3226,114.488,
22.1688,-5.83016,25.9693,-58.8964,104.674,4.0749,30.2181,82.505,7.16877,86.7875,110.504,-8.62536,72.4321,108.474,-2.95018,129.476,51.6076,15.3226,114.488,
21.4569,-0.270044,29.8848,-52.6244,103.962,4.21907,30.6708,82.505,7.16877,86.7875,104.232,-7.8049,71.4817,112.39,-0.242493,128.122,51.6076,15.3226,114.488,
21.4569,-0.270044,29.8848,-52.6244,103.962,4.21907,30.6708,82.505,7.16877,86.7875,104.232,-7.8049,71.4817,112.39,-0.242493,128.122,51.6076,15.3226,114.488,
17.6853,4.01251,30.5648,-42.1339,103.411,4.65733,29.9874,85.7253,6.9675,77.1456,99.398,-7.10177,71.6576,116.29,3.55,125.803,57.2641,11.2991,109.219,
17.6853,4.01251,30.5648,-42.1339,103.411,4.65733,29.9874,85.7253,6.9675,77.1456,99.398,-7.10177,71.6576,116.29,3.55,125.803,57.2641,11.2991,109.219,
17.0666,3.53266,30.426,-39.6008,102.931,4.40522,29.8693,85.8641,6.61649,77.6209,99.398,-7.10177,71.6576,116.29,3.55,125.803,59.7972,11.9115,110.068,
17.0666,3.53266,30.426,-39.6008,102.931,4.40522,29.8693,85.8641,6.61649,77.6209,99.398,-7.10177,71.6576,116.29,3.55,125.803,59.7972,11.9115,110.068,
14.9569,3.09525,32.8197,-37.3631,102.493,4.01099,29.5029,87.5364,7.32422,79.4336,99.398,-7.10177,71.6576,120.356,9.04858,121.654,62.035,12.4954,110.506,
14.9569,3.09525,32.8197,-37.3631,102.493,4.01099,29.5029,87.5364,7.32422,79.4336,99.398,-7.10177,71.6576,120.356,9.04858,121.654,62.035,12.4954,110.506,
15.0449,3.18323,41.6644,-37.3631,102.581,3.92806,29.2296,87.5364,7.32422,79.4336,99.398,-7.10177,71.6576,129.201,15.7264,120.164,62.035,12.4954,110.506,
15.0449,3.18323,41.6644,-37.3631,102.581,3.92806,29.2296,87.5364,7.32422,79.4336,99.398,-7.10177,71.6576,129.201,15.7264,120.164,62.035,12.4954,110.506,
9.60309,12.7575,36.8873,-23.0466,102.6,3.81178,28.6193,92.9973,9.67804,82.2448,89.8429,-8.635,66.1845,129.885,16.5875,119.911,66.7964,10.9231,111.037,
9.60309,12.7575,36.8873,-23.0466,102.6,3.81178,28.6193,92.9973,9.67804,82.2448,89.8429,-8.635,66.1845,129.885,16.5875,119.911,66.7964,10.9231,111.037,
7.24334,12.1399,35.1452,-18.581,101.983,4.18669,28.4094,94.7395,11.6942,85.7154,89.8429,-8.635,66.1845,129.885,16.5875,119.911,71.2619,9.84144,111.906,
7.24334,12.1399,35.1452,-18.581,101.983,4.18669,28.4094,94.7395,11.6942,85.7154,89.8429,-8.635,66.1845,129.885,16.5875,119.911,71.2619,9.84144,111.906,
5.66572,17.5626,30.7868,-12.8188,101.643,4.70587,27.891,95.9776,11.7309,87.3603,84.0807,-9.38446,70.5839,126.764,15.7801,119.395,71.2619,9.84144,111.906,
5.66572,17.5626,30.7868,-12.8188,101.643,4.70587,27.891,95.9776,11.7309,87.3603,84.0807,-9.38446,70.5839,126.764,15.7801,119.395,71.2619,9.84144,111.906,
4.87666,20.2017,25.4758,-9.39063,100.854,4.64359,27.2241,95.9776,11.7309,87.3603,80.6526,-10.2707,73.5901,121.453,13.307,119.923,71.2619,9.84144,111.906,
4.87666,20.2017,25.4758,-9.39063,100.854,4.64359,27.2241,95.9776,11.7309,87.3603,80.6526,-10.2707,73.5901,121.453,13.307,119.923,71.2619,9.84144,111.906,
-1.10194,21.3705,17.0224,-1.91338,100.238,5.21725,27.3476,101.34,10.2946,92.8134,78.8671,-11.7842,75.7569,118.362,11.2408,120.953,76.9537,7.8473,112.282,
-1.10194,21.3705,17.0224,-1.91338,100.238,5.21725,27.3476,101.34,10.2946,92.8134,78.8671,-11.7842,75.7569,118.362,11.2408,120.953,76.9537,7.8473,112.282,
-2.14575,21.2679,12.5724,-0.976903,100.135,5.18951,27.3853,102.281,10.3628,93.239,78.8671,-11.7842,75.7569,114.853,8.87263,122.294,77.8902,7.58552,112.138,
-2.14575,21.2679,12.5724,-0.976903,100.135,5.18951,27.3853,102.281,10.3628,93.239,78.8671,-11.7842,75.7569,114.853,8.87263,122.294,77.8902,7.58552,112.138,
-2.98004,25.1912,-1.93717,2.66678,100.415,5.76917,27.0341,103.395,10.5021,93.462,75.2234,-11.6929,82.1273,101.457,1.4454,126.069,77.8902,7.58552,112.138,
-2.98004,25.1912,-1.93717,2.66678,100.415,5.76917,27.0341,103.395,10.5021,93.462,75.2234,-11.6929,82.1273,101.457,1.4454,126.069,77.8902,7.58552,112.138,
-5.15957,25.8955,-10.0366,4.38043,101.059,6.31427,27.7274,106.218,10.5716,94.3348,75.163,-10.0345,84.9497,96.1815,-1.06336,126.304,79.5434,6.8561,111.46,
-5.15957,25.8955,-10.0366,4.38043,101.059,6.31427,27.7274,106.218,10.5716,94.3348,75.163,-10.0345,84.9497,96.1815,-1.06336,126.304,79.5434,6.8561,111.46,
-7.34842,25.378,-17.6208,5.20251,101.137,6.36189,28.2588,108.485,10.4862,94.4184,75.7588,-9.59419,85.3817,90.8644,-3.77305,126.132,80.9613,5.95043,109.779,
-7.34842,25.378,-17.6208,5.20251,101.137,6.36189,28.2588,108.485,10.4862,94.4184,75.7588,-9.59419,85.3817,90.8644,-3.77305,126.132,80.9613,5.95043,109.779,
-7.85532,25.7074,-18.4572,6.61314,101.466,6.44448,28.7325,109.322,10.2879,94.3844,75.7588,-9.59419,85.3817,90.8644,-3.77305,126.132,82.372,5.24324,108.133,
-7.85532,25.7074,-18.4572,6.61314,101.466,6.44448,28.7325,109.322,10.2879,94.3844,75.7588,-9.59419,85.3817,90.8644,-3.77305,126.132,82.372,5.24324,108.133,
-8.00693,24.2135,-38.9174,4.64609,101.939,6.51506,28.8218,109.946,10.0594,94.4703,77.7259,-9.41283,85.1216,71.0289,-15.807,128.617,82.372,5.24324,108.133,
-8.00693,24.2135,-38.9174,4.64609,101.939,6.51506,28.8218,109.946,10.0594,94.4703,77.7259,-9.41283,85.1216,71.0289,-15.807,128.617,82.372,5.24324,108.133,
-7.61703,25.087,-43.1868,5.12971,102.329,6.52837,28.822,109.946,10.0594,94.4703,77.2423,-9.4607,84.9978,66.7595,-17.9567,130.02,82.372,5.24324,108.133,
-7.61703,25.087,-43.1868,5.12971,102.329,6.52837,28.822,109.946,10.0594,94.4703,77.2423,-9.4607,84.9978,66.7595,-17.9567,130.02,82.372,5.24324,108.133,
-7.36679,28.9807,-46.4032,12.7244,102.579,6.44149,28.8478,109.946,10.0594,94.4703,73.5988,-11.1572,85.602,63.5431,-19.89,130.464,86.3233,4.12937,107.545,
-7.36679,28.9807,-46.4032,12.7244,102.579,6.44149,28.8478,109.946,10.0594,94.4703,73.5988,-11.1572,85.602,63.5431,-19.89,130.464,86.3233,4.12937,107.545,
-8.15156,29.5583,-49.6216,15.6239,103.157,6.34772,29.0915,111.309,10.1952,95.6609,73.5988,-11.1572,85.602,61.6871,-21.166,130.753,89.2227,3.19818,107.365,
-8.15156,29.5583,-49.6216,15.6239,103.157,6.34772,29.0915,111.309,10.1952,95.6609,73.5988,-11.1572,85.602,61.6871,-21.166,130.753,89.2227,3.19818,107.365,
-7.09952,29.006,-40.9591,14.0828,104.146,6.43484,29.7869,111.245,10.04,95.9678,75.1399,-13.6701,83.655,70.2864,-21.3502,125.145,89.2227,3.19818,107.365,
-7.09952,29.006,-40.9591,14.0828,104.146,6.43484,29.7869,111.245,10.04,95.9678,75.1399,-13.6701,83.655,70.2864,-21.3502,125.145,89.2227,3.19818,107.365,
-1.03843,24.4499,-33.2819,13.1868,104.518,6.57458,29.7445,105.556,9.52043,93.7209,80.0679,-13.6802,80.8318,72.2744,-22.9144,122.891,93.2548,1.98916,107.12,
-1.03843,24.4499,-33.2819,13.1868,104.518,6.57458,29.7445,105.556,9.52043,93.7209,80.0679,-13.6802,80.8318,72.2744,-22.9144,122.891,93.2548,1.98916,107.12,
1.16953,19.7272,-30.6595,16.2575,104.103,6.66808,29.2691,102.934,8.74365,92.1624,84.3762,-12.8617,80.315,72.2744,-22.9144,122.891,100.634,-0.757396,109.361,
1.16953,19.7272,-30.6595,16.2575,104.103,6.66808,29.2691,102.934,8.74365,92.1624,84.3762,-12.8617,80.315,72.2744,-22.9144,122.891,100.634,-0.757396,109.361,
4.2293,18.5866,-23.7348,18.465,102.963,6.83613,28.3905,98.7335,6.44682,93.8377,84.3762,-12.8617,80.315,74.9986,-19.9246,123.66,102.841,-2.26327,111.35,
4.2293,18.5866,-23.7348,18.465,102.963,6.83613,28.3905,98.7335,6.44682,93.8377,84.3762,-12.8617,80.315,74.9986,-19.9246,123.66,102.841,-2.26327,111.35,
4.13634,18.4936,-21.6852,18.465,102.87,6.81778,28.4582,98.7335,6.44682,93.8377,84.3762,-12.8617,80.315,77.0483,-19.1376,123.522,102.841,-2.26327,111.35,
4.13634,18.4936,-21.6852,18.465,102.87,6.81778,28.4582,98.7335,6.44682,93.8377,84.3762,-12.8617,80.315,77.0483,-19.1376,123.522,102.841,-2.26327,111.35,
8.43819,17.0015,-13.6504,29.1559,103.898,7.07015,29.4875,95.4596,5.01552,101.431,86.8963,-10.6196,84.8379,81.8092,-18.1161,123.688,116.052,-9.9437,118.319,
8.43819,17.0015,-13.6504,29.1559,103.898,7.07015,29.4875,95.4596,5.01552,101.431,86.8963,-10.6196,84.8379,81.8092,-18.1161,123.688,116.052,-9.9437,118.319,
15.9506,12.6264,-6.65037,26.5899,104.41,7.57246,29.2315,88.4596,6.33087,100.867,91.7838,-10.9281,81.7287,81.8092,-18.1161,123.688,118.374,-11.2582,118.397,
15.9506,12.6264,-6.65037,26.5899,104.41,7.57246,29.2315,88.4596,6.33087,100.867,91.7838,-10.9281,81.7287,81.8092,-18.1161,123.688,118.374,-11.2582,118.397,
15.3823,9.16696,-4.36135,24.5907,103.842,8.3202,27.2629,88.4596,6.33087,100.867,94.6749,-12.7237,80.8324,84.0982,-17.0829,123.86,119.266,-12.1475,118.212,
15.3823,9.16696,-4.36135,24.5907,103.842,8.3202,27.2629,88.4596,6.33087,100.867,94.6749,-12.7237,80.8324,84.0982,-17.0829,123.86,119.266,-12.1475,118.212,
17.1533,6.48084,0.847235,22.9017,102.845,7.73538,27.6033,85.6915,6.52382,98.0209,96.364,-12.6257,79.3927,86.5388,-15.6782,123.556,119.266,-12.1475,118.212,
17.1533,6.48084,0.847235,22.9017,102.845,7.73538,27.6033,85.6915,6.52382,98.0209,96.364,-12.6257,79.3927,86.5388,-15.6782,123.556,119.266,-12.1475,118.212,
22.6667,6.07151,7.3737,13.0587,103.791,7.29973,29.5504,81.1247,6.59949,93.9513,97.7199,-11.9955,78.2942,88.4984,-14.4319,123.876,110.779,-11.203,117.36,
22.6667,6.07151,7.3737,13.0587,103.791,7.29973,29.5504,81.1247,6.59949,93.9513,97.7199,-11.9955,78.2942,88.4984,-14.4319,123.876,110.779,-11.203,117.36,
24.9503,6.22956,9.49921,9.36416,103.949,7.44353,29.9756,78.9992,7.11234,91.038,97.7199,-11.9955,78.2942,88.4984,-14.4319,123.876,107.084,-10.2579,116.867,
24.9503,6.22956,9.49921,9.36416,103.949,7.44353,29.9756,78.9992,7.11234,91.038,97.7199,-11.9955,78.2942,88.4984,-14.4319,123.876,107.084,-10.2579,116.867,
26.8858,4.8434,14.7217,4.31339,103.521,7.26259,30.626,76.6348,7.12874,87.0846,98.6771,-11.7205,78.0477,91.3565,-12.4135,125.014,102.991,-9.06604,116.082,
26.8858,4.8434,14.7217,4.31339,103.521,7.26259,30.626,76.6348,7.12874,87.0846,98.6771,-11.7205,78.0477,91.3565,-12.4135,125.014,102.991,-9.06604,116.082,
26.6876,1.55251,16.8407,1.22061,103.322,6.83973,30.8615,76.6348,7.12874,87.0846,101.77,-11.0947,77.0842,93.4755,-11.0117,125.809,102.991,-9.06604,116.082,
26.6876,1.55251,16.8407,1.22061,103.322,6.83973,30.8615,76.6348,7.12874,87.0846,101.77,-11.0947,77.0842,93.4755,-11.0117,125.809,102.991,-9.06604,116.082,
30.143,1.13818,20.4909,-18.9723,104.137,5.92934,29.5153,73.9938,5.74019,82.4127,102.999,-10.6938,75.8485,94.4847,-10.3263,126.386,84.0263,-3.00137,115.633,
30.143,1.13818,20.4909,-18.9723,104.137,5.92934,29.5153,73.9938,5.74019,82.4127,102.999,-10.6938,75.8485,94.4847,-10.3263,126.386,84.0263,-3.00137,115.633,
30.7229,1.56624,20.3797,-30.8477,105.756,6.18862,29.5594,75.0329,3.72454,80.3997,104.19,-10.3126,74.6738,95.4126,-9.77463,127.047,73.3419,0.558033,113.839,
30.7229,1.56624,20.3797,-30.8477,105.756,6.18862,29.5594,75.0329,3.72454,80.3997,104.19,-10.3126,74.6738,95.4126,-9.77463,127.047,73.3419,0.558033,113.839,
30.4268,0.113258,21.4409,-32.8225,106.278,5.88597,28.8694,75.8509,3.94137,81.1201,106.164,-9.79908,74.9146,97.2918,-8.72132,128.14,73.3419,0.558033,113.839,
30.4268,0.113258,21.4409,-32.8225,106.278,5.88597,28.8694,75.8509,3.94137,81.1201,106.164,-9.79908,74.9146,97.2918,-8.72132,128.14,73.3419,0.558033,113.839,
30.359,-1.77765,23.349,-34.6457,106.21,5.34146,27.272,75.8509,3.94137,81.1201,107.988,-9.16119,73.8676,99.1999,-7.83807,128.298,73.3419,0.558033,113.839,
30.359,-1.77765,23.349,-34.6457,106.21,5.34146,27.272,75.8509,3.94137,81.1201,107.988,-9.16119,73.8676,99.1999,-7.83807,128.298,73.3419,0.558033,113.839,
28.6303,-2.48142,22.7113,-45.8499,106.123,5.36551,26.4823,77.4926,4.72513,82.1605,108.604,-8.94004,73.4949,100.204,-7.27482,128.229,62.7544,3.66035,111.96,
28.6303,-2.48142,22.7113,-45.8499,106.123,5.36551,26.4823,77.4926,4.72513,82.1605,108.604,-8.94004,73.4949,100.204,-7.27482,128.229,62.7544,3.66035,111.96,
30.7483,-2.05354,23.9035,-62.5616,107.049,5.72019,26.2631,76.3004,5.52867,80.6098,109.102,-8.88354,73.3027,100.204,-7.27482,128.229,46.5407,9.18219,108.147,
30.7483,-2.05354,23.9035,-62.5616,107.049,5.72019,26.2631,76.3004,5.52867,80.6098,109.102,-8.88354,73.3027,100.204,-7.27482,128.229,46.5407,9.18219,108.147,
33.0935,-2.0454,28.9243,-63.2057,107.701,6.55055,28.555,74.6075,6.03397,79.6505,109.746,-8.57518,72.6455,103.532,-5.10539,128.008,46.5407,9.18219,108.147,
33.0935,-2.0454,28.9243,-63.2057,107.701,6.55055,28.555,74.6075,6.03397,79.6505,109.746,-8.57518,72.6455,103.532,-5.10539,128.008,46.5407,9.18219,108.147,
33.0087,-1.7173,31.7152,-63.3834,107.616,6.79835,27.9304,74.6075,6.03397,79.6505,109.333,-7.7861,70.9901,106.323,-3.24937,127.863,45.95,10.7585,110.92,
33.0087,-1.7173,31.7152,-63.3834,107.616,6.79835,27.9304,74.6075,6.03397,79.6505,109.333,-7.7861,70.9901,106.323,-3.24937,127.863,45.95,10.7585,110.92,
29.407,-0.307993,29.8565,-56.7455,107.764,7.058,26.5405,78.3574,7.3846,81.1542,108.072,-7.71057,70.4808,108.214,-2.07604,127.686,51.3269,14.1992,115.25,
29.407,-0.307993,29.8565,-56.7455,107.764,7.058,26.5405,78.3574,7.3846,81.1542,108.072,-7.71057,70.4808,108.214,-2.07604,127.686,51.3269,14.1992,115.25,
25.2635,-0.319781,27.8192,-54.8704,107.753,6.93473,27.0378,82.4892,7.51027,82.087,108.072,-7.71057,70.4808,110.308,-0.698292,127.138,53.202,13.8571,115.996,
25.2635,-0.319781,27.8192,-54.8704,107.753,6.93473,27.0378,82.4892,7.51027,82.087,108.072,-7.71057,70.4808,110.308,-0.698292,127.138,53.202,13.8571,115.996,
25.2635,-0.319781,32.3205,-54.8704,107.753,6.93473,27.0378,82.4892,7.51027,82.087,108.072,-7.71057,70.4808,114.81,3.06046,125.042,53.202,13.8571,115.996,
25.2635,-0.319781,32.3205,-54.8704,107.753,6.93473,27.0378,82.4892,7.51027,82.087,108.072,-7.71057,70.4808,114.81,3.06046,125.042,53.202,13.8571,115.996,
21.7005,11.9813,33.6146,-37.3011,106.702,6.78689,27.9705,85.0017,7.58699,82.4348,94.7209,-6.31597,72.7279,118.616,8.95031,120.601,57.4198,13.4219,118.913,
21.7005,11.9813,33.6146,-37.3011,106.702,6.78689,27.9705,85.0017,7.58699,82.4348,94.7209,-6.31597,72.7279,118.616,8.95031,120.601,57.4198,13.4219,118.913,
20.8474,13.7426,35.1472,-29.4985,107.228,7.4573,26.4173,86.3809,7.81095,82.9177,93.4857,-5.96007,69.1983,121.528,11.987,119.047,63.9872,14.3392,121.107,
20.8474,13.7426,35.1472,-29.4985,107.228,7.4573,26.4173,86.3809,7.81095,82.9177,93.4857,-5.96007,69.1983,121.528,11.987,119.047,63.9872,14.3392,121.107,
15.4558,15.1103,35.2794,-28.1094,108.596,8.1143,23.6627,93.1402,10.2172,86.266,93.4857,-5.96007,69.1983,128.42,16.0901,119.263,65.3763,14.0296,121.223,
15.4558,15.1103,35.2794,-28.1094,108.596,8.1143,23.6627,93.1402,10.2172,86.266,93.4857,-5.96007,69.1983,128.42,16.0901,119.263,65.3763,14.0296,121.223,
14.8998,21.7081,36.6732,-20.9556,108.04,7.28276,23.5391,93.1402,10.2172,86.266,86.3319,-8.47703,70.618,129.813,16.833,120.158,65.3763,14.0296,121.223,
14.8998,21.7081,36.6732,-20.9556,108.04,7.28276,23.5391,93.1402,10.2172,86.266,86.3319,-8.47703,70.618,129.813,16.833,120.158,65.3763,14.0296,121.223,
14.6079,24.4168,34.8889,-13.9507,107.748,6.7508,25.1278,93.1402,10.2172,86.266,83.3313,-8.82486,73.6067,128.029,15.4089,121.029,69.3805,13.6013,121.893,
14.6079,24.4168,34.8889,-13.9507,107.748,6.7508,25.1278,93.1402,10.2172,86.266,83.3313,-8.82486,73.6067,128.029,15.4089,121.029,69.3805,13.6013,121.893,
11.8963,26.2898,32.6402,-11.6147,107.285,6.90111,25.6135,95.3888,11.6028,88.782,80.9953,-9.26409,75.7831,128.029,15.4089,121.029,69.3805,13.6013,121.893,
11.8963,26.2898,32.6402,-11.6147,107.285,6.90111,25.6135,95.3888,11.6028,88.782,80.9953,-9.26409,75.7831,128.029,15.4089,121.029,69.3805,13.6013,121.893,
9.52063,26.029,30.5254,-10.7583,107.024,7.34057,25.4312,97.5037,11.1306,90.0098,80.9953,-9.26409,75.7831,128.029,15.4089,121.029,70.2369,13.4069,122.237,
9.52063,26.029,30.5254,-10.7583,107.024,7.34057,25.4312,97.5037,11.1306,90.0098,80.9953,-9.26409,75.7831,128.029,15.4089,121.029,70.2369,13.4069,122.237,
8.24565,29.8016,17.4932,-6.31573,107.228,7.92369,24.6341,98.9819,10.8108,90.1049,77.426,-11.7138,83.9123,116.475,8.36043,125.703,71.1103,13.1081,122.625,
8.24565,29.8016,17.4932,-6.31573,107.228,7.92369,24.6341,98.9819,10.8108,90.1049,77.426,-11.7138,83.9123,116.475,8.36043,125.703,71.1103,13.1081,122.625,
7.02655,31.3288,7.8636,-2.72595,107.159,8.17891,24.0761,100.132,10.9024,90.6484,75.83,-11.865,86.5925,107.996,3.94583,129.11,73.104,12.2804,122.769,
7.02655,31.3288,7.8636,-2.72595,107.159,8.17891,24.0761,100.132,10.9024,90.6484,75.83,-11.865,86.5925,107.996,3.94583,129.11,73.104,12.2804,122.769,
3.90992,33.0246,4.54583,1.98067,107.36,8.82023,25.3797,103.45,10.9723,93.307,74.3354,-11.6103,89.3798,107.996,3.94583,129.11,76.316,10.9352,123.439,
3.90992,33.0246,4.54583,1.98067,107.36,8.82023,25.3797,103.45,10.9723,93.307,74.3354,-11.6103,89.3798,107.996,3.94583,129.11,76.316,10.9352,123.439,
3.86877,34.0862,-6.55959,2.98507,108.422,9.63556,25.9397,104.553,10.8843,94.17,74.3354,-11.6103,89.3798,97.9932,-0.305463,130.736,77.3204,10.4407,123.684,
3.86877,34.0862,-6.55959,2.98507,108.422,9.63556,25.9397,104.553,10.8843,94.17,74.3354,-11.6103,89.3798,97.9932,-0.305463,130.736,77.3204,10.4407,123.684,
3.8896,35.0465,-22.3826,3.92459,108.442,9.76001,26.2249,104.553,10.8843,94.17,73.3958,-9.46773,94.1003,82.1702,-7.98964,132.104,77.3204,10.4407,123.684,
3.8896,35.0465,-22.3826,3.92459,108.442,9.76001,26.2249,104.553,10.8843,94.17,73.3958,-9.46773,94.1003,82.1702,-7.98964,132.104,77.3204,10.4407,123.684,
3.74531,34.2309,-22.3826,5.21458,108.298,9.76127,26.4495,104.553,10.8843,94.17,74.0672,-9.25941,93.7761,82.1702,-7.98964,132.104,79.2818,9.59086,123.902,
3.74531,34.2309,-22.3826,5.21458,108.298,9.76127,26.4495,104.553,10.8843,94.17,74.0672,-9.25941,93.7761,82.1702,-7.98964,132.104,79.2818,9.59086,123.902,
1.71535,31.8833,-29.1731,6.26034,107.914,9.64673,27.2074,106.198,10.5856,95.1771,76.0304,-9.31061,92.5552,77.0253,-10.9452,132.948,82.2908,8.23494,124.208,
1.71535,31.8833,-29.1731,6.26034,107.914,9.64673,27.2074,106.198,10.5856,95.1771,76.0304,-9.31061,92.5552,77.0253,-10.9452,132.948,82.2908,8.23494,124.208,
0.941496,33.15,-43.735,8.32778,108.21,9.65039,27.3571,107.268,10.2418,96.2012,75.0596,-9.77298,92.4118,63.5331,-17.6374,136.227,83.3874,7.67049,124.031,
0.941496,33.15,-43.735,8.32778,108.21,9.65039,27.3571,107.268,10.2418,96.2012,75.0596,-9.77298,92.4118,63.5331,-17.6374,136.227,83.3874,7.67049,124.031,
0.312062,34.8964,-45.7969,9.96991,108.314,9.40673,27.6334,108.002,10.3303,96.9682,73.4175,-10.7238,93.2209,62.2049,-19.671,135.072,83.3874,7.67049,124.031,
0.312062,34.8964,-45.7969,9.96991,108.314,9.40673,27.6334,108.002,10.3303,96.9682,73.4175,-10.7238,93.2209,62.2049,-19.671,135.072,83.3874,7.67049,124.031,
-0.883307,38.1243,-44.0726,18.8931,108.139,8.9531,28.5814,109.022,10.089,98.8693,70.0145,-12.7909,94.8083,64.9496,-19.9436,132.784,88.9076,4.56176,122.815,
-0.883307,38.1243,-44.0726,18.8931,108.139,8.9531,28.5814,109.022,10.089,98.8693,70.0145,-12.7909,94.8083,64.9496,-19.9436,132.784,88.9076,4.56176,122.815,
-0.049252,38.0366,-37.0601,23.0635,108.094,8.76085,29.9725,108.143,9.83956,99.1247,70.0572,-12.638,94.759,71.083,-21.012,126.384,93.1208,2.68897,121.205,
-0.049252,38.0366,-37.0601,23.0635,108.094,8.76085,29.9725,108.143,9.83956,99.1247,70.0572,-12.638,94.759,71.083,-21.012,126.384,93.1208,2.68897,121.205,
2.06595,38.1328,-35.0411,23.0635,108.19,8.75001,30.3903,106.124,9.57828,98.8053,70.0572,-12.638,94.759,71.083,-21.012,126.384,93.1208,2.68897,121.205,
2.06595,38.1328,-35.0411,23.0635,108.19,8.75001,30.3903,106.124,9.57828,98.8053,70.0572,-12.638,94.759,71.083,-21.012,126.384,93.1208,2.68897,121.205,
2.34726,30.9512,-32.6613,15.6006,108.471,8.8277,31.2063,106.124,9.57828,98.8053,77.5202,-13.5394,89.2608,73.4628,-21.27,125.891,93.1208,2.68897,121.205,
2.34726,30.9512,-32.6613,15.6006,108.471,8.8277,31.2063,106.124,9.57828,98.8053,77.5202,-13.5394,89.2608,73.4628,-21.27,125.891,93.1208,2.68897,121.205,
10.95,23.5417,-20.5505,19.0061,107.732,8.93911,30.8992,96.7816,6.52671,94.7839,84.1899,-11.8413,91.2729,76.2311,-17.9268,127.709,103.196,-2.83177,124.626,
10.95,23.5417,-20.5505,19.0061,107.732,8.93911,30.8992,96.7816,6.52671,94.7839,84.1899,-11.8413,91.2729,76.2311,-17.9268,127.709,103.196,-2.83177,124.626,
13.186,23.6238,-14.2871,27.9466,106.159,9.17107,29.3771,92.9725,4.37565,101.014,82.5347,-10.328,97.7651,78.6854,-17.7902,126.836,110.481,-7.06413,128.644,
13.186,23.6238,-14.2871,27.9466,106.159,9.17107,29.3771,92.9725,4.37565,101.014,82.5347,-10.328,97.7651,78.6854,-17.7902,126.836,110.481,-7.06413,128.644,
15.2319,21.2874,-7.77576,25.5941,106.175,9.24764,29.1435,90.9427,4.11696,105.367,84.8871,-9.85699,96.7468,83.1669,-16.7044,126.517,110.481,-7.06413,128.644,
15.2319,21.2874,-7.77576,25.5941,106.175,9.24764,29.1435,90.9427,4.11696,105.367,84.8871,-9.85699,96.7468,83.1669,-16.7044,126.517,110.481,-7.06413,128.644,
16.5057,22.5612,-6.70531,31.9423,107.448,9.7232,30.3245,90.9427,4.11696,105.367,84.8871,-9.85699,96.7468,84.2374,-16.2829,126.39,116.829,-10.433,132.096,
16.5057,22.5612,-6.70531,31.9423,107.448,9.7232,30.3245,90.9427,4.11696,105.367,84.8871,-9.85699,96.7468,84.2374,-16.2829,126.39,116.829,-10.433,132.096,
25.7015,13.111,4.29137,22.246,106.938,10.5768,29.8505,81.2366,5.32531,104.275,93.8271,-11.2618,91.3445,85.528,-15.9575,126,116.073,-12.3736,135.098,
25.7015,13.111,4.29137,22.246,106.938,10.5768,29.8505,81.2366,5.32531,104.275,93.8271,-11.2618,91.3445,85.528,-15.9575,126,116.073,-12.3736,135.098,
27.7072,12.5927,7.94844,22.246,106.42,10.6532,29.8135,78.7127,5.18381,102.081,93.8271,-11.2618,91.3445,86.6611,-15.5108,125.929,116.073,-12.3736,135.098,
27.7072,12.5927,7.94844,22.246,106.42,10.6532,29.8135,78.7127,5.18381,102.081,93.8271,-11.2618,91.3445,86.6611,-15.5108,125.929,116.073,-12.3736,135.098,
27.3766,9.10934,12.4855,18.7055,103.976,10.3692,30.4266,76.5998,5.0478,100.198,94.8671,-13.2678,90.7963,89.0853,-13.776,127.459,113.573,-12.337,136.39,
27.3766,9.10934,12.4855,18.7055,103.976,10.3692,30.4266,76.5998,5.0478,100.198,94.8671,-13.2678,90.7963,89.0853,-13.776,127.459,113.573,-12.337,136.39,
27.3397,6.00579,13.3652,9.34375,103.94,10.0516,31.3301,76.5998,5.0478,100.198,97.9338,-12.5122,87.981,89.965,-13.0626,128.343,107.278,-10.5903,138.299,
27.3397,6.00579,13.3652,9.34375,103.94,10.0516,31.3301,76.5998,5.0478,100.198,97.9338,-12.5122,87.981,89.965,-13.0626,128.343,107.278,-10.5903,138.299,
31.642,3.59986,19.0319,-5.36284,103.557,9.63118,32.381,71.9147,4.53359,95.3554,99.9569,-11.6011,87.0253,90.9467,-12.2961,129.226,94.594,-6.1008,135.308,
31.642,3.59986,19.0319,-5.36284,103.557,9.63118,32.381,71.9147,4.53359,95.3554,99.9569,-11.6011,87.0253,90.9467,-12.2961,129.226,94.594,-6.1008,135.308,
31.8027,1.51269,23.5459,-11.2002,102.358,9.06223,32.561,70.5548,2.81736,90.3255,100.845,-11.4164,86.1627,94.1008,-10.2086,130.757,89.6447,-4.49757,134.779,
31.8027,1.51269,23.5459,-11.2002,102.358,9.06223,32.561,70.5548,2.81736,90.3255,100.845,-11.4164,86.1627,94.1008,-10.2086,130.757,89.6447,-4.49757,134.779,
31.3543,-1.35815,24.5854,-13.6226,101.909,8.38074,31.7194,70.5548,2.81736,90.3255,103.267,-10.9624,83.9861,95.1403,-9.6277,130.873,89.6447,-4.49757,134.779,
31.3543,-1.35815,24.5854,-13.6226,101.909,8.38074,31.7194,70.5548,2.81736,90.3255,103.267,-10.9624,83.9861,95.1403,-9.6277,130.873,89.6447,-4.49757,134.779,
31.3864,-3.60384,24.5854,-15.9004,101.941,8.06736,31.4996,70.5548,2.81736,90.3255,105.545,-10.3741,81.8153,95.1403,-9.6277,130.873,89.6447,-4.49757,134.779,
31.3864,-3.60384,24.5854,-15.9004,101.941,8.06736,31.4996,70.5548,2.81736,90.3255,105.545,-10.3741,81.8153,95.1403,-9.6277,130.873,89.6447,-4.49757,134.779,
26.8382,-4.86993,21.6638,-39.0727,102.277,8.20508,31.5811,75.4389,1.7422,90.1701,107.147,-9.84429,80.7098,97.1028,-8.71029,130.981,68.0744,4.5883,133.58,
26.8382,-4.86993,21.6638,-39.0727,102.277,8.20508,31.5811,75.4389,1.7422,90.1701,107.147,-9.84429,80.7098,97.1028,-8.71029,130.981,68.0744,4.5883,133.58,
24.4772,-4.5705,21.9028,-49.8828,102.577,7.98878,31.4588,78.0994,2.38937,90.0974,107.147,-9.84429,80.7098,100.002,-7.06358,130.505,57.2643,7.90891,127.717,
24.4772,-4.5705,21.9028,-49.8828,102.577,7.98878,31.4588,78.0994,2.38937,90.0974,107.147,-9.84429,80.7098,100.002,-7.06358,130.505,57.2643,7.90891,127.717,
24.2468,-7.04502,24.2442,-52.127,102.346,7.46194,30.5322,78.0994,2.38937,90.0974,109.391,-8.69349,78.5456,102.344,-5.74974,130.109,57.2643,7.90891,127.717,
24.2468,-7.04502,24.2442,-52.127,102.346,7.46194,30.5322,78.0994,2.38937,90.0974,109.391,-8.69349,78.5456,102.344,-5.74974,130.109,57.2643,7.90891,127.717,
26.334,-7.55241,27.8703,-63.9561,102.128,7.31807,29.3726,75.7938,2.0458,87.5277,109.68,-8.69041,78.0041,103.664,-4.90508,130.022,45.7241,7.4919,116.652,
26.334,-7.55241,27.8703,-63.9561,102.128,7.31807,29.3726,75.7938,2.0458,87.5277,109.68,-8.69041,78.0041,103.664,-4.90508,130.022,45.7241,7.4919,116.652,
28.7076,-6.92143,29.3708,-61.7401,103.001,7.93686,30.7667,74.2933,2.24126,84.0518,109.922,-8.63746,77.3511,103.664,-4.90508,130.022,48.1823,7.66793,117.161,
28.7076,-6.92143,29.3708,-61.7401,103.001,7.93686,30.7667,74.2933,2.24126,84.0518,109.922,-8.63746,77.3511,103.664,-4.90508,130.022,48.1823,7.66793,117.161,
28.9996,-6.62946,30.8081,-59.4048,103.293,8.40788,31.1631,74.2933,2.24126,84.0518,109.922,-8.63746,77.3511,105.101,-3.98631,129.974,50.5175,8.99637,119.078,
28.9996,-6.62946,30.8081,-59.4048,103.293,8.40788,31.1631,74.2933,2.24126,84.0518,109.922,-8.63746,77.3511,105.101,-3.98631,129.974,50.5175,8.99637,119.078,
29.0425,-5.69902,34.7676,-58.5173,103.336,8.64372,30.7117,74.2933,2.24126,84.0518,109.035,-8.34978,76.3684,109.061,-1.59935,129.82,50.5175,8.99637,119.078,
29.0425,-5.69902,34.7676,-58.5173,103.336,8.64372,30.7117,74.2933,2.24126,84.0518,109.035,-8.34978,76.3684,109.061,-1.59935,129.82,50.5175,8.99637,119.078,
18.2775,-1.01844,26.3374,-51.3393,103.276,8.6135,29.8011,84.9986,4.14605,89.4055,104.295,-8.08778,76.9844,111.336,-0.0656225,129.15,52.9552,10.2681,121.538,
18.2775,-1.01844,26.3374,-51.3393,103.276,8.6135,29.8011,84.9986,4.14605,89.4055,104.295,-8.08778,76.9844,111.336,-0.0656225,129.15,52.9552,10.2681,121.538,
17.7007,5.33853,31.1853,-37.2061,102.749,8.27626,30.0044,85.0483,3.62638,85.5104,97.4105,-7.5762,77.9468,116.234,4.07907,126.539,60.2044,10.7722,123.636,
17.7007,5.33853,31.1853,-37.2061,102.749,8.27626,30.0044,85.0483,3.62638,85.5104,97.4105,-7.5762,77.9468,116.234,4.07907,126.539,60.2044,10.7722,123.636,
15.8486,8.853,37.849,-31.1558,101.939,8.03231,30.4622,86.0901,4.39767,85.5503,93.0857,-6.80674,75.5342,123.939,13.7548,119.393,61.9299,10.0996,122.908,
15.8486,8.853,37.849,-31.1558,101.939,8.03231,30.4622,86.0901,4.39767,85.5503,93.0857,-6.80674,75.5342,123.939,13.7548,119.393,61.9299,10.0996,122.908,
15.6637,13.6026,43.6744,-26.2213,101.754,8.07439,30.2162,86.0901,4.39767,85.5503,88.1512,-8.6996,69.1434,129.764,17.3891,118.714,61.9299,10.0996,122.908,
15.6637,13.6026,43.6744,-26.2213,101.754,8.07439,30.2162,86.0901,4.39767,85.5503,88.1512,-8.6996,69.1434,129.764,17.3891,118.714,61.9299,10.0996,122.908,
9.71397,13.859,37.974,-20.8874,102.01,8.33701,28.3566,92.2963,6.25931,89.1166,88.1512,-8.6996,69.1434,130.27,18.1948,118.558,67.2638,9.46303,119.838,
9.71397,13.859,37.974,-20.8874,102.01,8.33701,28.3566,92.2963,6.25931,89.1166,88.1512,-8.6996,69.1434,130.27,18.1948,118.558,67.2638,9.46303,119.838,
6.47091,16.3713,34.7309,-17.4115,102.01,8.33701,28.3566,95.5394,7.65988,90.6585,85.639,-9.36686,70.6004,130.27,18.1948,118.558,68.2275,9.29301,120.118,
6.47091,16.3713,34.7309,-17.4115,102.01,8.33701,28.3566,95.5394,7.65988,90.6585,85.639,-9.36686,70.6004,130.27,18.1948,118.558,68.2275,9.29301,120.118,
5.34709,21.9257,28.1797,-10.7839,101.903,8.06413,25.6237,96.5555,7.53185,91.0736,79.977,-10.2081,74.6818,124.735,16.4855,116.387,69.1931,9.27487,120.512,
5.34709,21.9257,28.1797,-10.7839,101.903,8.06413,25.6237,96.5555,7.53185,91.0736,79.977,-10.2081,74.6818,124.735,16.4855,116.387,69.1931,9.27487,120.512,
4.7523,25.0813,25.9111,-7.03349,101.308,7.29191,25.0486,96.5555,7.53185,91.0736,76.2266,-12.6704,77.7438,122.467,13.9299,117.528,69.1931,9.27487,120.512,
4.7523,25.0813,25.9111,-7.03349,101.308,7.29191,25.0486,96.5555,7.53185,91.0736,76.2266,-12.6704,77.7438,122.467,13.9299,117.528,69.1931,9.27487,120.512,
3.42576,25.8913,21.9648,-2.55381,101.365,6.62106,26.0094,97.9388,7.34609,92.2029,75.4733,-13.1499,79.4657,119.904,10.7524,119.647,72.9195,8.18002,121.491,
3.42576,25.8913,21.9648,-2.55381,101.365,6.62106,26.0094,97.9388,7.34609,92.2029,75.4733,-13.1499,79.4657,119.904,10.7524,119.647,72.9195,8.18002,121.491,
0.90471,27.691,11.9096,0.996001,101.596,7.04052,26.3711,100.691,7.75588,95.0971,73.9048,-13.2361,82.0199,112.601,4.64997,124.162,74.9008,7.12279,120.883,
0.90471,27.691,11.9096,0.996001,101.596,7.04052,26.3711,100.691,7.75588,95.0971,73.9048,-13.2361,82.0199,112.601,4.64997,124.162,74.9008,7.12279,120.883,
0.00279191,28.0951,1.00819,0.996001,102,8.10683,26.6383,101.997,7.9531,96.0555,73.9048,-13.2361,82.0199,103.005,0.234566,125.387,74.9008,7.12279,120.883,
0.00279191,28.0951,1.00819,0.996001,102,8.10683,26.6383,101.997,7.9531,96.0555,73.9048,-13.2361,82.0199,103.005,0.234566,125.387,74.9008,7.12279,120.883,
-0.746193,30.3825,1.00819,4.03236,101.251,8.02912,26.0877,101.997,7.9531,96.0555,70.8684,-10.7014,90.6043,103.005,0.234566,125.387,74.9008,7.12279,120.883,
-0.746193,30.3825,1.00819,4.03236,101.251,8.02912,26.0877,101.997,7.9531,96.0555,70.8684,-10.7014,90.6043,103.005,0.234566,125.387,74.9008,7.12279,120.883,
-1.00876,28.976,-4.17405,5.77517,100.988,8.1792,26.0292,101.997,7.9531,96.0555,72.0124,-10.3758,90.5732,97.8231,-1.92225,125.211,77.7876,5.07716,118.215,
-1.00876,28.976,-4.17405,5.77517,100.988,8.1792,26.0292,101.997,7.9531,96.0555,72.0124,-10.3758,90.5732,97.8231,-1.92225,125.211,77.7876,5.07716,118.215,
-2.06347,28.4544,-27.4944,7.1358,102.11,9.15197,27.1735,104.174,8.05702,97.0128,73.6558,-10.5074,89.8049,76.6792,-12.9847,125.306,80.7916,3.48271,116.045,
-2.06347,28.4544,-27.4944,7.1358,102.11,9.15197,27.1735,104.174,8.05702,97.0128,73.6558,-10.5074,89.8049,76.6792,-12.9847,125.306,80.7916,3.48271,116.045,
-4.29309,26.5486,-35.8149,4.3404,103,9.75082,28.0993,107.293,7.58154,98.3707,76.4512,-11.1001,88.1978,71.478,-15.0249,128.041,80.7916,3.48271,116.045,
-4.29309,26.5486,-35.8149,4.3404,103,9.75082,28.0993,107.293,7.58154,98.3707,76.4512,-11.1001,88.1978,71.478,-15.0249,128.041,80.7916,3.48271,116.045,
-4.13283,29.4644,-35.8149,9.1751,103.16,9.79631,28.2877,107.293,7.58154,98.3707,73.6956,-11.6984,88.6522,71.478,-15.0249,128.041,82.8707,2.69267,115.997,
-4.13283,29.4644,-35.8149,9.1751,103.16,9.79631,28.2877,107.293,7.58154,98.3707,73.6956,-11.6984,88.6522,71.478,-15.0249,128.041,82.8707,2.69267,115.997,
-3.56997,32.4121,-43.0463,15.7516,103.914,10.0005,28.1973,107.484,7.88985,98.5133,71.5019,-12.9866,90.2584,64.4377,-17.3265,131.226,87.2536,1.22122,115.758,
-3.56997,32.4121,-43.0463,15.7516,103.914,10.0005,28.1973,107.484,7.88985,98.5133,71.5019,-12.9866,90.2584,64.4377,-17.3265,131.226,87.2536,1.22122,115.758,
-2.54344,34.5553,-41.7119,18.9741,104.881,10.138,27.9452,107.425,7.86127,98.7211,70.326,-14.1558,92.3174,65.7128,-17.2183,130.703,89.3,0.46013,115.527,
-2.54344,34.5553,-41.7119,18.9741,104.881,10.138,27.9452,107.425,7.86127,98.7211,70.326,-14.1558,92.3174,65.7128,-17.2183,130.703,89.3,0.46013,115.527,
-2.06532,34.5553,-41.2338,18.9741,104.881,10.138,27.9452,106.947,7.61314,99.0798,70.326,-14.1558,92.3174,65.7128,-17.2183,130.703,89.3,0.46013,115.527,
-2.06532,34.5553,-41.2338,18.9741,104.881,10.138,27.9452,106.947,7.61314,99.0798,70.326,-14.1558,92.3174,65.7128,-17.2183,130.703,89.3,0.46013,115.527,
6.39121,21.3884,-19.9847,15.8252,105.07,9.87615,28.245,98.6792,6.6157,93.9616,83.682,-12.433,82.6758,78.6945,-18.9948,117.357,99.5072,-3.61017,117.639,
6.39121,21.3884,-19.9847,15.8252,105.07,9.87615,28.245,98.6792,6.6157,93.9616,83.682,-12.433,82.6758,78.6945,-18.9948,117.357,99.5072,-3.61017,117.639,
11.4739,23.2384,-15.4199,19.4538,105.588,9.73516,28.4908,94.1143,4.53603,95.0777,82.3498,-11.9957,87.4623,78.6945,-18.9948,117.357,101.804,-5.43401,120.003,
11.4739,23.2384,-15.4199,19.4538,105.588,9.73516,28.4908,94.1143,4.53603,95.0777,82.3498,-11.9957,87.4623,78.6945,-18.9948,117.357,101.804,-5.43401,120.003,
13.383,23.4123,-10.6395,22.1051,105.762,9.92596,27.3228,92.3791,3.77693,98.9287,82.3498,-11.9957,87.4623,81.7395,-17.6989,117.641,104.455,-7.83442,123.212,
13.383,23.4123,-10.6395,22.1051,105.762,9.92596,27.3228,92.3791,3.77693,98.9287,82.3498,-11.9957,87.4623,81.7395,-17.6989,117.641,104.455,-7.83442,123.212,
12.8989,18.4305,-8.02315,17.6074,105.278,10.1507,26.3123,92.3791,3.77693,98.9287,86.8475,-12.9744,85.0007,84.3559,-16.6989,117.092,104.455,-7.83442,123.212,
12.8989,18.4305,-8.02315,17.6074,105.278,10.1507,26.3123,92.3791,3.77693,98.9287,86.8475,-12.9744,85.0007,84.3559,-16.6989,117.092,104.455,-7.83442,123.212,
16.6438,11.2127,-1.76845,22.2818,104.899,10.4747,25.0064,88.2551,4.66996,104.782,93.6862,-13.8036,80.1235,86.4866,-16.1478,116.015,115.968,-13.6048,123.968,
16.6438,11.2127,-1.76845,22.2818,104.899,10.4747,25.0064,88.2551,4.66996,104.782,93.6862,-13.8036,80.1235,86.4866,-16.1478,116.015,115.968,-13.6048,123.968,
22.605,12.1612,3.24424,22.2818,105.847,11.0208,24.18,83.2424,5.75366,101.407,93.6862,-13.8036,80.1235,86.4866,-16.1478,116.015,115.968,-13.6048,123.968,
22.605,12.1612,3.24424,22.2818,105.847,11.0208,24.18,83.2424,5.75366,101.407,93.6862,-13.8036,80.1235,86.4866,-16.1478,116.015,115.968,-13.6048,123.968,
28.2685,12.2414,11.0521,21.5445,106.428,11.4292,23.7385,78.1591,5.53061,96.5533,94.1862,-14.1465,80.0138,89.2111,-15.2456,114.828,115.731,-14.0734,123.672,
28.2685,12.2414,11.0521,21.5445,106.428,11.4292,23.7385,78.1591,5.53061,96.5533,94.1862,-14.1465,80.0138,89.2111,-15.2456,114.828,115.731,-14.0734,123.672,
28.0521,10.4113,12.8861,19.9308,106.211,11.7578,22.9473,78.1591,5.53061,96.5533,95.7998,-13.6156,78.4756,91.0452,-14.1456,114.043,115.731,-14.0734,123.672,
28.0521,10.4113,12.8861,19.9308,106.211,11.7578,22.9473,78.1591,5.53061,96.5533,95.7998,-13.6156,78.4756,91.0452,-14.1456,114.043,115.731,-14.0734,123.672,
31.9009,8.07389,17.7434,5.86401,106.092,11.9132,22.4489,74.191,5.27834,89.1228,98.018,-12.7599,76.1492,91.9345,-13.4863,114.003,103.882,-11.252,126.731,
31.9009,8.07389,17.7434,5.86401,106.092,11.9132,22.4489,74.191,5.27834,89.1228,98.018,-12.7599,76.1492,91.9345,-13.4863,114.003,103.882,-11.252,126.731,
32.8471,7.03034,18.6661,0.688169,106.116,11.8219,22.8441,73.2684,4.82009,86.4704,99.0852,-12.5905,74.9903,91.9345,-13.4863,114.003,99.7733,-9.74184,125.457,
32.8471,7.03034,18.6661,0.688169,106.116,11.8219,22.8441,73.2684,4.82009,86.4704,99.0852,-12.5905,74.9903,91.9345,-13.4863,114.003,99.7733,-9.74184,125.457,
34.0103,7.46573,22.1633,-3.65498,106.551,11.3754,23.4932,72.5406,3.99782,83.685,99.0852,-12.5905,74.9903,94.7039,-11.4787,114.047,95.4302,-8.21401,123.587,
34.0103,7.46573,22.1633,-3.65498,106.551,11.3754,23.4932,72.5406,3.99782,83.685,99.0852,-12.5905,74.9903,94.7039,-11.4787,114.047,95.4302,-8.21401,123.587,
33.3612,4.45487,23.0513,-6.01665,105.902,11.1181,23.0258,72.5406,3.99782,83.685,101.447,-12.2444,72.64,95.5918,-10.8701,114.346,95.4302,-8.21401,123.587,
33.3612,4.45487,23.0513,-6.01665,105.902,11.1181,23.0258,72.5406,3.99782,83.685,101.447,-12.2444,72.64,95.5918,-10.8701,114.346,95.4302,-8.21401,123.587,
32.4392,0.979304,24.5196,-18.4809,105.222,11.0037,22.8433,72.7823,1.96955,80.4574,104.242,-11.4043,71.0509,97.3019,-9.63232,115.998,85.7613,-5.26709,122.507,
32.4392,0.979304,24.5196,-18.4809,105.222,11.0037,22.8433,72.7823,1.96955,80.4574,104.242,-11.4043,71.0509,97.3019,-9.63232,115.998,85.7613,-5.26709,122.507,
27.7039,-0.67907,22.2019,-34.9842,104.382,9.85395,21.1842,76.6784,2.73245,84.3529,105.061,-11.0021,70.7955,98.8803,-8.50187,118.067,70.0772,-0.319403,120.147,
27.7039,-0.67907,22.2019,-34.9842,104.382,9.85395,21.1842,76.6784,2.73245,84.3529,105.061,-11.0021,70.7955,98.8803,-8.50187,118.067,70.0772,-0.319403,120.147,
29.4518,1.06886,23.9145,-40.104,106.13,9.6409,19.924,76.6784,2.73245,84.3529,105.061,-11.0021,70.7955,100.593,-7.54416,118.9,64.9574,1.24862,118.874,
29.4518,1.06886,23.9145,-40.104,106.13,9.6409,19.924,76.6784,2.73245,84.3529,105.061,-11.0021,70.7955,100.593,-7.54416,118.9,64.9574,1.24862,118.874,
30.251,0.666114,24.9192,-50.9744,106.929,10.2585,21.0557,76.6784,2.73245,84.3529,106.263,-10.1462,70.4618,101.598,-7.07015,119.056,55.2888,4.20415,116.677,
30.251,0.666114,24.9192,-50.9744,106.929,10.2585,21.0557,76.6784,2.73245,84.3529,106.263,-10.1462,70.4618,101.598,-7.07015,119.056,55.2888,4.20415,116.677,
