21.5433,3.7592,36.1697,-31.7151,104.787,-0.405255,-164.224,83.2437,7.96778,-106.677,101.028,-7.63063,-110.726,119.413,9.8747,-133.192,69.3127,7.73172,-83.7574,
21.5433,3.7592,36.1697,-31.7151,104.787,-0.405255,-164.224,83.2437,7.96778,-106.677,101.028,-7.63063,-110.726,119.413,9.8747,-133.192,69.3127,7.73172,-83.7574,
20.825,8.72797,40.4773,-22.3423,103.975,-0.206091,-164.175,83.1502,8.49243,-105.428,95.2472,-6.83801,-120.363,123.627,12.7098,-134.001,72.9049,8.00332,-83.1554,
20.825,8.72797,40.4773,-22.3423,103.975,-0.206091,-164.175,83.1502,8.49243,-105.428,95.2472,-6.83801,-120.363,123.627,12.7098,-134.001,72.9049,8.00332,-83.1554,
22.179,12.9526,40.4773,-18.223,105.329,0.23628,-166.766,83.1502,8.49243,-105.428,92.3766,-9.75545,-121.69,123.627,12.7098,-134.001,74.1536,7.61766,-83.6506,
22.179,12.9526,40.4773,-18.223,105.329,0.23628,-166.766,83.1502,8.49243,-105.428,92.3766,-9.75545,-121.69,123.627,12.7098,-134.001,74.1536,7.61766,-83.6506,
13.1913,14.9828,40.1366,-14.0632,104.38,-1.02709,-167.79,91.1886,12.5907,-101.855,89.3971,-10.8089,-119.294,131.325,16.2602,-128.67,75.3339,7.04607,-84.0882,
13.1913,14.9828,40.1366,-14.0632,104.38,-1.02709,-167.79,91.1886,12.5907,-101.855,89.3971,-10.8089,-119.294,131.325,16.2602,-128.67,75.3339,7.04607,-84.0882,
11.0754,15.7225,36.5689,-12.0122,105.12,-0.064457,-168.048,94.0442,12.9545,-98.3601,89.3971,-10.8089,-119.294,130.613,16.3691,-128.66,77.3849,6.24213,-83.2741,
11.0754,15.7225,36.5689,-12.0122,105.12,-0.064457,-168.048,94.0442,12.9545,-98.3601,89.3971,-10.8089,-119.294,130.613,16.3691,-128.66,77.3849,6.24213,-83.2741,
11.3278,15.9749,35.0682,-10.2135,105.372,0.799292,-168.854,94.0442,12.9545,-98.3601,89.3971,-10.8089,-119.294,129.112,15.7994,-128.429,79.1836,5.64396,-84.3933,
11.3278,15.9749,35.0682,-10.2135,105.372,0.799292,-168.854,94.0442,12.9545,-98.3601,89.3971,-10.8089,-119.294,129.112,15.7994,-128.429,79.1836,5.64396,-84.3933,
11.4685,16.1156,35.0682,-8.50727,105.513,1.10066,-169.508,94.0442,12.9545,-98.3601,89.3971,-10.8089,-119.294,129.112,15.7994,-128.429,80.8898,4.96192,-86.0259,
11.4685,16.1156,35.0682,-8.50727,105.513,1.10066,-169.508,94.0442,12.9545,-98.3601,89.3971,-10.8089,-119.294,129.112,15.7994,-128.429,80.8898,4.96192,-86.0259,
5.30737,32.1758,18.0311,8.06666,104.999,1.05406,-169.876,99.6916,11.8676,-98.8963,72.8231,-12.5788,-108.403,117.723,10.0506,-125.96,80.8898,4.96192,-86.0259,
5.30737,32.1758,18.0311,8.06666,104.999,1.05406,-169.876,99.6916,11.8676,-98.8963,72.8231,-12.5788,-108.403,117.723,10.0506,-125.96,80.8898,4.96192,-86.0259,
3.15433,33.3433,12.861,12.2451,103.903,1.01324,-169.608,100.748,11.7153,-98.1908,70.5594,-12.7354,-106.38,113.609,7.95761,-125.345,82.8045,4.18409,-86.8873,
3.15433,33.3433,12.861,12.2451,103.903,1.01324,-169.608,100.748,11.7153,-98.1908,70.5594,-12.7354,-106.38,113.609,7.95761,-125.345,82.8045,4.18409,-86.8873,
2.39392,33.7827,7.06844,14.2043,104.342,1.58322,-169.231,101.948,11.6723,-97.161,70.5594,-12.7354,-106.38,109.017,5.81908,-124.989,84.7637,3.83616,-87.544,
2.39392,33.7827,7.06844,14.2043,104.342,1.58322,-169.231,101.948,11.6723,-97.161,70.5594,-12.7354,-106.38,109.017,5.81908,-124.989,84.7637,3.83616,-87.544,
0.35447,36.7623,4.16633,18.1174,105.205,2.42259,-168.86,104.85,11.7119,-95.173,68.4425,-9.55854,-100.028,109.017,5.81908,-124.989,86.56,3.4926,-87.5183,
0.35447,36.7623,4.16633,18.1174,105.205,2.42259,-168.86,104.85,11.7119,-95.173,68.4425,-9.55854,-100.028,109.017,5.81908,-124.989,86.56,3.4926,-87.5183,
-2.02917,35.1184,-19.6222,16.4005,105.278,2.52526,-168.623,107.307,11.3889,-93.7504,70.1595,-8.94778,-100.008,87.6848,-4.39667,-125.908,86.56,3.4926,-87.5183,
-2.02917,35.1184,-19.6222,16.4005,105.278,2.52526,-168.623,107.307,11.3889,-93.7504,70.1595,-8.94778,-100.008,87.6848,-4.39667,-125.908,86.56,3.4926,-87.5183,
-2.67754,35.1773,-25.6951,16.4005,105.337,2.45547,-168.421,108.014,11.3762,-93.3216,70.1595,-8.94778,-100.008,82.3193,-7.73083,-125.53,86.56,3.4926,-87.5183,
-2.67754,35.1773,-25.6951,16.4005,105.337,2.45547,-168.421,108.014,11.3762,-93.3216,70.1595,-8.94778,-100.008,82.3193,-7.73083,-125.53,86.56,3.4926,-87.5183,
-2.99462,28.3754,-31.5432,14.2485,105.581,2.41386,-168.147,108.575,11.3266,-93.0355,77.2054,-9.42649,-102.124,77.0323,-11.2844,-124.734,91.454,2.6411,-86.9212,
-2.99462,28.3754,-31.5432,14.2485,105.581,2.41386,-168.147,108.575,11.3266,-93.0355,77.2054,-9.42649,-102.124,77.0323,-11.2844,-124.734,91.454,2.6411,-86.9212,
-3.40596,30.1278,-47.1794,17.1906,105.724,2.52428,-167.752,109.13,11.2289,-91.4187,75.5961,-9.48063,-101.636,61.9504,-17.5067,-116.87,92.7868,2.28605,-86.6916,
-3.40596,30.1278,-47.1794,17.1906,105.724,2.52428,-167.752,109.13,11.2289,-91.4187,75.5961,-9.48063,-101.636,61.9504,-17.5067,-116.87,92.7868,2.28605,-86.6916,
-3.42917,34.0098,-49.3294,20.9582,105.838,2.48328,-167.281,109.268,11.1538,-90.9109,71.8286,-10.1509,-100.2,59.9382,-18.1567,-115.9,92.7868,2.28605,-86.6916,
-3.42917,34.0098,-49.3294,20.9582,105.838,2.48328,-167.281,109.268,11.1538,-90.9109,71.8286,-10.1509,-100.2,59.9382,-18.1567,-115.9,92.7868,2.28605,-86.6916,
-3.36471,34.0986,-46.6982,29.5949,105.927,2.07246,-166.245,109.292,10.8682,-89.8348,71.8286,-10.1509,-100.2,62.5936,-18.4663,-116.867,101.424,-0.106481,-86.3257,
-3.36471,34.0986,-46.6982,29.5949,105.927,2.07246,-166.245,109.292,10.8682,-89.8348,71.8286,-10.1509,-100.2,62.5936,-18.4663,-116.867,101.424,-0.106481,-86.3257,
-3.75298,34.2482,-44.2076,32.6227,105.539,1.8283,-164.917,109.292,10.8682,-89.8348,71.2907,-12.5157,-97.1697,65.0843,-19.8557,-119.738,103.913,-0.993363,-85.7394,
-3.75298,34.2482,-44.2076,32.6227,105.539,1.8283,-164.917,109.292,10.8682,-89.8348,71.2907,-12.5157,-97.1697,65.0843,-19.8557,-119.738,103.913,-0.993363,-85.7394,
-3.42456,18.2252,-38.7617,18.7232,105.867,1.9877,-165.018,109.292,10.8682,-89.8348,87.6421,-13.2806,-106.11,70.5302,-20.136,-123.568,106.365,-2.34392,-84.3156,
-3.42456,18.2252,-38.7617,18.7232,105.867,1.9877,-165.018,109.292,10.8682,-89.8348,87.6421,-13.2806,-106.11,70.5302,-20.136,-123.568,106.365,-2.34392,-84.3156,
8.91815,21.1915,-20.7467,25.5573,106.734,2.57913,-166.963,97.8155,8.48711,-95.7347,85.5422,-11.7659,-97.7588,77.0688,-16.128,-123.16,111.099,-7.33009,-78.9477,
8.91815,21.1915,-20.7467,25.5573,106.734,2.57913,-166.963,97.8155,8.48711,-95.7347,85.5422,-11.7659,-97.7588,77.0688,-16.128,-123.16,111.099,-7.33009,-78.9477,
12.4549,21.61,-14.8722,34.9622,106.227,3.54074,-170.67,93.7724,6.302,-87.8041,84.6172,-10.5382,-97.7855,78.9001,-15.3813,-121.972,119.579,-12.1781,-75.2618,
12.4549,21.61,-14.8722,34.9622,106.227,3.54074,-170.67,93.7724,6.302,-87.8041,84.6172,-10.5382,-97.7855,78.9001,-15.3813,-121.972,119.579,-12.1781,-75.2618,
14.2441,16.1127,-14.8722,31.1374,108.017,4.40942,-173.087,93.7724,6.302,-87.8041,91.9038,-11.4263,-100.911,78.9001,-15.3813,-121.972,123.041,-13.6399,-75.2595,
14.2441,16.1127,-14.8722,31.1374,108.017,4.40942,-173.087,93.7724,6.302,-87.8041,91.9038,-11.4263,-100.911,78.9001,-15.3813,-121.972,123.041,-13.6399,-75.2595,
19.4599,13.3118,-8.30569,29.3803,108.997,4.67179,-173.269,89.5368,7.53335,-82.0735,95.6849,-11.9874,-102.317,81.2311,-12.8262,-118.428,125.065,-14.9591,-75.8104,
19.4599,13.3118,-8.30569,29.3803,108.997,4.67179,-173.269,89.5368,7.53335,-82.0735,95.6849,-11.9874,-102.317,81.2311,-12.8262,-118.428,125.065,-14.9591,-75.8104,
29.2113,12.8619,5.71273,29.3803,108.547,5.04664,-172.212,79.3355,8.54404,-88.2077,95.6849,-11.9874,-102.317,85.0482,-11.3687,-117.88,125.065,-14.9591,-75.8104,
29.2113,12.8619,5.71273,29.3803,108.547,5.04664,-172.212,79.3355,8.54404,-88.2077,95.6849,-11.9874,-102.317,85.0482,-11.3687,-117.88,125.065,-14.9591,-75.8104,
30.5666,10.6129,9.87499,29.9993,106.848,4.94386,-169.676,76.2811,8.48867,-89.6839,96.2348,-12.401,-102.111,86.1561,-11.0237,-117.69,126.234,-17.2549,-77.447,
30.5666,10.6129,9.87499,29.9993,106.848,4.94386,-169.676,76.2811,8.48867,-89.6839,96.2348,-12.401,-102.111,86.1561,-11.0237,-117.69,126.234,-17.2549,-77.447,
30.1807,10.227,9.87499,24.6182,106.462,4.77404,-168.705,76.2811,8.48867,-89.6839,96.2348,-12.401,-102.111,86.1561,-11.0237,-117.69,120.853,-16.2429,-75.5736,
30.1807,10.227,9.87499,24.6182,106.462,4.77404,-168.705,76.2811,8.48867,-89.6839,96.2348,-12.401,-102.111,86.1561,-11.0237,-117.69,120.853,-16.2429,-75.5736,
35.6744,5.38442,17.3427,11.2494,107,4.08143,-165.332,71.3256,8.42362,-91.3479,101.616,-10.8596,-105.192,88.6682,-10.2456,-117.723,112.865,-13.1693,-74.8282,
35.6744,5.38442,17.3427,11.2494,107,4.08143,-165.332,71.3256,8.42362,-91.3479,101.616,-10.8596,-105.192,88.6682,-10.2456,-117.723,112.865,-13.1693,-74.8282,
39.5686,4.91023,25.6864,1.50802,106.526,3.37047,-164.024,66.9571,7.34355,-95.2948,101.616,-10.8596,-105.192,92.6435,-8.33267,-116.538,103.124,-8.57408,-76.0505,
39.5686,4.91023,25.6864,1.50802,106.526,3.37047,-164.024,66.9571,7.34355,-95.2948,101.616,-10.8596,-105.192,92.6435,-8.33267,-116.538,103.124,-8.57408,-76.0505,
38.8524,1.45875,27.975,-17.7258,104.887,2.26937,-165.384,66.0344,6.22757,-97.1397,103.428,-10.411,-106.256,94.0094,-7.61558,-116.14,85.7022,-1.65634,-74.1081,
38.8524,1.45875,27.975,-17.7258,104.887,2.26937,-165.384,66.0344,6.22757,-97.1397,103.428,-10.411,-106.256,94.0094,-7.61558,-116.14,85.7022,-1.65634,-74.1081,
39.9915,-1.81445,27.975,-22.1381,106.026,1.83767,-165.378,66.0344,6.22757,-97.1397,107.84,-9.12581,-108.539,94.0094,-7.61558,-116.14,85.7022,-1.65634,-74.1081,
39.9915,-1.81445,27.975,-22.1381,106.026,1.83767,-165.378,66.0344,6.22757,-97.1397,107.84,-9.12581,-108.539,94.0094,-7.61558,-116.14,85.7022,-1.65634,-74.1081,
39.6375,-1.93756,28.9268,-29.5009,107.182,1.97261,-164.981,67.5449,3.83107,-99.3459,109.12,-8.76216,-108.801,96.4717,-6.45126,-115.948,79.6191,1.40022,-72.7877,
39.6375,-1.93756,28.9268,-29.5009,107.182,1.97261,-164.981,67.5449,3.83107,-99.3459,109.12,-8.76216,-108.801,96.4717,-6.45126,-115.948,79.6191,1.40022,-72.7877,
34.6807,-1.65514,26.7819,-29.5009,107.465,2.02527,-164.8,72.7841,4.99196,-96.3293,109.12,-8.76216,-108.801,99.5661,-5.09392,-116.209,79.6191,1.40022,-72.7877,
34.6807,-1.65514,26.7819,-29.5009,107.465,2.02527,-164.8,72.7841,4.99196,-96.3293,109.12,-8.76216,-108.801,99.5661,-5.09392,-116.209,79.6191,1.40022,-72.7877,
33.818,-4.17551,27.8075,-48.3591,106.602,1.87321,-164.295,72.7841,4.99196,-96.3293,110.778,-7.96116,-108.517,100.592,-4.55787,-116.508,62.4185,9.84958,-74.639,
33.818,-4.17551,27.8075,-48.3591,106.602,1.87321,-164.295,72.7841,4.99196,-96.3293,110.778,-7.96116,-108.517,100.592,-4.55787,-116.508,62.4185,9.84958,-74.639,
32.8855,-4.86704,26.9204,-62.1557,106.557,1.84583,-164.422,73.6713,6.43594,-95.1208,111.424,-7.84438,-109.218,100.592,-4.55787,-116.508,49.2681,11.9901,-81.3986,
32.8855,-4.86704,26.9204,-62.1557,106.557,1.84583,-164.422,73.6713,6.43594,-95.1208,111.424,-7.84438,-109.218,100.592,-4.55787,-116.508,49.2681,11.9901,-81.3986,
38.3711,-4.13599,35.6192,-62.1243,107.256,2.20685,-164.44,68.8853,9.43147,-93.5716,111.392,-7.81289,-109.743,104.504,-2.13546,-116.702,49.2681,11.9901,-81.3986,
38.3711,-4.13599,35.6192,-62.1243,107.256,2.20685,-164.44,68.8853,9.43147,-93.5716,111.392,-7.81289,-109.743,104.504,-2.13546,-116.702,49.2681,11.9901,-81.3986,
36.6683,-3.77046,37.7073,-55.0071,107.622,2.84764,-163.861,70.9536,9.47245,-98.1402,111.392,-7.81289,-109.743,108.661,0.269355,-116.665,56.3853,14.7358,-76.625,
36.6683,-3.77046,37.7073,-55.0071,107.622,2.84764,-163.861,70.9536,9.47245,-98.1402,111.392,-7.81289,-109.743,108.661,0.269355,-116.665,56.3853,14.7358,-76.625,
31.7037,-3.43472,34.835,-53.5543,107.958,3.35093,-164.688,76.254,9.92693,-95.5674,111.392,-7.81289,-109.743,111.089,1.80496,-116.958,57.8381,12.4473,-76.9973,
31.7037,-3.43472,34.835,-53.5543,107.958,3.35093,-164.688,76.254,9.92693,-95.5674,111.392,-7.81289,-109.743,111.089,1.80496,-116.958,57.8381,12.4473,-76.9973,
32.0559,10.3722,39.5515,-37.7014,108.31,3.5092,-164.438,76.254,9.92693,-95.5674,97.9377,-7.22907,-106.748,115.806,6.36337,-119.276,60.2364,12.0054,-75.6573,
32.0559,10.3722,39.5515,-37.7014,108.31,3.5092,-164.438,76.254,9.92693,-95.5674,97.9377,-7.22907,-106.748,115.806,6.36337,-119.276,60.2364,12.0054,-75.6573,
24.6487,12.8593,34.291,-34.9065,108.002,3.1318,-162.647,83.3535,10.0866,-94.455,95.1429,-6.49526,-106.363,117.644,9.85017,-122.18,60.2364,12.0054,-75.6573,
24.6487,12.8593,34.291,-34.9065,108.002,3.1318,-162.647,83.3535,10.0866,-94.455,95.1429,-6.49526,-106.363,117.644,9.85017,-122.18,60.2364,12.0054,-75.6573,
23.1813,11.0738,37.3689,-29.8539,106.217,2.52858,-160.448,83.0354,9.28722,-95.0156,95.1429,-6.49526,-106.363,120.404,13.7359,-125.313,65.289,12.9565,-73.7593,
23.1813,11.0738,37.3689,-29.8539,106.217,2.52858,-160.448,83.0354,9.28722,-95.0156,95.1429,-6.49526,-106.363,120.404,13.7359,-125.313,65.289,12.9565,-73.7593,
21.9664,17.6678,42.4387,-22.781,108.244,3.37475,-162.695,86.278,10.5798,-94.493,90.5766,-8.02251,-115.732,128.717,18.1287,-124.893,67.7956,11.551,-75.1953,
21.9664,17.6678,42.4387,-22.781,108.244,3.37475,-162.695,86.278,10.5798,-94.493,90.5766,-8.02251,-115.732,128.717,18.1287,-124.893,67.7956,11.551,-75.1953,
16.4843,24.1555,35.7608,-15.9323,109.44,3.24058,-163.752,92.9558,12.8681,-91.4102,85.2846,-9.84046,-112.002,128.717,18.1287,-124.893,69.3524,11.26,-74.8574,
16.4843,24.1555,35.7608,-15.9323,109.44,3.24058,-163.752,92.9558,12.8681,-91.4102,85.2846,-9.84046,-112.002,128.717,18.1287,-124.893,69.3524,11.26,-74.8574,
14.8975,26.8882,36.222,-12.171,108.412,2.44256,-162.812,93.514,13.496,-91.0215,81.5234,-10.3166,-108.907,129.736,16.5046,-121.076,69.3524,11.26,-74.8574,
14.8975,26.8882,36.222,-12.171,108.412,2.44256,-162.812,93.514,13.496,-91.0215,81.5234,-10.3166,-108.907,129.736,16.5046,-121.076,69.3524,11.26,-74.8574,
11.1555,24.7828,32.7503,-9.05711,106.306,2.47479,-162.502,95.1507,12.3503,-89.3918,81.5234,-10.3166,-108.907,127.901,14.9321,-120.358,72.4663,10.8369,-73.2817,
11.1555,24.7828,32.7503,-9.05711,106.306,2.47479,-162.502,95.1507,12.3503,-89.3918,81.5234,-10.3166,-108.907,127.901,14.9321,-120.358,72.4663,10.8369,-73.2817,
11.549,32.8272,30.2282,-1.40619,106.7,3.45731,-163.879,95.1507,12.3503,-89.3918,73.8725,-12.3043,-103.043,125.379,13.4947,-119.732,72.4663,10.8369,-73.2817,
11.549,32.8272,30.2282,-1.40619,106.7,3.45731,-163.879,95.1507,12.3503,-89.3918,73.8725,-12.3043,-103.043,125.379,13.4947,-119.732,72.4663,10.8369,-73.2817,
10.1559,35.4744,17.4235,3.65177,106.738,3.81705,-164.559,96.5816,12.12,-88.1506,71.2632,-13.5686,-99.1724,114.005,6.83325,-116.369,74.9149,9.78419,-72.9989,
10.1559,35.4744,17.4235,3.65177,106.738,3.81705,-164.559,96.5816,12.12,-88.1506,71.2632,-13.5686,-99.1724,114.005,6.83325,-116.369,74.9149,9.78419,-72.9989,
4.89772,34.0214,3.36173,3.65177,105.285,3.74894,-162.847,100.387,12.7979,-83.3311,71.2632,-13.5686,-99.1724,103.749,2.53929,-115.538,74.9149,9.78419,-72.9989,
4.89772,34.0214,3.36173,3.65177,105.285,3.74894,-162.847,100.387,12.7979,-83.3311,71.2632,-13.5686,-99.1724,103.749,2.53929,-115.538,74.9149,9.78419,-72.9989,
3.6528,35.9127,-3.58559,10.5818,105.439,4.01263,-161.887,101.786,12.8882,-82.2974,69.526,-13.551,-96.6747,98.2003,0.23673,-115.884,80.1077,7.4917,-73.727,
3.6528,35.9127,-3.58559,10.5818,105.439,4.01263,-161.887,101.786,12.8882,-82.2974,69.526,-13.551,-96.6747,98.2003,0.23673,-115.884,80.1077,7.4917,-73.727,
3.93089,38.0578,-3.58559,13.7306,105.717,4.61026,-160.727,101.786,12.8882,-82.2974,67.6589,-10.4826,-88.2034,98.2003,0.23673,-115.884,81.3895,6.91592,-74.0964,
3.93089,38.0578,-3.58559,13.7306,105.717,4.61026,-160.727,101.786,12.8882,-82.2974,67.6589,-10.4826,-88.2034,98.2003,0.23673,-115.884,81.3895,6.91592,-74.0964,
0.940843,34.7847,-22.345,12.3448,105.103,5.06074,-159.423,104.162,12.7606,-82.4449,70.318,-10.0418,-88.6641,81.8169,-8.95749,-116.194,82.6628,6.35783,-74.769,
0.940843,34.7847,-22.345,12.3448,105.103,5.06074,-159.423,104.162,12.7606,-82.4449,70.318,-10.0418,-88.6641,81.8169,-8.95749,-116.194,82.6628,6.35783,-74.769,
-1.57678,34.3425,-29.6143,12.3448,104.661,5.03103,-158.685,106.237,12.4085,-81.4253,70.318,-10.0418,-88.6641,76.623,-12.427,-115.106,82.6628,6.35783,-74.769,
-1.57678,34.3425,-29.6143,12.3448,104.661,5.03103,-158.685,106.237,12.4085,-81.4253,70.318,-10.0418,-88.6641,76.623,-12.427,-115.106,82.6628,6.35783,-74.769,
-2.47702,34.1476,-35.4834,12.3448,104.466,5.00106,-158.414,106.943,12.2058,-81.1187,70.318,-10.0418,-88.6641,71.4593,-15.2533,-112.733,82.6628,6.35783,-74.769,
-2.47702,34.1476,-35.4834,12.3448,104.466,5.00106,-158.414,106.943,12.2058,-81.1187,70.318,-10.0418,-88.6641,71.4593,-15.2533,-112.733,82.6628,6.35783,-74.769,
-3.15504,38.2036,-44.257,24.0644,104.181,4.88982,-157.678,107.336,12.1514,-80.899,65.9776,-15.0226,-90.8559,63.0793,-18.3184,-108.453,90.042,3.49139,-78.6842,
-3.15504,38.2036,-44.257,24.0644,104.181,4.88982,-157.678,107.336,12.1514,-80.899,65.9776,-15.0226,-90.8559,63.0793,-18.3184,-108.453,90.042,3.49139,-78.6842,
-4.05902,37.3129,-44.8552,25.4695,103.931,4.77061,-157.247,107.99,12.1684,-81.2915,66.618,-15.9186,-90.4583,63.1347,-20.0331,-112.907,92.0875,2.84391,-78.7084,
-4.05902,37.3129,-44.8552,25.4695,103.931,4.77061,-157.247,107.99,12.1684,-81.2915,66.618,-15.9186,-90.4583,63.1347,-20.0331,-112.907,92.0875,2.84391,-78.7084,
-2.72226,36.9465,-35.0981,25.4695,103.564,4.5866,-156.581,106.287,11.3626,-79.6945,66.618,-15.9186,-90.4583,71.1887,-24.1226,-121.669,92.0875,2.84391,-78.7084,
-2.72226,36.9465,-35.0981,25.4695,103.564,4.5866,-156.581,106.287,11.3626,-79.6945,66.618,-15.9186,-90.4583,71.1887,-24.1226,-121.669,92.0875,2.84391,-78.7084,
0.989145,30.2335,-31.9531,28.1296,104.131,4.73683,-155.432,103.142,10.6056,-80.9007,73.8974,-16.2527,-95.944,71.1887,-24.1226,-121.669,102.027,-0.689102,-77.3153,
0.989145,30.2335,-31.9531,28.1296,104.131,4.73683,-155.432,103.142,10.6056,-80.9007,73.8974,-16.2527,-95.944,71.1887,-24.1226,-121.669,102.027,-0.689102,-77.3153,
1.05606,22.4699,-31.9531,22.6134,104.198,4.89527,-155.466,103.142,10.6056,-80.9007,81.7279,-14.9983,-96.3363,71.1887,-24.1226,-121.669,104.341,-2.46976,-75.1504,
1.05606,22.4699,-31.9531,22.6134,104.198,4.89527,-155.466,103.142,10.6056,-80.9007,81.7279,-14.9983,-96.3363,71.1887,-24.1226,-121.669,104.341,-2.46976,-75.1504,
0.905832,23.2308,-28.5922,25.6374,104.048,4.91096,-155.758,103.142,10.6056,-80.9007,80.8168,-13.3676,-91.0525,74.5496,-19.9245,-114.992,106.454,-5.00578,-71.5222,
0.905832,23.2308,-28.5922,25.6374,104.048,4.91096,-155.758,103.142,10.6056,-80.9007,80.8168,-13.3676,-91.0525,74.5496,-19.9245,-114.992,106.454,-5.00578,-71.5222,
11.2012,23.8423,-11.6479,26.634,103.662,4.7415,-157.212,92.4613,5.88415,-73.7366,79.8202,-12.1742,-89.5009,80.8134,-17.6934,-115.615,106.454,-5.00578,-71.5222,
11.2012,23.8423,-11.6479,26.634,103.662,4.7415,-157.212,92.4613,5.88415,-73.7366,79.8202,-12.1742,-89.5009,80.8134,-17.6934,-115.615,106.454,-5.00578,-71.5222,
13.5409,23.9647,-8.15086,41.2467,103.785,4.74175,-158.913,90.244,6.69664,-72.6059,79.8202,-12.1742,-89.5009,82.0931,-16.6633,-115.229,121.067,-12.0988,-71.3196,
13.5409,23.9647,-8.15086,41.2467,103.785,4.74175,-158.913,90.244,6.69664,-72.6059,79.8202,-12.1742,-89.5009,82.0931,-16.6633,-115.229,121.067,-12.0988,-71.3196,
13.6257,11.6312,-5.60705,29.6553,103.87,5.18838,-160.216,90.244,6.69664,-72.6059,92.2384,-14.8336,-98.7803,84.6369,-15.5816,-115.513,121.894,-13.0189,-73.998,
13.6257,11.6312,-5.60705,29.6553,103.87,5.18838,-160.216,90.244,6.69664,-72.6059,92.2384,-14.8336,-98.7803,84.6369,-15.5816,-115.513,121.894,-13.0189,-73.998,
23.0204,10.5297,6.58389,29.0501,103.373,5.19808,-160.413,80.353,6.65795,-82.8606,92.8437,-15.7506,-99.7183,86.9369,-15.0227,-116.139,121.894,-13.0189,-73.998,
23.0204,10.5297,6.58389,29.0501,103.373,5.19808,-160.413,80.353,6.65795,-82.8606,92.8437,-15.7506,-99.7183,86.9369,-15.0227,-116.139,121.894,-13.0189,-73.998,
26.9472,9.56948,12.5184,23.131,102.413,5.07065,-160.233,75.466,5.88244,-86.1251,92.8437,-15.7506,-99.7183,87.9844,-14.6864,-116.107,115.975,-12.8161,-71.8381,
26.9472,9.56948,12.5184,23.131,102.413,5.07065,-160.233,75.466,5.88244,-86.1251,92.8437,-15.7506,-99.7183,87.9844,-14.6864,-116.107,115.975,-12.8161,-71.8381,
28.6882,5.61792,15.4001,11.3943,102.27,4.94225,-160.013,73.5823,5.7411,-86.9604,96.6525,-15.5182,-102.222,88.9823,-14.1589,-115.829,108.047,-11.6226,-71.3767,
28.6882,5.61792,15.4001,11.3943,102.27,4.94225,-160.013,73.5823,5.7411,-86.9604,96.6525,-15.5182,-102.222,88.9823,-14.1589,-115.829,108.047,-11.6226,-71.3767,
30.624,2.934,20.5657,3.9652,102.344,4.61067,-159.195,71.7201,5.80515,-85.9187,99.4102,-14.127,-102.558,92.2858,-12.1529,-113.604,103.375,-10.8063,-70.9306,
30.624,2.934,20.5657,3.9652,102.344,4.61067,-159.195,71.7201,5.80515,-85.9187,99.4102,-14.127,-102.558,92.2858,-12.1529,-113.604,103.375,-10.8063,-70.9306,
32.0828,1.73789,23.2807,-2.3175,102.309,4.22982,-157.979,70.2262,4.33193,-89.6813,100.571,-13.7827,-103.112,93.5069,-11.3494,-112.358,98.2536,-9.68292,-70.2172,
32.0828,1.73789,23.2807,-2.3175,102.309,4.22982,-157.979,70.2262,4.33193,-89.6813,100.571,-13.7827,-103.112,93.5069,-11.3494,-112.358,98.2536,-9.68292,-70.2172,
31.2607,1.37758,25.2349,-19.6196,101.949,3.93484,-158.352,70.688,2.21089,-92.3755,100.571,-13.7827,-103.112,95.9228,-9.85806,-110.172,80.9515,-3.92593,-69.7176,
31.2607,1.37758,25.2349,-19.6196,101.949,3.93484,-158.352,70.688,2.21089,-92.3755,100.571,-13.7827,-103.112,95.9228,-9.85806,-110.172,80.9515,-3.92593,-69.7176,
31.3718,-1.83796,25.2349,-28.9511,102.06,3.62339,-158.976,70.688,2.21089,-92.3755,103.898,-12.9332,-104.806,95.9228,-9.85806,-110.172,74.9466,-1.03008,-69.3517,
31.3718,-1.83796,25.2349,-28.9511,102.06,3.62339,-158.976,70.688,2.21089,-92.3755,103.898,-12.9332,-104.806,95.9228,-9.85806,-110.172,74.9466,-1.03008,-69.3517,
31.2581,-6.59327,27.7321,-45.697,101.946,3.24501,-158.586,70.688,2.21089,-92.3755,108.539,-11.5963,-106.933,98.4201,-8.75126,-108.603,62.8423,4.66528,-72.4659,
31.2581,-6.59327,27.7321,-45.697,101.946,3.24501,-158.586,70.688,2.21089,-92.3755,108.539,-11.5963,-106.933,98.4201,-8.75126,-108.603,62.8423,4.66528,-72.4659,
26.169,-7.71099,25.0272,-46.8497,101.981,3.01845,-158.07,75.812,2.71014,-90.8276,109.692,-11.2047,-107.182,100.839,-7.58559,-108.778,62.8423,4.66528,-72.4659,
26.169,-7.71099,25.0272,-46.8497,101.981,3.01845,-158.07,75.812,2.71014,-90.8276,109.692,-11.2047,-107.182,100.839,-7.58559,-108.778,62.8423,4.66528,-72.4659,
27.4486,-8.44989,27.4593,-47.751,102.143,2.96253,-157.935,74.6948,2.95462,-91.0946,110.593,-10.859,-109.32,102.154,-6.89829,-109.027,62.8423,4.66528,-72.4659,
27.4486,-8.44989,27.4593,-47.751,102.143,2.96253,-157.935,74.6948,2.95462,-91.0946,110.593,-10.859,-109.32,102.154,-6.89829,-109.027,62.8423,4.66528,-72.4659,
30.9569,-9.28968,32.1895,-68.6263,102.375,3.00701,-157.67,71.418,3.17782,-91.6111,111.665,-10.5415,-110.041,103.608,-6.14122,-109.126,43.0384,10.3985,-79.4956,
30.9569,-9.28968,32.1895,-68.6263,102.375,3.00701,-157.67,71.418,3.17782,-91.6111,111.665,-10.5415,-110.041,103.608,-6.14122,-109.126,43.0384,10.3985,-79.4956,
31.2061,-8.65975,35.8017,-64.988,102.624,3.16907,-157.076,71.418,3.17782,-91.6111,111.284,-10.1097,-111.138,107.22,-4.26035,-108.185,46.296,12.7466,-77.4932,
31.2061,-8.65975,35.8017,-64.988,102.624,3.16907,-157.076,71.418,3.17782,-91.6111,111.284,-10.1097,-111.138,107.22,-4.26035,-108.185,46.296,12.7466,-77.4932,
27.6051,-8.53997,38.9631,-64.988,102.744,3.40133,-156.237,75.1389,7.17216,-91.1449,111.284,-10.1097,-111.138,114.102,-0.125961,-109.227,46.296,12.7466,-77.4932,
27.6051,-8.53997,38.9631,-64.988,102.744,3.40133,-156.237,75.1389,7.17216,-91.1449,111.284,-10.1097,-111.138,114.102,-0.125961,-109.227,46.296,12.7466,-77.4932,
20.2148,-2.29128,33.5356,-50.1295,103.111,3.77151,-155.461,82.8958,7.73893,-94.5691,105.402,-9.88632,-112.679,116.431,2.15179,-110.76,55.2724,9.39496,-56.1352,
20.2148,-2.29128,33.5356,-50.1295,103.111,3.77151,-155.461,82.8958,7.73893,-94.5691,105.402,-9.88632,-112.679,116.431,2.15179,-110.76,55.2724,9.39496,-56.1352,
21.2969,-1.20916,33.5356,-47.9087,104.193,3.72865,-155.299,82.8958,7.73893,-94.5691,105.402,-9.88632,-112.679,116.431,2.15179,-110.76,57.4932,8.72887,-55.8709,
21.2969,-1.20916,33.5356,-47.9087,104.193,3.72865,-155.299,82.8958,7.73893,-94.5691,105.402,-9.88632,-112.679,116.431,2.15179,-110.76,57.4932,8.72887,-55.8709,
21.4718,9.54097,41.542,-34.2721,104.368,3.61076,-154.66,82.8958,7.73893,-94.5691,94.8267,-8.48073,-113.223,124.438,11.6873,-117.38,60.5546,9.73075,-54.3927,
21.4718,9.54097,41.542,-34.2721,104.368,3.61076,-154.66,82.8958,7.73893,-94.5691,94.8267,-8.48073,-113.223,124.438,11.6873,-117.38,60.5546,9.73075,-54.3927,
18.0376,10.1318,46.2114,-26.9171,103.369,3.20496,-152.266,85.3312,6.81069,-94.6461,93.237,-8.55684,-116.527,131.543,16.1698,-117.92,66.3198,6.7559,-56.1399,
18.0376,10.1318,46.2114,-26.9171,103.369,3.20496,-152.266,85.3312,6.81069,-94.6461,93.237,-8.55684,-116.527,131.543,16.1698,-117.92,66.3198,6.7559,-56.1399,
16.083,14.7073,43.073,-23.7392,104.766,4.13065,-155.861,88.6832,7.82679,-94.3314,90.059,-10.4335,-121.918,131.756,17.3464,-117.91,66.3198,6.7559,-56.1399,
16.083,14.7073,43.073,-23.7392,104.766,4.13065,-155.861,88.6832,7.82679,-94.3314,90.059,-10.4335,-121.918,131.756,17.3464,-117.91,66.3198,6.7559,-56.1399,
15.9943,25.7728,42.0442,-7.61244,104.677,3.66389,-158.718,88.6832,7.82679,-94.3314,78.9047,-11.4329,-114.45,130.727,18.2865,-119.426,71.2922,4.89451,-56.8446,
15.9943,25.7728,42.0442,-7.61244,104.677,3.66389,-158.718,88.6832,7.82679,-94.3314,78.9047,-11.4329,-114.45,130.727,18.2865,-119.426,71.2922,4.89451,-56.8446,
11.3423,28.9204,32.2766,-4.66158,104.874,3.12293,-159.538,93.5319,9.98261,-91.5475,75.9538,-11.6964,-113.149,125.808,16.4483,-120.233,71.2922,4.89451,-56.8446,
11.3423,28.9204,32.2766,-4.66158,104.874,3.12293,-159.538,93.5319,9.98261,-91.5475,75.9538,-11.6964,-113.149,125.808,16.4483,-120.233,71.2922,4.89451,-56.8446,
8.42603,28.9667,26.0329,-4.66158,104.92,3.97119,-159.718,96.4945,9.59323,-89.422,75.9538,-11.6964,-113.149,122.527,14.5949,-120.692,71.2922,4.89451,-56.8446,
8.42603,28.9667,26.0329,-4.66158,104.92,3.97119,-159.718,96.4945,9.59323,-89.422,75.9538,-11.6964,-113.149,122.527,14.5949,-120.692,71.2922,4.89451,-56.8446,
6.09546,33.4006,20.0393,5.00845,104.975,4.84232,-161.412,98.8796,9.06294,-88.7834,71.5744,-12.8769,-115.616,118.919,12.1236,-120.55,76.5829,1.7639,-61.3123,
6.09546,33.4006,20.0393,5.00845,104.975,4.84232,-161.412,98.8796,9.06294,-88.7834,71.5744,-12.8769,-115.616,118.919,12.1236,-120.55,76.5829,1.7639,-61.3123,
5.8566,33.1618,11.2433,6.2342,104.736,4.9218,-162.063,98.8796,9.06294,-88.7834,71.5744,-12.8769,-115.616,110.123,6.35161,-128.424,77.8086,1.29895,-62.512,
5.8566,33.1618,11.2433,6.2342,104.736,4.9218,-162.063,98.8796,9.06294,-88.7834,71.5744,-12.8769,-115.616,110.123,6.35161,-128.424,77.8086,1.29895,-62.512,
-0.290333,32.9669,-5.08657,8.31558,103.664,4.90743,-163.856,103.954,8.35317,-89.4189,70.6967,-14.023,-113.679,98.8673,1.22619,-127.688,79.0123,1.00662,-63.356,
-0.290333,32.9669,-5.08657,8.31558,103.664,4.90743,-163.856,103.954,8.35317,-89.4189,70.6967,-14.023,-113.679,98.8673,1.22619,-127.688,79.0123,1.00662,-63.356,
-2.31558,32.7633,-19.1802,10.4344,103.46,5.37611,-165.407,105.776,8.23106,-88.7856,70.6967,-14.023,-113.679,86.5954,-4.36697,-129.53,81.1311,0.551274,-63.6853,
-2.31558,32.7633,-19.1802,10.4344,103.46,5.37611,-165.407,105.776,8.23106,-88.7856,70.6967,-14.023,-113.679,86.5954,-4.36697,-129.53,81.1311,0.551274,-63.6853,
-3.22303,30.5005,-20.5498,9.49935,103.922,5.77537,-165.495,107.145,8.20287,-88.5288,73.4216,-11.2028,-113.789,86.5954,-4.36697,-129.53,82.921,0.156265,-63.1921,
-3.22303,30.5005,-20.5498,9.49935,103.922,5.77537,-165.495,107.145,8.20287,-88.5288,73.4216,-11.2028,-113.789,86.5954,-4.36697,-129.53,82.921,0.156265,-63.1921,
-4.31866,28.1025,-33.2408,9.08835,104.177,6.23287,-165.423,108.496,8.25155,-89.4781,76.0743,-11.0519,-113.189,75.2547,-11.5867,-128.074,85.1627,-0.269764,-62.7255,
-4.31866,28.1025,-33.2408,9.08835,104.177,6.23287,-165.423,108.496,8.25155,-89.4781,76.0743,-11.0519,-113.189,75.2547,-11.5867,-128.074,85.1627,-0.269764,-62.7255,
-4.16296,28.4841,-43.4915,9.29759,104.349,6.27385,-165.662,108.512,8.25754,-88.512,75.8651,-10.4725,-112.281,65.0207,-16.1816,-122.662,85.1627,-0.269764,-62.7255,
-4.16296,28.4841,-43.4915,9.29759,104.349,6.27385,-165.662,108.512,8.25754,-88.512,75.8651,-10.4725,-112.281,65.0207,-16.1816,-122.662,85.1627,-0.269764,-62.7255,
-4.16296,28.4841,-43.4915,9.29759,104.349,6.27385,-165.662,108.512,8.25754,-88.512,75.8651,-10.4725,-112.281,65.0207,-16.1816,-122.662,85.1627,-0.269764,-62.7255,
-4.16296,28.4841,-43.4915,9.29759,104.349,6.27385,-165.662,108.512,8.25754,-88.512,75.8651,-10.4725,-112.281,65.0207,-16.1816,-122.662,85.1627,-0.269764,-62.7255,
-3.18482,29.386,-45.8557,9.29759,105.251,6.34514,-166.09,108.436,8.1495,-87.6647,75.8651,-10.4725,-112.281,62.5802,-17.0426,-120.243,85.1627,-0.269764,-62.7255,
-3.18482,29.386,-45.8557,9.29759,105.251,6.34514,-166.09,108.436,8.1495,-87.6647,75.8651,-10.4725,-112.281,62.5802,-17.0426,-120.243,85.1627,-0.269764,-62.7255,
-2.4215,30.1493,-45.8557,20.0113,106.014,6.39812,-165.778,108.436,8.1495,-87.6647,75.8651,-10.4725,-112.281,62.5802,-17.0426,-120.243,95.8764,-3.64005,-61.6401,
-2.4215,30.1493,-45.8557,20.0113,106.014,6.39812,-165.778,108.436,8.1495,-87.6647,75.8651,-10.4725,-112.281,62.5802,-17.0426,-120.243,95.8764,-3.64005,-61.6401,
-2.52148,36.3827,-40.1006,26.2808,105.978,6.34474,-165.136,108.5,7.89566,-86.5994,69.5956,-10.3886,-111.266,68.3991,-19.4797,-126.693,95.8764,-3.64005,-61.6401,
-2.52148,36.3827,-40.1006,26.2808,105.978,6.34474,-165.136,108.5,7.89566,-86.5994,69.5956,-10.3886,-111.266,68.3991,-19.4797,-126.693,95.8764,-3.64005,-61.6401,
-0.497143,36.1303,-30.4772,37.6862,105.726,6.22496,-164.376,106.223,7.31692,-89.1201,69.5956,-10.3886,-111.266,75.7458,-16.1356,-130.986,107.282,-10.3663,-53.8634,
-0.497143,36.1303,-30.4772,37.6862,105.726,6.22496,-164.376,106.223,7.31692,-89.1201,69.5956,-10.3886,-111.266,75.7458,-16.1356,-130.986,107.282,-10.3663,-53.8634,
5.46553,37.0786,-21.7362,47.34,105.813,6.19851,-162.905,100.347,6.20681,-93.4234,68.7344,-11.6195,-109.795,78.6112,-15.673,-132.269,116.074,-15.7477,-49.3496,
5.46553,37.0786,-21.7362,47.34,105.813,6.19851,-162.905,100.347,6.20681,-93.4234,68.7344,-11.6195,-109.795,78.6112,-15.673,-132.269,116.074,-15.7477,-49.3496,
7.97796,37.4827,-19.6278,50.1557,106.217,6.44487,-163.056,98.2391,5.1699,-92.5061,68.7344,-11.6195,-109.795,78.6112,-15.673,-132.269,118.89,-17.1419,-49.2784,
7.97796,37.4827,-19.6278,50.1557,106.217,6.44487,-163.056,98.2391,5.1699,-92.5061,68.7344,-11.6195,-109.795,78.6112,-15.673,-132.269,118.89,-17.1419,-49.2784,
8.0673,37.572,-17.222,50.1557,106.306,6.81512,-164.121,98.2391,5.1699,-92.5061,68.7344,-11.6195,-109.795,81.0171,-15.1107,-132.677,118.89,-17.1419,-49.2784,
8.0673,37.572,-17.222,50.1557,106.306,6.81512,-164.121,98.2391,5.1699,-92.5061,68.7344,-11.6195,-109.795,81.0171,-15.1107,-132.677,118.89,-17.1419,-49.2784,
9.52844,27.8141,-11.0618,42.8351,106.119,7.18901,-165.804,96.5903,4.20353,-87.8135,78.3046,-12.2588,-115.552,85.5285,-12.9958,-131.817,121.14,-17.9107,-50.8094,
9.52844,27.8141,-11.0618,42.8351,106.119,7.18901,-165.804,96.5903,4.20353,-87.8135,78.3046,-12.2588,-115.552,85.5285,-12.9958,-131.817,121.14,-17.9107,-50.8094,
14.8377,22.5805,-4.14308,32.5672,107.187,8.81247,-169.275,92.3496,5.14844,-81.8308,84.6068,-12.5517,-119.971,88.2066,-11.9194,-131.533,117.174,-13.996,-54.5059,
14.8377,22.5805,-4.14308,32.5672,107.187,8.81247,-169.275,92.3496,5.14844,-81.8308,84.6068,-12.5517,-119.971,88.2066,-11.9194,-131.533,117.174,-13.996,-54.5059,
27.4429,23.4971,8.85512,29.7517,107.593,9.83487,-168.069,80.1499,6.6521,-92.0006,84.0958,-10.6037,-111.786,89.0051,-10.9309,-129.933,113.848,-12.6904,-54.9737,
27.4429,23.4971,8.85512,29.7517,107.593,9.83487,-168.069,80.1499,6.6521,-92.0006,84.0958,-10.6037,-111.786,89.0051,-10.9309,-129.933,113.848,-12.6904,-54.9737,
32.5575,15.8263,19.2453,24.3131,105.361,9.53316,-166.283,72.8032,8.35123,-97.439,89.5345,-12.0563,-116.529,92.0485,-8.44497,-126.178,113.848,-12.6904,-54.9737,
32.5575,15.8263,19.2453,24.3131,105.361,9.53316,-166.283,72.8032,8.35123,-97.439,89.5345,-12.0563,-116.529,92.0485,-8.44497,-126.178,113.848,-12.6904,-54.9737,
36.1882,9.58279,24.8007,7.98217,106.034,8.22875,-164.308,69.8456,7.29516,-102.263,96.451,-12.786,-119.498,94.6463,-6.98262,-124.551,104.433,-8.90128,-54.7695,
36.1882,9.58279,24.8007,7.98217,106.034,8.22875,-164.308,69.8456,7.29516,-102.263,96.451,-12.786,-119.498,94.6463,-6.98262,-124.551,104.433,-8.90128,-54.7695,
36.2858,7.55743,26.0807,-5.3862,106.131,8.01082,-163.964,69.8456,7.29516,-102.263,98.574,-11.4208,-118.993,95.9263,-6.21372,-124.216,93.1878,-5.02584,-53.8309,
36.2858,7.55743,26.0807,-5.3862,106.131,8.01082,-163.964,69.8456,7.29516,-102.263,98.574,-11.4208,-118.993,95.9263,-6.21372,-124.216,93.1878,-5.02584,-53.8309,
34.7659,3.81376,28.5124,-19.7225,104.612,7.5021,-164.31,69.8456,7.29516,-102.263,100.798,-9.57402,-120.025,98.358,-4.99219,-124.261,81.0753,-0.19206,-50.8148,
34.7659,3.81376,28.5124,-19.7225,104.612,7.5021,-164.31,69.8456,7.29516,-102.263,100.798,-9.57402,-120.025,98.358,-4.99219,-124.261,81.0753,-0.19206,-50.8148,
33.2795,-2.14303,29.1347,-25.6366,104.569,6.58484,-164.36,71.2894,3.9034,-106.108,106.712,-8.73702,-123.627,100.424,-3.68118,-124.544,81.0753,-0.19206,-50.8148,
33.2795,-2.14303,29.1347,-25.6366,104.569,6.58484,-164.36,71.2894,3.9034,-106.108,106.712,-8.73702,-123.627,100.424,-3.68118,-124.544,81.0753,-0.19206,-50.8148,
30.742,-4.16175,26.6521,-52.8359,105.508,6.0829,-164.518,74.7655,6.04139,-103.166,109.669,-7.94197,-124.864,101.418,-3.03543,-124.737,56.8334,10.9378,-55.2771,
30.742,-4.16175,26.6521,-52.8359,105.508,6.0829,-164.518,74.7655,6.04139,-103.166,109.669,-7.94197,-124.864,101.418,-3.03543,-124.737,56.8334,10.9378,-55.2771,
30.7894,-6.1426,29.163,-64.4907,105.555,6.02307,-164.633,74.7655,6.04139,-103.166,111.698,-6.9874,-125.308,103.929,-1.60014,-124.911,47.2068,12.8705,-59.8637,
30.7894,-6.1426,29.163,-64.4907,105.555,6.02307,-164.633,74.7655,6.04139,-103.166,111.698,-6.9874,-125.308,103.929,-1.60014,-124.911,47.2068,12.8705,-59.8637,
32.5496,-6.11931,34.7902,-64.167,105.254,6.02079,-164.79,72.7048,8.31985,-101.903,111.374,-6.79935,-125.316,107.495,0.440761,-124.466,47.2068,12.8705,-59.8637,
32.5496,-6.11931,34.7902,-64.167,105.254,6.02079,-164.79,72.7048,8.31985,-101.903,111.374,-6.79935,-125.316,107.495,0.440761,-124.466,47.2068,12.8705,-59.8637,
36.1475,-6.06365,38.3323,-64.167,105.31,6.09044,-164.655,69.1626,8.61296,-108.279,111.374,-6.79935,-125.316,107.495,0.440761,-124.466,47.2068,12.8705,-59.8637,
36.1475,-6.06365,38.3323,-64.167,105.31,6.09044,-164.655,69.1626,8.61296,-108.279,111.374,-6.79935,-125.316,107.495,0.440761,-124.466,47.2068,12.8705,-59.8637,
34.089,-2.83841,40.786,-58.8516,105.701,6.3348,-164.348,71.612,8.53069,-108.668,108.539,-7.23649,-125.862,112.398,3.45537,-124.574,49.6879,14.0598,-59.3663,
34.089,-2.83841,40.786,-58.8516,105.701,6.3348,-164.348,71.612,8.53069,-108.668,108.539,-7.23649,-125.862,112.398,3.45537,-124.574,49.6879,14.0598,-59.3663,
29.8685,10.5559,40.8946,-41.3529,106.355,6.76156,-164.188,76.4862,8.89447,-106.253,95.7988,-6.51742,-121.497,117.381,8.54787,-126.781,54.4459,12.4032,-57.9805,
29.8685,10.5559,40.8946,-41.3529,106.355,6.76156,-164.188,76.4862,8.89447,-106.253,95.7988,-6.51742,-121.497,117.381,8.54787,-126.781,54.4459,12.4032,-57.9805,
21.7082,12.7681,37.6998,-39.7398,106.954,7.28689,-164.546,85.2457,9.1533,-106.518,94.1857,-6.00131,-122.653,122.946,16.2696,-132.148,54.4459,12.4032,-57.9805,
21.7082,12.7681,37.6998,-39.7398,106.954,7.28689,-164.546,85.2457,9.1533,-106.518,94.1857,-6.00131,-122.653,122.946,16.2696,-132.148,54.4459,12.4032,-57.9805,
21.6104,12.6704,43.1419,-31.7051,106.856,7.52393,-165.249,85.2457,9.1533,-106.518,94.1857,-6.00131,-122.653,128.388,18.3183,-131.421,62.4807,11.7567,-56.18,
21.6104,12.6704,43.1419,-31.7051,106.856,7.52393,-165.249,85.2457,9.1533,-106.518,94.1857,-6.00131,-122.653,128.388,18.3183,-131.421,62.4807,11.7567,-56.18,
22.5578,15.247,47.7217,-24.9865,106.232,7.40899,-164.933,83.6741,9.36016,-106.25,90.985,-7.21152,-132.777,131.396,19.5405,-130.259,65.9985,9.10099,-58.5498,
22.5578,15.247,47.7217,-24.9865,106.232,7.40899,-164.933,83.6741,9.36016,-106.25,90.985,-7.21152,-132.777,131.396,19.5405,-130.259,65.9985,9.10099,-58.5498,
17.9493,18.5392,45.5304,-17.3895,104.329,6.99533,-162.947,86.38,11.9031,-105.614,85.7902,-9.36267,-130.276,131.91,19.6932,-129.071,68.4007,8.10998,-58.7077,
17.9493,18.5392,45.5304,-17.3895,104.329,6.99533,-162.947,86.38,11.9031,-105.614,85.7902,-9.36267,-130.276,131.91,19.6932,-129.071,68.4007,8.10998,-58.7077,
10.0566,22.3866,36.5646,-13.4283,104.216,6.92023,-163.137,94.159,13.1612,-104.752,81.829,-9.7575,-126.56,130.724,18.9597,-128.511,68.4007,8.10998,-58.7077,
10.0566,22.3866,36.5646,-13.4283,104.216,6.92023,-163.137,94.159,13.1612,-104.752,81.829,-9.7575,-126.56,130.724,18.9597,-128.511,68.4007,8.10998,-58.7077,
6.74717,26.8916,29.8243,-8.00938,105.333,6.64728,-165.445,98.5863,12.2924,-102.486,78.4419,-10.128,-124.101,128.411,18.2248,-129.009,70.4325,7.52834,-59.9819,
6.74717,26.8916,29.8243,-8.00938,105.333,6.64728,-165.445,98.5863,12.2924,-102.486,78.4419,-10.128,-124.101,128.411,18.2248,-129.009,70.4325,7.52834,-59.9819,
6.00734,32.9597,22.4735,-0.192883,105.431,6.09334,-166.114,99.4238,11.9088,-101.888,72.4715,-14.1264,-119.947,121.897,15.1957,-129.4,72.2786,6.68893,-60.9548,
6.00734,32.9597,22.4735,-0.192883,105.431,6.09334,-166.114,99.4238,11.9088,-101.888,72.4715,-14.1264,-119.947,121.897,15.1957,-129.4,72.2786,6.68893,-60.9548,
3.89939,32.4622,8.1125,1.61701,104.386,5.51119,-165.532,100.487,11.936,-102.638,71.9237,-14.5668,-118.001,108.599,7.26187,-127.233,73.5407,6.12314,-61.5493,
3.89939,32.4622,8.1125,1.61701,104.386,5.51119,-165.532,100.487,11.936,-102.638,71.9237,-14.5668,-118.001,108.599,7.26187,-127.233,73.5407,6.12314,-61.5493,
0.640316,32.7501,0.0789047,2.69336,103.598,5.51932,-165.203,102.957,12.3568,-99.7397,70.8474,-14.4435,-115.543,103.036,4.59484,-126.971,73.5407,6.12314,-61.5493,
0.640316,32.7501,0.0789047,2.69336,103.598,5.51932,-165.203,102.957,12.3568,-99.7397,70.8474,-14.4435,-115.543,103.036,4.59484,-126.971,73.5407,6.12314,-61.5493,
-3.4438,31.8219,-14.7092,8.3149,102.669,6.08346,-165.195,106.113,12.2074,-96.7336,70.8474,-14.4435,-115.543,91.4039,-1.35837,-128.341,79.1623,4.38459,-62.7961,
-3.4438,31.8219,-14.7092,8.3149,102.669,6.08346,-165.195,106.113,12.2074,-96.7336,70.8474,-14.4435,-115.543,91.4039,-1.35837,-128.341,79.1623,4.38459,-62.7961,
-3.47991,31.7858,-14.7092,9.75743,102.633,6.53657,-165.586,106.113,12.2074,-96.7336,70.8474,-14.4435,-115.543,91.4039,-1.35837,-128.341,80.6048,4.14767,-62.7545,
-3.47991,31.7858,-14.7092,9.75743,102.633,6.53657,-165.586,106.113,12.2074,-96.7336,70.8474,-14.4435,-115.543,91.4039,-1.35837,-128.341,80.6048,4.14767,-62.7545,
-4.82774,32.3999,-32.1589,11.7643,102.716,7.03669,-166.577,107.544,12.2857,-94.9287,70.3162,-12.912,-111.045,75.3849,-12.4054,-125.37,82.0805,3.89101,-62.6342,
-4.82774,32.3999,-32.1589,11.7643,102.716,7.03669,-166.577,107.544,12.2857,-94.9287,70.3162,-12.912,-111.045,75.3849,-12.4054,-125.37,82.0805,3.89101,-62.6342,
-7.68462,26.0712,-42.2822,7.55151,100.6,6.57489,-167.487,108.285,11.8569,-93.033,74.529,-10.6666,-108.969,66.0026,-16.7327,-119.556,82.0805,3.89101,-62.6342,
-7.68462,26.0712,-42.2822,7.55151,100.6,6.57489,-167.487,108.285,11.8569,-93.033,74.529,-10.6666,-108.969,66.0026,-16.7327,-119.556,82.0805,3.89101,-62.6342,
-7.69616,26.1376,-45.0811,10.7692,100.667,7.06433,-166.981,108.363,11.7667,-92.5313,74.529,-10.6666,-108.969,63.2817,-18.3919,-118.938,85.2982,3.11381,-62.1968,
-7.69616,26.1376,-45.0811,10.7692,100.667,7.06433,-166.981,108.363,11.7667,-92.5313,74.529,-10.6666,-108.969,63.2817,-18.3919,-118.938,85.2982,3.11381,-62.1968,
-5.95743,34.9373,-45.0811,24.8099,102.405,8.3366,-165.694,108.363,11.7667,-92.5313,67.468,-13.2966,-106.615,63.2817,-18.3919,-118.938,92.2779,1.2414,-61.7525,
-5.95743,34.9373,-45.0811,24.8099,102.405,8.3366,-165.694,108.363,11.7667,-92.5313,67.468,-13.2966,-106.615,63.2817,-18.3919,-118.938,92.2779,1.2414,-61.7525,
-5.43819,31.1705,-33.7447,23.9569,102.215,8.50025,-162.618,107.653,11.5855,-89.6637,71.0444,-14.123,-108.256,73.9084,-21.7534,-127.382,95.0013,0.56041,-61.4939,
-5.43819,31.1705,-33.7447,23.9569,102.215,8.50025,-162.618,107.653,11.5855,-89.6637,71.0444,-14.123,-108.256,73.9084,-21.7534,-127.382,95.0013,0.56041,-61.4939,
0.0619289,31.0516,-26.6505,23.9569,102.096,8.4982,-161.489,102.034,10.6125,-91.8429,71.0444,-14.123,-108.256,75.3836,-19.0989,-126.077,95.0013,0.56041,-61.4939,
0.0619289,31.0516,-26.6505,23.9569,102.096,8.4982,-161.489,102.034,10.6125,-91.8429,71.0444,-14.123,-108.256,75.3836,-19.0989,-126.077,95.0013,0.56041,-61.4939,
-0.113967,25.3302,-24.5467,24.6077,101.92,8.41909,-160.964,102.034,10.6125,-91.8429,76.59,-14.9132,-112.195,77.4875,-16.8459,-125.041,101.198,-1.63314,-59.2207,
-0.113967,25.3302,-24.5467,24.6077,101.92,8.41909,-160.964,102.034,10.6125,-91.8429,76.59,-14.9132,-112.195,77.4875,-16.8459,-125.041,101.198,-1.63314,-59.2207,
5.74191,19.4031,-13.5442,24.1758,101.803,8.14785,-159.384,96.0613,8.35849,-94.0318,82.4001,-12.5996,-102.516,82.5171,-15.6564,-126.117,106.576,-6.42055,-51.5972,
5.74191,19.4031,-13.5442,24.1758,101.803,8.14785,-159.384,96.0613,8.35849,-94.0318,82.4001,-12.5996,-102.516,82.5171,-15.6564,-126.117,106.576,-6.42055,-51.5972,
11.1585,17.5107,-5.6605,31.3165,102.394,8.49528,-159.334,91.2356,7.62231,-78.3756,84.8835,-12.5888,-104.433,85.5751,-14.2993,-124.607,116.2,-11.348,-48.0473,
11.1585,17.5107,-5.6605,31.3165,102.394,8.49528,-159.334,91.2356,7.62231,-78.3756,84.8835,-12.5888,-104.433,85.5751,-14.2993,-124.607,116.2,-11.348,-48.0473,
13.4383,17.197,-1.88138,31.3165,102.08,8.64876,-160.158,88.6421,8.55115,-80.3242,84.8835,-12.5888,-104.433,86.7607,-13.6948,-124.093,116.2,-11.348,-48.0473,
13.4383,17.197,-1.88138,31.3165,102.08,8.64876,-160.158,88.6421,8.55115,-80.3242,84.8835,-12.5888,-104.433,86.7607,-13.6948,-124.093,116.2,-11.348,-48.0473,
19.6386,12.462,6.77316,30.8403,100.77,8.66858,-161.613,81.1318,8.32464,-88.404,88.3085,-12.4928,-106.087,87.905,-13.1492,-124.039,119.149,-13.6991,-49.2255,
19.6386,12.462,6.77316,30.8403,100.77,8.66858,-161.613,81.1318,8.32464,-88.404,88.3085,-12.4928,-106.087,87.905,-13.1492,-124.039,119.149,-13.6991,-49.2255,
20.8542,7.49858,6.77316,22.1034,101.986,9.63508,-160.836,81.1318,8.32464,-88.404,94.4874,-12.8843,-108.095,87.905,-13.1492,-124.039,116.591,-13.6003,-48.7912,
20.8542,7.49858,6.77316,22.1034,101.986,9.63508,-160.836,81.1318,8.32464,-88.404,94.4874,-12.8843,-108.095,87.905,-13.1492,-124.039,116.591,-13.6003,-48.7912,
20.8542,7.08443,8.61208,18.8068,101.986,9.63508,-160.836,81.1318,8.32464,-88.404,94.9016,-13.676,-108.113,89.7439,-12.1826,-123.123,113.708,-12.9316,-49.1543,
20.8542,7.08443,8.61208,18.8068,101.986,9.63508,-160.836,81.1318,8.32464,-88.404,94.9016,-13.676,-108.113,89.7439,-12.1826,-123.123,113.708,-12.9316,-49.1543,
28.4007,3.07919,19.3141,15.3012,101.486,10.0158,-160.293,73.0857,8.80457,-91.4192,98.4072,-12.3751,-110.038,92.3997,-10.6211,-120.096,113.708,-12.9316,-49.1543,
28.4007,3.07919,19.3141,15.3012,101.486,10.0158,-160.293,73.0857,8.80457,-91.4192,98.4072,-12.3751,-110.038,92.3997,-10.6211,-120.096,113.708,-12.9316,-49.1543,
29.1372,0.477599,22.3313,5.09268,100.378,9.61125,-159.314,71.2412,8.49608,-95.5853,99.9008,-12.3,-109.582,93.5725,-10.0343,-119.236,104.994,-10.4115,-48.9662,
29.1372,0.477599,22.3313,5.09268,100.378,9.61125,-159.314,71.2412,8.49608,-95.5853,99.9008,-12.3,-109.582,93.5725,-10.0343,-119.236,104.994,-10.4115,-48.9662,
29.9879,-1.31305,22.3313,-13.7775,101.229,9.191,-158.736,71.2412,8.49608,-95.5853,102.542,-12.1582,-111.135,93.5725,-10.0343,-119.236,88.7646,-4.92362,-51.3478,
29.9879,-1.31305,22.3313,-13.7775,101.229,9.191,-158.736,71.2412,8.49608,-95.5853,102.542,-12.1582,-111.135,93.5725,-10.0343,-119.236,88.7646,-4.92362,-51.3478,
31.9759,-2.2824,28.727,-21.0017,101.573,9.1191,-157.795,69.5967,5.78883,-101.73,103.855,-11.7923,-111.859,98.3237,-7.53427,-117.327,82.8533,-3.02099,-51.294,
31.9759,-2.2824,28.727,-21.0017,101.573,9.1191,-157.795,69.5967,5.78883,-101.73,103.855,-11.7923,-111.859,98.3237,-7.53427,-117.327,82.8533,-3.02099,-51.294,
