12.9076,22.6286,-14.3691,35.4707,110.284,-4.64775,15.5551,97.3759,3.37588,100.319,87.6549,-16.1344,80.928,83.0068,-22.3508,63.4869,123.126,-21.3645,121.723,
12.9076,22.6286,-14.3691,35.4707,110.284,-4.64775,15.5551,97.3759,3.37588,100.319,87.6549,-16.1344,80.928,83.0068,-22.3508,63.4869,123.126,-21.3645,121.723,
12.8422,14.6082,-14.3691,37.1846,110.218,-4.63295,14.7253,97.3759,3.37588,100.319,95.6099,-17.5872,75.9739,83.0068,-22.3508,63.4869,132.794,-20.9846,113.717,
12.8422,14.6082,-14.3691,37.1846,110.218,-4.63295,14.7253,97.3759,3.37588,100.319,95.6099,-17.5872,75.9739,83.0068,-22.3508,63.4869,132.794,-20.9846,113.717,
19.937,14.5788,-4.69167,35.8591,112.532,-4.05307,13.0821,92.5953,5.32087,98.6279,97.9534,-18.2706,74.0951,87.9036,-19.1982,62.4627,133.813,-19.6503,110.785,
19.937,14.5788,-4.69167,35.8591,112.532,-4.05307,13.0821,92.5953,5.32087,98.6279,97.9534,-18.2706,74.0951,87.9036,-19.1982,62.4627,133.813,-19.6503,110.785,
23.9811,15.6498,-0.731576,31.257,113.603,-3.53724,11.9519,89.6221,5.91803,95.4853,97.9534,-18.2706,74.0951,88.8905,-18.6364,62.2621,129.21,-17.9652,108.845,
23.9811,15.6498,-0.731576,31.257,113.603,-3.53724,11.9519,89.6221,5.91803,95.4853,97.9534,-18.2706,74.0951,88.8905,-18.6364,62.2621,129.21,-17.9652,108.845,
27.7596,12.0648,5.59712,22.7128,111.856,-3.89146,12.8906,84.096,6.36726,89.2968,99.7908,-17.3903,74.5557,89.6931,-17.9958,62.2345,122.504,-16.0654,106.985,
27.7596,12.0648,5.59712,22.7128,111.856,-3.89146,12.8906,84.096,6.36726,89.2968,99.7908,-17.3903,74.5557,89.6931,-17.9958,62.2345,122.504,-16.0654,106.985,
29.4126,8.78785,9.89308,11.5258,111.027,-3.83258,13.6407,81.6141,6.46877,86.6366,102.239,-16.3098,73.1993,91.5072,-16.9099,55.2015,113.765,-13.9156,105.491,
29.4126,8.78785,9.89308,11.5258,111.027,-3.83258,13.6407,81.6141,6.46877,86.6366,102.239,-16.3098,73.1993,91.5072,-16.9099,55.2015,113.765,-13.9156,105.491,
29.809,8.16733,10.9338,10.5089,111.423,-3.75718,13.4212,81.6141,6.46877,86.6366,103.256,-15.957,72.1089,92.5479,-16.4023,54.7184,113.765,-13.9156,105.491,
29.809,8.16733,10.9338,10.5089,111.423,-3.75718,13.4212,81.6141,6.46877,86.6366,103.256,-15.957,72.1089,92.5479,-16.4023,54.7184,113.765,-13.9156,105.491,
37.8956,7.60721,21.6582,0.0400056,110.863,-4.45495,13.1722,72.9673,4.08914,78.1495,103.256,-15.957,72.1089,94.6255,-15.4577,54.4958,103.296,-11.341,104.989,
37.8956,7.60721,21.6582,0.0400056,110.863,-4.45495,13.1722,72.9673,4.08914,78.1495,103.256,-15.957,72.1089,94.6255,-15.4577,54.4958,103.296,-11.341,104.989,
37.8769,2.17652,22.647,-22.9574,110.864,-4.85626,12.5149,72.9876,2.59934,76.5255,108.688,-14.3939,69.0886,95.6346,-14.9485,55.0306,85.7306,-5.1219,106.575,
37.8769,2.17652,22.647,-22.9574,110.864,-4.85626,12.5149,72.9876,2.59934,76.5255,108.688,-14.3939,69.0886,95.6346,-14.9485,55.0306,85.7306,-5.1219,106.575,
38.5948,2.83253,24.4974,-28.7382,111.582,-5.27318,12.4661,72.9876,2.59934,76.5255,108.75,-13.6379,68.1166,97.4849,-13.4941,53.5877,80.0116,-2.43368,105.882,
38.5948,2.83253,24.4974,-28.7382,111.582,-5.27318,12.4661,72.9876,2.59934,76.5255,108.75,-13.6379,68.1166,97.4849,-13.4941,53.5877,80.0116,-2.43368,105.882,
36.3282,0.65254,24.8553,-31.2687,111.933,-5.76199,12.7683,75.6047,2.33571,79.2009,111.28,-12.9379,67.5861,100.46,-11.8471,55.995,80.0116,-2.43368,105.882,
36.3282,0.65254,24.8553,-31.2687,111.933,-5.76199,12.7683,75.6047,2.33571,79.2009,111.28,-12.9379,67.5861,100.46,-11.8471,55.995,80.0116,-2.43368,105.882,
35.1758,-0.0445353,24.3999,-41.9554,111.236,-5.92216,12.6154,76.06,3.26218,79.7852,111.28,-12.9379,67.5861,100.46,-11.8471,55.995,69.3249,2.6015,102.346,
35.1758,-0.0445353,24.3999,-41.9554,111.236,-5.92216,12.6154,76.06,3.26218,79.7852,111.28,-12.9379,67.5861,100.46,-11.8471,55.995,69.3249,2.6015,102.346,
35.8154,-0.271395,26.3939,-51.4776,111.009,-5.95051,12.4783,75.1935,4.31154,79.8121,111.28,-12.9379,67.5861,101.587,-11.326,55.9658,59.8027,6.36777,99.4572,
35.8154,-0.271395,26.3939,-51.4776,111.009,-5.95051,12.4783,75.1935,4.31154,79.8121,111.28,-12.9379,67.5861,101.587,-11.326,55.9658,59.8027,6.36777,99.4572,
35.9045,-2.07375,29.0222,-59.5191,111.098,-5.8621,12.2419,75.1935,4.31154,79.8121,113.172,-11.8693,68.5034,104.216,-9.87096,65.5635,53.6526,8.12259,96.8498,
35.9045,-2.07375,29.0222,-59.5191,111.098,-5.8621,12.2419,75.1935,4.31154,79.8121,113.172,-11.8693,68.5034,104.216,-9.87096,65.5635,53.6526,8.12259,96.8498,
42.2123,-2.837,41.1465,-60.2656,111.081,-5.49704,12.3357,68.8689,5.9133,74.8459,113.918,-11.4439,66.6855,110.015,-6.69095,65.3543,53.6526,8.12259,96.8498,
42.2123,-2.837,41.1465,-60.2656,111.081,-5.49704,12.3357,68.8689,5.9133,74.8459,113.918,-11.4439,66.6855,110.015,-6.69095,65.3543,53.6526,8.12259,96.8498,
34.1675,-1.27515,35.019,-51.749,111.459,-4.74549,11.7834,77.2916,7.36518,78.5246,112.734,-10.666,66.4535,112.311,-5.33459,64.9809,60.9853,10.6289,101.02,
34.1675,-1.27515,35.019,-51.749,111.459,-4.74549,11.7834,77.2916,7.36518,78.5246,112.734,-10.666,66.4535,112.311,-5.33459,64.9809,60.9853,10.6289,101.02,
35.0112,5.21169,35.019,-43.5844,112.303,-4.22561,11.2397,77.2916,7.36518,78.5246,107.091,-10.2459,66.3549,112.311,-5.33459,64.9809,63.5068,7.94488,98.8895,
35.0112,5.21169,35.019,-43.5844,112.303,-4.22561,11.2397,77.2916,7.36518,78.5246,107.091,-10.2459,66.3549,112.311,-5.33459,64.9809,63.5068,7.94488,98.8895,
34.7469,12.5339,41.8068,-34.1178,112.038,-4.43716,11.9999,77.2916,7.36518,78.5246,99.5046,-9.39868,66.6595,119.098,1.31074,60.4618,65.3868,6.40825,98.8047,
34.7469,12.5339,41.8068,-34.1178,112.038,-4.43716,11.9999,77.2916,7.36518,78.5246,99.5046,-9.39868,66.6595,119.098,1.31074,60.4618,65.3868,6.40825,98.8047,
28.2218,10.4827,43.0347,-34.1178,109.987,-5.24289,14.4533,81.7655,5.28969,71.066,99.5046,-9.39868,66.6595,124.8,8.22537,55.3099,65.3868,6.40825,98.8047,
28.2218,10.4827,43.0347,-34.1178,109.987,-5.24289,14.4533,81.7655,5.28969,71.066,99.5046,-9.39868,66.6595,124.8,8.22537,55.3099,65.3868,6.40825,98.8047,
27.0233,14.4412,42.6764,-24.8107,109.147,-5.45868,15.0154,82.1238,5.80496,72.6906,94.7059,-8.8255,64.5127,124.8,8.22537,55.3099,69.8953,6.55146,100.932,
27.0233,14.4412,42.6764,-24.8107,109.147,-5.45868,15.0154,82.1238,5.80496,72.6906,94.7059,-8.8255,64.5127,124.8,8.22537,55.3099,69.8953,6.55146,100.932,
27.8245,20.4065,48.208,-17.0874,111.993,-4.29616,12.7748,84.1685,7.29084,73.6473,91.5865,-10.6985,60.4223,132.376,13.9027,55.0832,74.4992,5.76463,99.7009,
27.8245,20.4065,48.208,-17.0874,111.993,-4.29616,12.7748,84.1685,7.29084,73.6473,91.5865,-10.6985,60.4223,132.376,13.9027,55.0832,74.4992,5.76463,99.7009,
24.4714,29.5162,42.8608,-9.61277,114.749,-3.12757,9.96168,90.2773,10.0748,73.7438,85.2325,-12.2641,64.1059,133.138,15.4301,55.4704,75.6197,5.25993,99.8215,
24.4714,29.5162,42.8608,-9.61277,114.749,-3.12757,9.96168,90.2773,10.0748,73.7438,85.2325,-12.2641,64.1059,133.138,15.4301,55.4704,75.6197,5.25993,99.8215,
22.3261,29.1589,39.1523,-9.61277,114.391,-4.04745,9.7719,92.0653,11.273,77.5159,85.2325,-12.2641,64.1059,131.218,14.6845,53.7206,75.6197,5.25993,99.8215,
22.3261,29.1589,39.1523,-9.61277,114.391,-4.04745,9.7719,92.0653,11.273,77.5159,85.2325,-12.2641,64.1059,131.218,14.6845,53.7206,75.6197,5.25993,99.8215,
19.2565,34.6168,35.9086,0.615507,112.594,-4.39584,10.0573,93.3376,11.1341,78.6401,77.9772,-13.0447,70.3589,129.246,13.323,54.0766,78.5927,4.77728,101.007,
19.2565,34.6168,35.9086,0.615507,112.594,-4.39584,10.0573,93.3376,11.1341,78.6401,77.9772,-13.0447,70.3589,129.246,13.323,54.0766,78.5927,4.77728,101.007,
18.2523,39.6275,34.2393,6.71763,113.259,-3.41925,8.94131,95.0069,10.9022,80.0469,73.6317,-14.6552,71.9916,129.246,13.323,54.0766,80.3493,4.48199,101.415,
18.2523,39.6275,34.2393,6.71763,113.259,-3.41925,8.94131,95.0069,10.9022,80.0469,73.6317,-14.6552,71.9916,129.246,13.323,54.0766,80.3493,4.48199,101.415,
18.8658,41.2403,28.1869,7.71693,113.873,-2.66534,7.78734,95.0069,10.9022,80.0469,72.6324,-15.6967,72.6895,123.194,9.20068,55.5608,80.3493,4.48199,101.415,
18.8658,41.2403,28.1869,7.71693,113.873,-2.66534,7.78734,95.0069,10.9022,80.0469,72.6324,-15.6967,72.6895,123.194,9.20068,55.5608,80.3493,4.48199,101.415,
12.8602,41.9365,8.57942,11.5086,113.755,-2.3021,6.95159,100.895,10.2544,82.5603,71.8187,-16.4015,73.7207,109.474,1.073,58.7833,83.3273,3.50431,101.354,
12.8602,41.9365,8.57942,11.5086,113.755,-2.3021,6.95159,100.895,10.2544,82.5603,71.8187,-16.4015,73.7207,109.474,1.073,58.7833,83.3273,3.50431,101.354,
10.7693,42.5693,1.44789,15.0056,113.241,-2.34976,6.9387,102.472,10.1322,83.6002,70.672,-15.6841,76.8659,103.92,-1.33728,59.4609,85.6776,2.54684,100.157,
10.7693,42.5693,1.44789,15.0056,113.241,-2.34976,6.9387,102.472,10.1322,83.6002,70.672,-15.6841,76.8659,103.92,-1.33728,59.4609,85.6776,2.54684,100.157,
10.1855,40.337,-10.3513,15.7553,112.658,-2.24269,7.64147,102.472,10.1322,83.6002,72.3205,-12.3036,79.8284,92.1207,-6.30661,59.2922,88.0758,1.53389,97.5525,
10.1855,40.337,-10.3513,15.7553,112.658,-2.24269,7.64147,102.472,10.1322,83.6002,72.3205,-12.3036,79.8284,92.1207,-6.30661,59.2922,88.0758,1.53389,97.5525,
4.15424,38.983,-22.2895,14.5036,112.555,-1.69897,8.42528,108.401,9.92553,85.6596,73.5722,-11.881,79.4211,86.1115,-9.18565,58.9633,88.0758,1.53389,97.5525,
4.15424,38.983,-22.2895,14.5036,112.555,-1.69897,8.42528,108.401,9.92553,85.6596,73.5722,-11.881,79.4211,86.1115,-9.18565,58.9633,88.0758,1.53389,97.5525,
4.40013,39.2289,-34.1338,17.0075,112.801,-1.03569,8.76583,108.401,9.92553,85.6596,73.5722,-11.881,79.4211,74.2672,-15.0793,60.6814,90.5797,0.870919,95.3522,
4.40013,39.2289,-34.1338,17.0075,112.801,-1.03569,8.76583,108.401,9.92553,85.6596,73.5722,-11.881,79.4211,74.2672,-15.0793,60.6814,90.5797,0.870919,95.3522,
3.74181,37.9673,-40.4934,18.5895,112.603,-0.996199,8.61505,108.861,10.0009,85.5327,74.636,-11.9539,79.1561,68.3681,-16.8425,63.3252,93.2255,0.0641324,94.7796,
3.74181,37.9673,-40.4934,18.5895,112.603,-0.996199,8.61505,108.861,10.0009,85.5327,74.636,-11.9539,79.1561,68.3681,-16.8425,63.3252,93.2255,0.0641324,94.7796,
3.25398,39.0047,-45.5363,22.1179,112.132,-1.15187,8.74962,108.878,10.0722,85.393,73.1272,-12.4671,78.9916,63.3416,-17.9314,65.6692,95.2451,-0.559574,94.745,
3.25398,39.0047,-45.5363,22.1179,112.132,-1.15187,8.74962,108.878,10.0722,85.393,73.1272,-12.4671,78.9916,63.3416,-17.9314,65.6692,95.2451,-0.559574,94.745,
3.89498,44.85,-42.8835,30.5665,111.791,-1.11469,8.83422,107.896,9.7505,86.331,66.9406,-13.8565,83.1365,65.0121,-19.902,62.4311,97.5071,-1.28704,94.6244,
3.89498,44.85,-42.8835,30.5665,111.791,-1.11469,8.83422,107.896,9.7505,86.331,66.9406,-13.8565,83.1365,65.0121,-19.902,62.4311,97.5071,-1.28704,94.6244,
6.10693,44.4728,-33.3237,40.8084,111.413,-1.25508,8.75858,105.306,9.47741,85.9404,66.9406,-13.8565,83.1365,71.9828,-21.7205,54.4928,107.749,-5.84218,96.9733,
6.10693,44.4728,-33.3237,40.8084,111.413,-1.25508,8.75858,105.306,9.47741,85.9404,66.9406,-13.8565,83.1365,71.9828,-21.7205,54.4928,107.749,-5.84218,96.9733,
9.54523,28.3875,-30.1779,24.4306,111.706,-1.276,8.87246,102.161,8.88013,84.1058,83.3184,-13.0417,77.9249,71.9828,-21.7205,54.4928,107.749,-5.84218,96.9733,
9.54523,28.3875,-30.1779,24.4306,111.706,-1.276,8.87246,102.161,8.88013,84.1058,83.3184,-13.0417,77.9249,71.9828,-21.7205,54.4928,107.749,-5.84218,96.9733,
9.44858,29.3743,-23.0485,30.4619,111.609,-1.06735,9.25992,102.161,8.88013,84.1058,82.235,-12.7251,80.5692,79.1122,-18.9602,52.6268,112.697,-13.0429,105.747,
9.44858,29.3743,-23.0485,30.4619,111.609,-1.06735,9.25992,102.161,8.88013,84.1058,82.235,-12.7251,80.5692,79.1122,-18.9602,52.6268,112.697,-13.0429,105.747,
17.0634,26.8996,-9.83013,30.0055,109.591,-0.0570895,6.42576,92.5277,5.99175,92.5015,82.6914,-13.098,79.3413,82.6975,-17.5204,52.902,112.697,-13.0429,105.747,
17.0634,26.8996,-9.83013,30.0055,109.591,-0.0570895,6.42576,92.5277,5.99175,92.5015,82.6914,-13.098,79.3413,82.6975,-17.5204,52.902,112.697,-13.0429,105.747,
17.0634,26.8996,-9.83013,38.646,109.591,-0.0570895,6.42576,92.5277,5.99175,92.5015,82.6914,-13.098,79.3413,82.6975,-17.5204,52.902,121.337,-17.4708,106.8,
17.0634,26.8996,-9.83013,38.646,109.591,-0.0570895,6.42576,92.5277,5.99175,92.5015,82.6914,-13.098,79.3413,82.6975,-17.5204,52.902,121.337,-17.4708,106.8,
23.1557,17.8711,-3.59538,32.3257,110.656,1.25095,3.09842,87.5004,7.91642,92.4558,92.785,-14.5824,73.7437,83.9051,-16.7348,52.9107,125.111,-18.1374,103.79,
23.1557,17.8711,-3.59538,32.3257,110.656,1.25095,3.09842,87.5004,7.91642,92.4558,92.785,-14.5824,73.7437,83.9051,-16.7348,52.9107,125.111,-18.1374,103.79,
24.1042,16.3244,-0.616928,26.1653,111.605,1.55972,2.94814,87.5004,7.91642,92.4558,95.2803,-14.8838,73.588,86.8835,-16.0845,51.83,121.446,-17.3661,102.901,
24.1042,16.3244,-0.616928,26.1653,111.605,1.55972,2.94814,87.5004,7.91642,92.4558,95.2803,-14.8838,73.588,86.8835,-16.0845,51.83,121.446,-17.3661,102.901,
35.4572,14.2515,13.0921,25.0824,110.615,1.39435,5.17133,75.1575,8.29131,81.913,96.3632,-14.5771,73.1256,88.2495,-15.2678,52.8297,121.446,-17.3661,102.901,
35.4572,14.2515,13.0921,25.0824,110.615,1.39435,5.17133,75.1575,8.29131,81.913,96.3632,-14.5771,73.1256,88.2495,-15.2678,52.8297,121.446,-17.3661,102.901,
38.8124,10.5825,18.3615,9.03546,109.705,0.909482,7.2854,70.8926,8.14533,78.1633,99.1224,-13.3032,71.6572,89.2541,-14.6809,53.2009,108.158,-12.797,99.7965,
38.8124,10.5825,18.3615,9.03546,109.705,0.909482,7.2854,70.8926,8.14533,78.1633,99.1224,-13.3032,71.6572,89.2541,-14.6809,53.2009,108.158,-12.797,99.7965,
39.909,8.77355,18.3615,1.25083,110.802,0.748781,8.10812,70.8926,8.14533,78.1633,102.028,-12.7862,69.2742,89.2541,-14.6809,53.2009,103.279,-11.175,98.8418,
39.909,8.77355,18.3615,1.25083,110.802,0.748781,8.10812,70.8926,8.14533,78.1633,102.028,-12.7862,69.2742,89.2541,-14.6809,53.2009,103.279,-11.175,98.8418,
39.8118,8.67636,19.4782,1.25083,110.704,0.559014,8.62764,70.8926,8.14533,78.1633,102.028,-12.7862,69.2742,90.3708,-13.9048,53.7757,103.279,-11.175,98.8418,
39.8118,8.67636,19.4782,1.25083,110.704,0.559014,8.62764,70.8926,8.14533,78.1633,102.028,-12.7862,69.2742,90.3708,-13.9048,53.7757,103.279,-11.175,98.8418,
43.4288,5.68355,29.309,-5.72338,109.393,-0.071901,8.74471,65.9642,3.87176,68.2539,103.709,-12.4242,67.7043,95.2732,-11.1412,55.0793,97.986,-9.49283,97.8449,
43.4288,5.68355,29.309,-5.72338,109.393,-0.071901,8.74471,65.9642,3.87176,68.2539,103.709,-12.4242,67.7043,95.2732,-11.1412,55.0793,97.986,-9.49283,97.8449,
40.8696,0.983705,28.0404,-34.4807,109.252,-0.571225,7.75124,68.3825,2.56429,67.9927,108.268,-11.3384,65.6303,96.4229,-10.4994,55.1883,73.7877,-0.916653,96.6743,
40.8696,0.983705,28.0404,-34.4807,109.252,-0.571225,7.75124,68.3825,2.56429,67.9927,108.268,-11.3384,65.6303,96.4229,-10.4994,55.1883,73.7877,-0.916653,96.6743,
41.7336,-0.795406,28.0404,-43.2506,110.116,-0.804639,7.84465,68.3825,2.56429,67.9927,110.911,-10.311,64.6194,96.4229,-10.4994,55.1883,67.6609,1.63268,95.1081,
41.7336,-0.795406,28.0404,-43.2506,110.116,-0.804639,7.84465,68.3825,2.56429,67.9927,110.911,-10.311,64.6194,96.4229,-10.4994,55.1883,67.6609,1.63268,95.1081,
37.5847,-1.45033,28.3647,-49.4396,109.858,-0.935613,8.11032,72.2735,4.1827,71.0346,111.309,-10.0341,64.6152,100.638,-8.04462,54.2397,61.8689,3.98958,93.0138,
37.5847,-1.45033,28.3647,-49.4396,109.858,-0.935613,8.11032,72.2735,4.1827,71.0346,111.309,-10.0341,64.6152,100.638,-8.04462,54.2397,61.8689,3.98958,93.0138,
37.1124,-1.76732,29.5788,-49.4396,109.541,-0.948295,7.99991,72.4288,5.91333,71.5375,111.309,-10.0341,64.6152,102.008,-7.3728,54.0687,61.8689,3.98958,93.0138,
37.1124,-1.76732,29.5788,-49.4396,109.541,-0.948295,7.99991,72.4288,5.91333,71.5375,111.309,-10.0341,64.6152,102.008,-7.3728,54.0687,61.8689,3.98958,93.0138,
43.613,-1.85475,37.68,-59.5171,109.519,-0.834345,7.88603,65.9064,7.33054,67.4272,111.374,-10.0572,61.9667,103.586,-6.4704,54.2056,51.857,7.51921,89.6547,
43.613,-1.85475,37.68,-59.5171,109.519,-0.834345,7.88603,65.9064,7.33054,67.4272,111.374,-10.0572,61.9667,103.586,-6.4704,54.2056,51.857,7.51921,89.6547,
43.5704,-1.8973,39.7676,-58.8858,109.477,-0.7526,8.01865,65.9064,7.33054,67.4272,111.374,-10.0572,61.9667,105.674,-5.3112,54.4368,52.4883,10.5484,91.657,
43.5704,-1.8973,39.7676,-58.8858,109.477,-0.7526,8.01865,65.9064,7.33054,67.4272,111.374,-10.0572,61.9667,105.674,-5.3112,54.4368,52.4883,10.5484,91.657,
27.6969,2.46553,31.1127,-52.746,109.533,-0.0943126,8.85312,81.8361,10.4398,73.0306,107.067,-9.46259,61.0755,112.949,-0.556968,53.9563,54.3215,12.8937,93.9829,
27.6969,2.46553,31.1127,-52.746,109.533,-0.0943126,8.85312,81.8361,10.4398,73.0306,107.067,-9.46259,61.0755,112.949,-0.556968,53.9563,54.3215,12.8937,93.9829,
27.756,2.37167,33.7746,-48.2145,109.439,0.0557032,8.71873,81.6831,9.18477,68.1094,107.067,-9.46259,61.0755,115.458,2.11758,52.4695,58.853,8.86421,94.2125,
27.756,2.37167,33.7746,-48.2145,109.439,0.0557032,8.71873,81.6831,9.18477,68.1094,107.067,-9.46259,61.0755,115.458,2.11758,52.4695,58.853,8.86421,94.2125,
28.7442,12.6844,37.3428,-32.0909,108.937,-0.424672,10.5024,80.1925,7.86064,67.3742,96.2523,-9.13135,65.3809,117.535,5.6387,49.8656,64.1614,9.52814,97.3242,
28.7442,12.6844,37.3428,-32.0909,108.937,-0.424672,10.5024,80.1925,7.86064,67.3742,96.2523,-9.13135,65.3809,117.535,5.6387,49.8656,64.1614,9.52814,97.3242,
27.3031,16.5993,40.0222,-22.9179,107.496,-0.542968,12.3345,80.1925,7.86064,67.3742,90.8963,-9.11761,57.8584,120.215,9.6995,46.554,67.9784,8.46212,96.8414,
27.3031,16.5993,40.0222,-22.9179,107.496,-0.542968,12.3345,80.1925,7.86064,67.3742,90.8963,-9.11761,57.8584,120.215,9.6995,46.554,67.9784,8.46212,96.8414,
20.4753,19.5796,43.8649,-20.7241,108.282,-0.147526,11.1363,87.8068,11.9728,71.9786,88.7025,-10.4072,57.5311,131.672,15.3768,48.826,67.9784,8.46212,96.8414,
20.4753,19.5796,43.8649,-20.7241,108.282,-0.147526,11.1363,87.8068,11.9728,71.9786,88.7025,-10.4072,57.5311,131.672,15.3768,48.826,67.9784,8.46212,96.8414,
19.8763,20.3295,42.5734,-20.7241,109.032,0.00157521,10.2866,89.1556,12.8458,73.7429,88.7025,-10.4072,57.5311,131.729,15.6008,50.423,67.9784,8.46212,96.8414,
19.8763,20.3295,42.5734,-20.7241,109.032,0.00157521,10.2866,89.1556,12.8458,73.7429,88.7025,-10.4072,57.5311,131.729,15.6008,50.423,67.9784,8.46212,96.8414,
19.1275,26.4682,42.4127,-8.84937,108.436,-1.32573,9.44715,89.3088,13.4289,74.7563,81.968,-11.4656,65.8553,131.721,14.8968,51.138,73.1187,7.00595,97.7254,
19.1275,26.4682,42.4127,-8.84937,108.436,-1.32573,9.44715,89.3088,13.4289,74.7563,81.968,-11.4656,65.8553,131.721,14.8968,51.138,73.1187,7.00595,97.7254,
18.452,35.6311,35.4947,2.12296,107.761,-1.72713,10.8734,89.3088,13.4289,74.7563,72.1297,-12.5165,72.3348,124.803,11.1056,53.0855,74.2527,6.8835,97.8693,
18.452,35.6311,35.4947,2.12296,107.761,-1.72713,10.8734,89.3088,13.4289,74.7563,72.1297,-12.5165,72.3348,124.803,11.1056,53.0855,74.2527,6.8835,97.8693,
11.0773,37.8014,19.8902,5.26817,107.84,-0.111963,10.2599,96.7632,12.8422,79.6348,70.0391,-13.0245,73.641,116.653,7.52803,53.8712,75.3073,6.63315,97.9934,
11.0773,37.8014,19.8902,5.26817,107.84,-0.111963,10.2599,96.7632,12.8422,79.6348,70.0391,-13.0245,73.641,116.653,7.52803,53.8712,75.3073,6.63315,97.9934,
8.79671,36.8489,13.5719,8.10294,106.888,-0.33048,10.0544,98.0914,12.5432,79.9228,70.0391,-13.0245,73.641,111.663,5.56025,54.1926,78.1421,5.49613,99.2282,
8.79671,36.8489,13.5719,8.10294,106.888,-0.33048,10.0544,98.0914,12.5432,79.9228,70.0391,-13.0245,73.641,111.663,5.56025,54.1926,78.1421,5.49613,99.2282,
6.68663,38.1415,12.3379,12.2548,106.012,-0.228304,10.265,99.3254,12.4182,80.4046,67.8706,-12.8039,79.4627,111.663,5.56025,54.1926,80.1254,4.75639,98.4323,
6.68663,38.1415,12.3379,12.2548,106.012,-0.228304,10.265,99.3254,12.4182,80.4046,67.8706,-12.8039,79.4627,111.663,5.56025,54.1926,80.1254,4.75639,98.4323,
6.71064,37.6258,1.01996,11.7151,106.036,-0.384658,10.352,99.3254,12.4182,80.4046,68.4103,-11.795,80.6734,100.345,1.12628,52.614,80.1254,4.75639,98.4323,
6.71064,37.6258,1.01996,11.7151,106.036,-0.384658,10.352,99.3254,12.4182,80.4046,68.4103,-11.795,80.6734,100.345,1.12628,52.614,80.1254,4.75639,98.4323,
3.6511,36.8624,-14.1476,11.6206,106.339,0.451687,11.6965,102.688,12.0902,82.3875,69.4769,-10.7707,81.2642,88.5405,-5.36185,50.5774,81.0975,4.26253,97.7633,
3.6511,36.8624,-14.1476,11.6206,106.339,0.451687,11.6965,102.688,12.0902,82.3875,69.4769,-10.7707,81.2642,88.5405,-5.36185,50.5774,81.0975,4.26253,97.7633,
0.357797,34.0259,-28.6883,10.7742,106.472,0.87002,12.5648,106.115,11.7976,83.7663,72.4465,-9.84577,79.8261,77.4262,-13.5446,51.401,83.2207,3.46901,98.2106,
0.357797,34.0259,-28.6883,10.7742,106.472,0.87002,12.5648,106.115,11.7976,83.7663,72.4465,-9.84577,79.8261,77.4262,-13.5446,51.401,83.2207,3.46901,98.2106,
0.279868,33.5233,-34.9455,12.4263,106.862,0.964565,12.7811,106.582,11.855,83.9719,73.3389,-9.73831,79.9578,71.6369,-16.6583,54.6108,85.7652,2.59943,96.8662,
0.279868,33.5233,-34.9455,12.4263,106.862,0.964565,12.7811,106.582,11.855,83.9719,73.3389,-9.73831,79.9578,71.6369,-16.6583,54.6108,85.7652,2.59943,96.8662,
0.654372,37.1249,-44.5391,19.2942,107.237,0.965003,12.9963,106.582,11.855,83.9719,70.1118,-10.3335,79.4963,62.0433,-19.2218,60.5494,89.4061,1.51302,96.5674,
0.654372,37.1249,-44.5391,19.2942,107.237,0.965003,12.9963,106.582,11.855,83.9719,70.1118,-10.3335,79.4963,62.0433,-19.2218,60.5494,89.4061,1.51302,96.5674,
0.185257,39.9895,-46.9696,22.083,107.313,0.995511,13.2924,107.127,10.9654,86.1887,67.3231,-11.9975,79.9949,60.1577,-19.7967,61.796,89.4061,1.51302,96.5674,
0.185257,39.9895,-46.9696,22.083,107.313,0.995511,13.2924,107.127,10.9654,86.1887,67.3231,-11.9975,79.9949,60.1577,-19.7967,61.796,89.4061,1.51302,96.5674,
0.304192,37.6027,-40.216,24.7833,107.07,0.848659,13.9576,106.766,10.5527,87.0883,69.4672,-13.5766,82.0061,66.5496,-19.461,58.1944,94.2505,0.0263501,98.3352,
0.304192,37.6027,-40.216,24.7833,107.07,0.848659,13.9576,106.766,10.5527,87.0883,69.4672,-13.5766,82.0061,66.5496,-19.461,58.1944,94.2505,0.0263501,98.3352,
1.81942,37.5498,-38.6479,30.2611,107.017,0.827703,14.1466,105.198,10.1603,87.4922,69.4672,-13.5766,82.0061,66.5496,-19.461,58.1944,99.7283,-1.61622,98.964,
1.81942,37.5498,-38.6479,30.2611,107.017,0.827703,14.1466,105.198,10.1603,87.4922,69.4672,-13.5766,82.0061,66.5496,-19.461,58.1944,99.7283,-1.61622,98.964,
2.0441,23.1015,-38.6479,20.5318,107.242,0.867119,14.4913,105.198,10.1603,87.4922,84.1401,-11.3137,79.0183,66.5496,-19.461,58.1944,104.672,-4.9757,103.274,
2.0441,23.1015,-38.6479,20.5318,107.242,0.867119,14.4913,105.198,10.1603,87.4922,84.1401,-11.3137,79.0183,66.5496,-19.461,58.1944,104.672,-4.9757,103.274,
11.5565,22.8663,-15.9922,20.5318,107.006,1.48357,13.2833,95.4499,5.56512,89.2685,84.1401,-11.3137,79.0183,79.4577,-18.7033,48.8477,104.672,-4.9757,103.274,
11.5565,22.8663,-15.9922,20.5318,107.006,1.48357,13.2833,95.4499,5.56512,89.2685,84.1401,-11.3137,79.0183,79.4577,-18.7033,48.8477,104.672,-4.9757,103.274,
14.8278,24.0677,-9.68399,29.1213,106.275,1.80286,12.0545,91.4468,5.82914,98.8465,82.2069,-10.9917,76.2159,81.7628,-18.0734,48.7011,111.328,-10.7347,111.678,
14.8278,24.0677,-9.68399,29.1213,106.275,1.80286,12.0545,91.4468,5.82914,98.8465,82.2069,-10.9917,76.2159,81.7628,-18.0734,48.7011,111.328,-10.7347,111.678,
15.8151,21.8995,-8.1366,34.7113,107.262,2.42699,10.4097,91.4468,5.82914,98.8465,85.3624,-11.6107,74.0382,83.3102,-17.0559,49.2992,120.074,-15.4483,112.698,
15.8151,21.8995,-8.1366,34.7113,107.262,2.42699,10.4097,91.4468,5.82914,98.8465,85.3624,-11.6107,74.0382,83.3102,-17.0559,49.2992,120.074,-15.4483,112.698,
23.8022,13.4859,2.03229,25.3652,109.252,3.13111,10.1235,85.4503,6.73553,92.0372,95.7665,-12.967,67.7635,87.4826,-15.149,47.825,121.132,-16.2337,112,
23.8022,13.4859,2.03229,25.3652,109.252,3.13111,10.1235,85.4503,6.73553,92.0372,95.7665,-12.967,67.7635,87.4826,-15.149,47.825,121.132,-16.2337,112,
29.8495,13.424,9.31626,25.3652,109.19,3.52764,9.95729,79.341,6.37745,86.5963,95.7665,-12.967,67.7635,88.6573,-14.4924,47.8762,121.132,-16.2337,112,
29.8495,13.424,9.31626,25.3652,109.19,3.52764,9.95729,79.341,6.37745,86.5963,95.7665,-12.967,67.7635,88.6573,-14.4924,47.8762,121.132,-16.2337,112,
32.2011,7.71211,14.1853,16.6418,107.559,3.85454,9.89684,75.3578,6.72688,84.3176,99.8468,-12.14,62.9476,89.5431,-13.8529,48.4344,116.489,-15.8342,112.175,
32.2011,7.71211,14.1853,16.6418,107.559,3.85454,9.89684,75.3578,6.72688,84.3176,99.8468,-12.14,62.9476,89.5431,-13.8529,48.4344,116.489,-15.8342,112.175,
31.8018,6.46195,15.0139,-0.227356,107.16,3.39336,10.4773,75.3578,6.72688,84.3176,100.698,-12.0113,62.8107,90.3717,-13.2457,49.0237,100.47,-10.6953,110.77,
31.8018,6.46195,15.0139,-0.227356,107.16,3.39336,10.4773,75.3578,6.72688,84.3176,100.698,-12.0113,62.8107,90.3717,-13.2457,49.0237,100.47,-10.6953,110.77,
37.0364,6.56458,22.6018,-1.03352,108.068,3.13994,10.7764,71.032,6.37294,77.6126,101.504,-11.8485,62.588,93.6338,-10.8846,51.0439,100.47,-10.6953,110.77,
37.0364,6.56458,22.6018,-1.03352,108.068,3.13994,10.7764,71.032,6.37294,77.6126,101.504,-11.8485,62.588,93.6338,-10.8846,51.0439,100.47,-10.6953,110.77,
38.5213,7.10174,25.9695,-11.3488,108.606,2.90819,11.0468,70.0842,5.15653,74.8807,101.504,-11.8485,62.588,96.0538,-9.45351,52.4641,90.155,-6.94078,111.478,
38.5213,7.10174,25.9695,-11.3488,108.606,2.90819,11.0468,70.0842,5.15653,74.8807,101.504,-11.8485,62.588,96.0538,-9.45351,52.4641,90.155,-6.94078,111.478,
37.3951,2.59757,25.6937,-26.4824,107.755,2.33232,9.64854,70.3601,3.65276,73.2284,105.158,-10.5328,59.8222,96.0538,-9.45351,52.4641,78.6752,-1.97346,111,
37.3951,2.59757,25.6937,-26.4824,107.755,2.33232,9.64854,70.3601,3.65276,73.2284,105.158,-10.5328,59.8222,96.0538,-9.45351,52.4641,78.6752,-1.97346,111,
36.9826,-0.928567,27.9722,-35.6351,107.343,1.72505,8.19518,70.3601,3.65276,73.2284,108.271,-9.43933,57.7749,98.3323,-8.0498,53.3629,72.6361,0.826672,110.005,
36.9826,-0.928567,27.9722,-35.6351,107.343,1.72505,8.19518,70.3601,3.65276,73.2284,108.271,-9.43933,57.7749,98.3323,-8.0498,53.3629,72.6361,0.826672,110.005,
37.7282,-1.57246,27.9722,-43.1588,108.088,1.83768,7.71264,70.3601,3.65276,73.2284,109.661,-8.96132,56.9611,98.3323,-8.0498,53.3629,66.5019,3.39941,107.976,
37.7282,-1.57246,27.9722,-43.1588,108.088,1.83768,7.71264,70.3601,3.65276,73.2284,109.661,-8.96132,56.9611,98.3323,-8.0498,53.3629,66.5019,3.39941,107.976,
34.7522,-0.107888,26.7808,-54.9372,109.553,1.81832,7.49998,74.8007,4.91934,76.8948,109.661,-8.96132,56.9611,101.582,-6.13262,53.1097,54.7236,7.29902,106.447,
34.7522,-0.107888,26.7808,-54.9372,109.553,1.81832,7.49998,74.8007,4.91934,76.8948,109.661,-8.96132,56.9611,101.582,-6.13262,53.1097,54.7236,7.29902,106.447,
37.4548,-2.34904,30.3712,-66.5566,109.786,1.27074,7.01211,72.331,5.45536,76.4247,112.135,-8.14082,56.1167,102.702,-5.42693,53.0087,45.5782,10.2016,103.786,
37.4548,-2.34904,30.3712,-66.5566,109.786,1.27074,7.01211,72.331,5.45536,76.4247,112.135,-8.14082,56.1167,102.702,-5.42693,53.0087,45.5782,10.2016,103.786,
37.5093,-2.2945,34.8544,-65.4875,109.84,1.53205,5.56785,72.331,5.45536,76.4247,112.135,-8.14082,56.1167,107.185,-2.65342,53.1102,46.6474,12.0567,104.892,
37.5093,-2.2945,34.8544,-65.4875,109.84,1.53205,5.56785,72.331,5.45536,76.4247,112.135,-8.14082,56.1167,107.185,-2.65342,53.1102,46.6474,12.0567,104.892,
38.1773,-0.52808,38.3804,-65.1479,111.267,2.75837,7.09919,73.0899,8.44261,77.0257,111.795,-8.0075,55.7032,111.47,0.0878571,53.3903,46.6474,12.0567,104.892,
38.1773,-0.52808,38.3804,-65.1479,111.267,2.75837,7.09919,73.0899,8.44261,77.0257,111.795,-8.0075,55.7032,111.47,0.0878571,53.3903,46.6474,12.0567,104.892,
32.083,-0.784077,34.9268,-59.3541,111.011,3.14729,7.06869,78.9282,9.0457,78.675,111.795,-8.0075,55.7032,113.855,1.97703,52.7211,52.4412,15.3816,106.105,
32.083,-0.784077,34.9268,-59.3541,111.011,3.14729,7.06869,78.9282,9.0457,78.675,111.795,-8.0075,55.7032,113.855,1.97703,52.7211,52.4412,15.3816,106.105,
28.1795,7.49746,31.0697,-47.6918,110.965,3.21078,6.59551,82.7853,9.17327,76.1754,103.467,-7.58149,57.6606,113.855,1.97703,52.7211,55.7755,11.5059,104.011,
28.1795,7.49746,31.0697,-47.6918,110.965,3.21078,6.59551,82.7853,9.17327,76.1754,103.467,-7.58149,57.6606,113.855,1.97703,52.7211,55.7755,11.5059,104.011,
28.5151,15.8669,37.6944,-34.5105,111.3,3.51196,5.81343,82.7853,9.17327,76.1754,95.4336,-6.38507,58.8037,120.48,11.2849,46.3993,60.923,11.6809,106.591,
28.5151,15.8669,37.6944,-34.5105,111.3,3.51196,5.81343,82.7853,9.17327,76.1754,95.4336,-6.38507,58.8037,120.48,11.2849,46.3993,60.923,11.6809,106.591,
29.2132,17.2221,46.9972,-32.8253,110.97,2.84991,8.78217,81.7572,6.95786,74.0936,93.7483,-6.09653,56.6714,128.754,16.4023,46.4139,60.923,11.6809,106.591,
29.2132,17.2221,46.9972,-32.8253,110.97,2.84991,8.78217,81.7572,6.95786,74.0936,93.7483,-6.09653,56.6714,128.754,16.4023,46.4139,60.923,11.6809,106.591,
24.8722,16.1352,46.1681,-28.6641,109.884,2.49626,9.60276,85.0113,8.4964,74.5567,93.7483,-6.09653,56.6714,131.179,18.1028,47.4242,65.0842,11.0385,105.566,
24.8722,16.1352,46.1681,-28.6641,109.884,2.49626,9.60276,85.0113,8.4964,74.5567,93.7483,-6.09653,56.6714,131.179,18.1028,47.4242,65.0842,11.0385,105.566,
22.1674,26.9472,41.4075,-15.9125,111.939,3.62915,6.85903,89.772,9.95399,75.372,84.9922,-9.2276,58.7616,131.179,18.1028,47.4242,69.0796,9.26284,105.9,
22.1674,26.9472,41.4075,-15.9125,111.939,3.62915,6.85903,89.772,9.95399,75.372,84.9922,-9.2276,58.7616,131.179,18.1028,47.4242,69.0796,9.26284,105.9,
23.1846,35.5895,39.9578,-7.13495,112.957,3.51161,5.59075,89.772,9.95399,75.372,77.3671,-10.1175,64.8474,129.73,14.0655,51.536,70.2321,9.09842,106.006,
23.1846,35.5895,39.9578,-7.13495,112.957,3.51161,5.59075,89.772,9.95399,75.372,77.3671,-10.1175,64.8474,129.73,14.0655,51.536,70.2321,9.09842,106.006,
16.3867,34.4037,31.485,-7.13495,111.771,2.33111,7.76304,95.384,11.6683,81.9697,77.3671,-10.1175,64.8474,126.869,12.5159,52.4032,70.2321,9.09842,106.006,
16.3867,34.4037,31.485,-7.13495,111.771,2.33111,7.76304,95.384,11.6683,81.9697,77.3671,-10.1175,64.8474,126.869,12.5159,52.4032,70.2321,9.09842,106.006,
12.9198,37.6396,25.6123,-2.81176,110.684,2.22664,8.49072,97.7637,11.2329,83.909,73.0439,-11.7037,68.6339,123.376,10.7216,53.1035,70.2321,9.09842,106.006,
12.9198,37.6396,25.6123,-2.81176,110.684,2.22664,8.49072,97.7637,11.2329,83.909,73.0439,-11.7037,68.6339,123.376,10.7216,53.1035,70.2321,9.09842,106.006,
11.5579,38.0197,23.8703,2.00552,111.064,4.16338,6.85278,99.5057,10.7619,84.8674,73.0439,-11.7037,68.6339,123.376,10.7216,53.1035,75.0494,6.42247,101.698,
11.5579,38.0197,23.8703,2.00552,111.064,4.16338,6.85278,99.5057,10.7619,84.8674,73.0439,-11.7037,68.6339,123.376,10.7216,53.1035,75.0494,6.42247,101.698,
11.1461,41.7991,3.99651,7.55141,110.652,4.15549,7.25518,99.5057,10.7619,84.8674,68.8528,-12.6417,76.5199,103.502,2.49956,52.6471,76.4042,5.80891,100.994,
11.1461,41.7991,3.99651,7.55141,110.652,4.15549,7.25518,99.5057,10.7619,84.8674,68.8528,-12.6417,76.5199,103.502,2.49956,52.6471,76.4042,5.80891,100.994,
6.96334,41.6939,-6.03998,7.55141,110.547,4.51702,9.30792,103.583,10.2376,89.3109,68.8528,-12.6417,76.5199,97.5433,-0.245963,51.5815,76.4042,5.80891,100.994,
6.96334,41.6939,-6.03998,7.55141,110.547,4.51702,9.30792,103.583,10.2376,89.3109,68.8528,-12.6417,76.5199,97.5433,-0.245963,51.5815,76.4042,5.80891,100.994,
4.08279,41.4386,-14.8242,12.6871,110.585,4.86542,10.4046,106.503,10.0387,91.2599,69.1469,-10.7266,80.5379,91.6784,-3.60301,50.2827,81.8339,4.18,101.227,
4.08279,41.4386,-14.8242,12.6871,110.585,4.86542,10.4046,106.503,10.0387,91.2599,69.1469,-10.7266,80.5379,91.6784,-3.60301,50.2827,81.8339,4.18,101.227,
4.16249,38.0618,-14.8242,10.5857,110.665,5.17524,11.8603,106.503,10.0387,91.2599,72.6033,-9.20285,81.0949,91.6784,-3.60301,50.2827,83.189,3.90022,101.439,
4.16249,38.0618,-14.8242,10.5857,110.665,5.17524,11.8603,106.503,10.0387,91.2599,72.6033,-9.20285,81.0949,91.6784,-3.60301,50.2827,83.189,3.90022,101.439,
4.18834,38.0877,-31.4255,12.0761,110.691,5.0395,12.3552,106.503,10.0387,91.2599,72.6033,-9.20285,81.0949,75.0771,-15.5111,52.627,84.6795,3.61633,101.644,
4.18834,38.0877,-31.4255,12.0761,110.691,5.0395,12.3552,106.503,10.0387,91.2599,72.6033,-9.20285,81.0949,75.0771,-15.5111,52.627,84.6795,3.61633,101.644,
3.0547,38.0471,-42.9856,11.9565,110.77,4.80921,13.2447,107.715,9.88219,92.2953,72.723,-9.15042,81.6169,64.7298,-18.6978,60.1334,84.6795,3.61633,101.644,
3.0547,38.0471,-42.9856,11.9565,110.77,4.80921,13.2447,107.715,9.88219,92.2953,72.723,-9.15042,81.6169,64.7298,-18.6978,60.1334,84.6795,3.61633,101.644,
2.49656,42.54,-45.3257,25.9473,110.154,4.6061,14.4719,107.658,9.45649,93.3195,67.6142,-10.2414,81.0086,62.3319,-19.7631,61.6913,93.5614,1.11702,102.048,
2.49656,42.54,-45.3257,25.9473,110.154,4.6061,14.4719,107.658,9.45649,93.3195,67.6142,-10.2414,81.0086,62.3319,-19.7631,61.6913,93.5614,1.11702,102.048,
1.17306,35.9015,-45.3257,23.4704,108.831,4.04566,16.1648,107.658,9.45649,93.3195,72.9291,-12.1099,82.7841,62.3319,-19.7631,61.6913,96.3995,0.324885,102.196,
1.17306,35.9015,-45.3257,23.4704,108.831,4.04566,16.1648,107.658,9.45649,93.3195,72.9291,-12.1099,82.7841,62.3319,-19.7631,61.6913,96.3995,0.324885,102.196,
4.64664,29.6567,-31.0861,20.1561,108.919,4.09566,17.0151,104.272,8.75856,94.1449,79.2624,-12.13,78.9713,73.1863,-20.0703,53.8983,99.4184,-0.57133,102.957,
4.64664,29.6567,-31.0861,20.1561,108.919,4.09566,17.0151,104.272,8.75856,94.1449,79.2624,-12.13,78.9713,73.1863,-20.0703,53.8983,99.4184,-0.57133,102.957,
13.1321,29.9304,-19.7034,20.1561,109.193,4.62866,16.435,96.0607,5.88712,92.9639,79.2624,-12.13,78.9713,76.3572,-18.5835,52.8344,99.4184,-0.57133,102.957,
13.1321,29.9304,-19.7034,20.1561,109.193,4.62866,16.435,96.0607,5.88712,92.9639,79.2624,-12.13,78.9713,76.3572,-18.5835,52.8344,99.4184,-0.57133,102.957,
13.0305,26.6285,-16.7776,22.4126,109.091,5.09963,14.9633,96.0607,5.88712,92.9639,82.4627,-10.1149,81.4868,79.2831,-18.0332,51.7582,104.875,-4.06252,109.312,
13.0305,26.6285,-16.7776,22.4126,109.091,5.09963,14.9633,96.0607,5.88712,92.9639,82.4627,-10.1149,81.4868,79.2831,-18.0332,51.7582,104.875,-4.06252,109.312,
14.5415,21.748,-10.7205,33.0949,108.896,5.38257,14.0815,94.355,5.00678,98.4974,87.1485,-11.9153,79.168,83.6345,-16.5566,52.4129,120.243,-13.4752,116.804,
14.5415,21.748,-10.7205,33.0949,108.896,5.38257,14.0815,94.355,5.00678,98.4974,87.1485,-11.9153,79.168,83.6345,-16.5566,52.4129,120.243,-13.4752,116.804,
19.42,17.9112,-2.0675,29.2055,108.949,6.54199,11.8083,89.5291,6.29193,103.339,91.0379,-12.1789,77.6295,87.4616,-13.6957,53.6333,120.243,-13.4752,116.804,
19.42,17.9112,-2.0675,29.2055,108.949,6.54199,11.8083,89.5291,6.29193,103.339,91.0379,-12.1789,77.6295,87.4616,-13.6957,53.6333,120.243,-13.4752,116.804,
29.2586,17.6465,9.23329,29.9884,108.684,7.10865,12.3936,79.4258,6.85129,93.9032,91.0379,-12.1789,77.6295,88.6591,-13.3398,53.1645,121.026,-14.7507,114.717,
29.2586,17.6465,9.23329,29.9884,108.684,7.10865,12.3936,79.4258,6.85129,93.9032,91.0379,-12.1789,77.6295,88.6591,-13.3398,53.1645,121.026,-14.7507,114.717,
28.8786,9.32606,11.5696,19.3045,105.968,6.39832,14.7222,77.0896,7.27286,93.2168,96.6421,-11.9338,74.6636,88.6591,-13.3398,53.1645,115.947,-13.716,115.492,
28.8786,9.32606,11.5696,19.3045,105.968,6.39832,14.7222,77.0896,7.27286,93.2168,96.6421,-11.9338,74.6636,88.6591,-13.3398,53.1645,115.947,-13.716,115.492,
28.9404,8.02979,14.0496,10.6732,106.03,5.57192,16.0388,77.0896,7.27286,93.2168,98.0001,-11.2928,73.7645,91.1392,-11.9994,54.5671,108.673,-11.0008,114.281,
28.9404,8.02979,14.0496,10.6732,106.03,5.57192,16.0388,77.0896,7.27286,93.2168,98.0001,-11.2928,73.7645,91.1392,-11.9994,54.5671,108.673,-11.0008,114.281,
34.8313,7.68719,21.5144,9.66426,106.696,5.4361,17.108,71.865,8.78849,91.8236,99.0091,-11.0171,73.152,93.3794,-10.6264,55.4099,108.673,-11.0008,114.281,
34.8313,7.68719,21.5144,9.66426,106.696,5.4361,17.108,71.865,8.78849,91.8236,99.0091,-11.0171,73.152,93.3794,-10.6264,55.4099,108.673,-11.0008,114.281,
36.3162,7.43485,23.2517,9.66426,106.444,5.49454,17.192,70.1277,8.55756,89.0731,99.0091,-11.0171,73.152,93.3794,-10.6264,55.4099,108.673,-11.0008,114.281,
36.3162,7.43485,23.2517,9.66426,106.444,5.49454,17.192,70.1277,8.55756,89.0731,99.0091,-11.0171,73.152,93.3794,-10.6264,55.4099,108.673,-11.0008,114.281,
38.0634,1.47336,27.2192,-21.9016,105.387,5.2512,17.3692,67.3232,5.8747,82.0493,103.913,-10.288,70.1007,94.5424,-9.85365,56.1576,82.0116,-1.58347,115.97,
38.0634,1.47336,27.2192,-21.9016,105.387,5.2512,17.3692,67.3232,5.8747,82.0493,103.913,-10.288,70.1007,94.5424,-9.85365,56.1576,82.0116,-1.58347,115.97,
37.3096,-1.88014,32.1509,-30.6046,104.633,3.8641,15.4159,67.3232,5.8747,82.0493,106.513,-9.51941,68.3616,99.4741,-7.21762,57.8717,75.9082,0.859827,116.328,
37.3096,-1.88014,32.1509,-30.6046,104.633,3.8641,15.4159,67.3232,5.8747,82.0493,106.513,-9.51941,68.3616,99.4741,-7.21762,57.8717,75.9082,0.859827,116.328,
35.1191,-1.0322,30.3024,-30.6046,105.481,3.94869,14.9191,70.3616,3.07113,82.1603,106.513,-9.51941,68.3616,100.664,-6.62508,57.9067,75.9082,0.859827,116.328,
35.1191,-1.0322,30.3024,-30.6046,105.481,3.94869,14.9191,70.3616,3.07113,82.1603,106.513,-9.51941,68.3616,100.664,-6.62508,57.9067,75.9082,0.859827,116.328,
33.3409,-0.833375,29.475,-48.7687,105.68,3.55659,14.7862,72.3386,3.77754,83.1678,106.513,-9.51941,68.3616,101.814,-5.98961,57.8016,57.7442,8.24496,112.315,
33.3409,-0.833375,29.475,-48.7687,105.68,3.55659,14.7862,72.3386,3.77754,83.1678,106.513,-9.51941,68.3616,101.814,-5.98961,57.8016,57.7442,8.24496,112.315,
31.5152,-4.63474,28.1328,-62.6278,105.196,3.47189,13.1655,73.6808,4.3383,83.6188,109.831,-8.35544,69.1402,101.814,-5.98961,57.8016,47.2029,10.1227,106.935,
31.5152,-4.63474,28.1328,-62.6278,105.196,3.47189,13.1655,73.6808,4.3383,83.6188,109.831,-8.35544,69.1402,101.814,-5.98961,57.8016,47.2029,10.1227,106.935,
31.5266,-4.71677,30.7056,-62.7213,105.207,3.57183,13.2827,73.6808,4.3383,83.6188,109.924,-8.35667,68.9378,104.386,-4.40488,57.5458,47.2029,10.1227,106.935,
31.5266,-4.71677,30.7056,-62.7213,105.207,3.57183,13.2827,73.6808,4.3383,83.6188,109.924,-8.35667,68.9378,104.386,-4.40488,57.5458,47.2029,10.1227,106.935,
38.594,-4.5749,43.1977,-65.8074,105.409,4.3161,14.6487,66.8155,5.25768,78.5732,109.984,-8.3775,68.6325,110.013,-1.19493,57.9856,44.1769,10.8319,105.389,
38.594,-4.5749,43.1977,-65.8074,105.409,4.3161,14.6487,66.8155,5.25768,78.5732,109.984,-8.3775,68.6325,110.013,-1.19493,57.9856,44.1769,10.8319,105.389,
28.9687,0.463206,36.0972,-52.4837,105.274,5.22884,14.1305,76.3049,7.22288,83.0814,104.81,-8.33168,69.757,112.402,0.236901,57.9293,52.3267,12.9936,107.545,
28.9687,0.463206,36.0972,-52.4837,105.274,5.22884,14.1305,76.3049,7.22288,83.0814,104.81,-8.33168,69.757,112.402,0.236901,57.9293,52.3267,12.9936,107.545,
29.0378,5.12012,36.0972,-45.167,105.343,5.06283,13.5564,76.3049,7.22288,83.0814,100.223,-8.14103,71.458,112.402,0.236901,57.9293,55.0556,11.7289,108.494,
29.0378,5.12012,36.0972,-45.167,105.343,5.06283,13.5564,76.3049,7.22288,83.0814,100.223,-8.14103,71.458,112.402,0.236901,57.9293,55.0556,11.7289,108.494,
28.2304,11.4179,45.6585,-35.4432,104.535,4.65293,15.0184,76.3049,7.22288,83.0814,93.1174,-7.02338,72.1716,121.963,12.209,50.4364,57.6742,11.7677,109.957,
28.2304,11.4179,45.6585,-35.4432,104.535,4.65293,15.0184,76.3049,7.22288,83.0814,93.1174,-7.02338,72.1716,121.963,12.209,50.4364,57.6742,11.7677,109.957,
22.5282,10.9518,44.5105,-35.4432,104.069,4.79066,14.5781,81.541,6.68408,82.5466,93.1174,-7.02338,72.1716,126.052,15.5212,49.2426,57.6742,11.7677,109.957,
22.5282,10.9518,44.5105,-35.4432,104.069,4.79066,14.5781,81.541,6.68408,82.5466,93.1174,-7.02338,72.1716,126.052,15.5212,49.2426,57.6742,11.7677,109.957,
22.221,14.251,47.981,-27.9255,104.757,4.93455,12.7849,82.5365,8.12374,83.4525,90.5064,-7.48273,65.4136,130.517,17.5448,49.6954,62.5809,11.874,111.479,
22.221,14.251,47.981,-27.9255,104.757,4.93455,12.7849,82.5365,8.12374,83.4525,90.5064,-7.48273,65.4136,130.517,17.5448,49.6954,62.5809,11.874,111.479,
19.3683,18.9487,47.8618,-18.7757,105.069,4.559,11.4281,85.7009,9.31007,83.4179,86.1205,-9.63152,65.7538,133.563,19.0564,51.5431,67.3448,10.3224,111.421,
19.3683,18.9487,47.8618,-18.7757,105.069,4.559,11.4281,85.7009,9.31007,83.4179,86.1205,-9.63152,65.7538,133.563,19.0564,51.5431,67.3448,10.3224,111.421,
13.3485,25.5326,40.51,-10.3011,104.36,3.41679,11.7714,91.0118,10.8938,86.7135,78.8276,-10.3422,72.566,131.522,17.8951,51.8256,68.5265,10.0842,111.962,
13.3485,25.5326,40.51,-10.3011,104.36,3.41679,11.7714,91.0118,10.8938,86.7135,78.8276,-10.3422,72.566,131.522,17.8951,51.8256,68.5265,10.0842,111.962,
10.0544,25.3654,35.2435,-10.3011,104.193,3.94468,12.6533,94.1386,10.6243,89.2461,78.8276,-10.3422,72.566,129.382,17.0505,51.8148,68.5265,10.0842,111.962,
10.0544,25.3654,35.2435,-10.3011,104.193,3.94468,12.6533,94.1386,10.6243,89.2461,78.8276,-10.3422,72.566,129.382,17.0505,51.8148,68.5265,10.0842,111.962,
9.70787,32.2862,31.0307,0.212821,105.089,4.88767,11.9008,95.3816,10.3792,90.5789,72.8032,-12.7833,75.1634,126.412,15.4453,52.0011,73.0161,8.98256,114.849,
9.70787,32.2862,31.0307,0.212821,105.089,4.88767,11.9008,95.3816,10.3792,90.5789,72.8032,-12.7833,75.1634,126.412,15.4453,52.0011,73.0161,8.98256,114.849,
8.82978,33.0809,24.0469,3.04966,104.211,4.71497,11.9983,95.3816,10.3792,90.5789,71.1304,-14.7679,78.352,119.428,10.5059,54.9673,74.1801,8.54349,115.014,
8.82978,33.0809,24.0469,3.04966,104.211,4.71497,11.9983,95.3816,10.3792,90.5789,71.1304,-14.7679,78.352,119.428,10.5059,54.9673,74.1801,8.54349,115.014,
6.49482,34.5406,7.34553,5.90004,104.09,4.74011,12.767,97.5953,10.2657,91.8546,69.5496,-14.7805,81.1996,104.941,2.53853,59.2367,75.4496,8.06837,115.024,
6.49482,34.5406,7.34553,5.90004,104.09,4.74011,12.767,97.5953,10.2657,91.8546,69.5496,-14.7805,81.1996,104.941,2.53853,59.2367,75.4496,8.06837,115.024,
4.10626,34.7127,4.78489,5.90004,104.262,4.89451,13.0817,100.156,10.6592,93.7002,69.5496,-14.7805,81.1996,104.941,2.53853,59.2367,75.4496,8.06837,115.024,
4.10626,34.7127,4.78489,5.90004,104.262,4.89451,13.0817,100.156,10.6592,93.7002,69.5496,-14.7805,81.1996,104.941,2.53853,59.2367,75.4496,8.06837,115.024,
1.05148,36.6608,-4.46494,12.7387,104.526,5.08984,13.4197,103.475,10.6386,95.7227,67.8656,-10.7123,89.5978,99.01,0.103792,59.3531,80.6043,5.44207,112.956,
1.05148,36.6608,-4.46494,12.7387,104.526,5.08984,13.4197,103.475,10.6386,95.7227,67.8656,-10.7123,89.5978,99.01,0.103792,59.3531,80.6043,5.44207,112.956,
2.09721,36.3984,-21.5839,14.0887,105.572,6.04794,15.2613,103.475,10.6386,95.7227,69.1738,-10.1198,89.4146,81.891,-9.65523,60.0975,83.2625,4.16297,110.516,
2.09721,36.3984,-21.5839,14.0887,105.572,6.04794,15.2613,103.475,10.6386,95.7227,69.1738,-10.1198,89.4146,81.891,-9.65523,60.0975,83.2625,4.16297,110.516,
-1.51809,35.3346,-35.7869,12.9317,105.665,6.08302,16.3347,107.183,10.3601,96.8704,70.3308,-10.0064,89.12,71.3965,-16.1467,63.1276,83.2625,4.16297,110.516,
-1.51809,35.3346,-35.7869,12.9317,105.665,6.08302,16.3347,107.183,10.3601,96.8704,70.3308,-10.0064,89.12,71.3965,-16.1467,63.1276,83.2625,4.16297,110.516,
-1.58699,35.4527,-40.7625,15.8583,105.783,5.88491,17.1695,107.37,10.3564,97.1445,70.3308,-10.0064,89.12,66.608,-17.8749,65.689,86.1891,3.11509,112.318,
-1.58699,35.4527,-40.7625,15.8583,105.783,5.88491,17.1695,107.37,10.3564,97.1445,70.3308,-10.0064,89.12,66.608,-17.8749,65.689,86.1891,3.11509,112.318,
-1.76848,41.6153,-41.0081,25.9977,105.848,5.74165,17.4703,107.616,10.3148,97.5985,64.2322,-14.0001,88.1773,66.608,-17.8749,65.689,90.23,1.9349,112.124,
-1.76848,41.6153,-41.0081,25.9977,105.848,5.74165,17.4703,107.616,10.3148,97.5985,64.2322,-14.0001,88.1773,66.608,-17.8749,65.689,90.23,1.9349,112.124,
-1.73502,42.0492,-41.0081,28.7264,105.881,5.65221,17.6339,107.616,10.3148,97.5985,63.8318,-14.4644,89.9577,66.608,-17.8749,65.689,92.5582,1.25077,112.13,
-1.73502,42.0492,-41.0081,28.7264,105.881,5.65221,17.6339,107.616,10.3148,97.5985,63.8318,-14.4644,89.9577,66.608,-17.8749,65.689,92.5582,1.25077,112.13,
-1.40717,39.8875,-36.5362,28.6955,106.28,5.59921,18.3793,107.687,10.0468,96.998,66.3925,-14.0044,90.3403,71.151,-19.2826,63.9999,95.0879,0.52308,112.158,
-1.40717,39.8875,-36.5362,28.6955,106.28,5.59921,18.3793,107.687,10.0468,96.998,66.3925,-14.0044,90.3403,71.151,-19.2826,63.9999,95.0879,0.52308,112.158,
6.64224,40.7571,-24.8058,34.1982,107.15,5.72708,19.3146,100.507,8.64462,94.941,66.3925,-14.0044,90.3403,75.7015,-18.8198,60.9654,100.591,-1.34602,114.644,
6.64224,40.7571,-24.8058,34.1982,107.15,5.72708,19.3146,100.507,8.64462,94.941,66.3925,-14.0044,90.3403,75.7015,-18.8198,60.9654,100.591,-1.34602,114.644,
7.86353,26.6125,-22.3557,29.548,105.921,6.40627,17.2504,98.0572,7.56258,94.2034,79.3082,-11.0632,90.8957,75.7015,-18.8198,60.9654,108.856,-8.40275,123.684,
7.86353,26.6125,-22.3557,29.548,105.921,6.40627,17.2504,98.0572,7.56258,94.2034,79.3082,-11.0632,90.8957,75.7015,-18.8198,60.9654,108.856,-8.40275,123.684,
11.2004,26.3453,-9.65727,34.0442,105.722,6.89127,15.5014,94.5216,5.334,103.949,79.3767,-11.4084,90.2365,84.8643,-15.2221,56.6454,113.421,-10.7784,125.494,
11.2004,26.3453,-9.65727,34.0442,105.722,6.89127,15.5014,94.5216,5.334,103.949,79.3767,-11.4084,90.2365,84.8643,-15.2221,56.6454,113.421,-10.7784,125.494,
17.7695,28.3467,-3.75529,34.0442,107.723,8.46381,13.4373,89.9539,6.33517,108.512,79.3767,-11.4084,90.2365,86.1986,-13.9951,57.4459,113.421,-10.7784,125.494,
17.7695,28.3467,-3.75529,34.0442,107.723,8.46381,13.4373,89.9539,6.33517,108.512,79.3767,-11.4084,90.2365,86.1986,-13.9951,57.4459,113.421,-10.7784,125.494,
20.8282,28.3068,0.653354,40.4418,107.683,9.31972,12.8426,86.8552,6.81971,104.965,79.3767,-11.4084,90.2365,87.5086,-12.9812,57.4364,119.818,-14.1516,130.39,
20.8282,28.3068,0.653354,40.4418,107.683,9.31972,12.8426,86.8552,6.81971,104.965,79.3767,-11.4084,90.2365,87.5086,-12.9812,57.4364,119.818,-14.1516,130.39,
23.4254,16.6445,4.1726,28.0915,106.761,9.25115,12.9241,83.336,6.73889,101.076,90.1169,-13.7359,84.4577,87.5086,-12.9812,57.4364,118.208,-15.9039,131.461,
23.4254,16.6445,4.1726,28.0915,106.761,9.25115,12.9241,83.336,6.73889,101.076,90.1169,-13.7359,84.4577,87.5086,-12.9812,57.4364,118.208,-15.9039,131.461,
27.5831,11.2019,14.9849,21.4543,105.146,8.80433,13.564,77.5632,6.34157,98.5454,93.9444,-14.5287,80.708,92.5481,-11.256,53.3312,115.399,-15.3472,131.611,
27.5831,11.2019,14.9849,21.4543,105.146,8.80433,13.564,77.5632,6.34157,98.5454,93.9444,-14.5287,80.708,92.5481,-11.256,53.3312,115.399,-15.3472,131.611,
32.241,11.9197,19.8485,21.4543,105.864,8.15584,15.203,73.6231,6.58896,96.6083,93.9444,-14.5287,80.708,93.4717,-10.684,53.626,115.399,-15.3472,131.611,
32.241,11.9197,19.8485,21.4543,105.864,8.15584,15.203,73.6231,6.58896,96.6083,93.9444,-14.5287,80.708,93.4717,-10.684,53.626,115.399,-15.3472,131.611,
34.7957,10.1906,22.4045,10.5533,106.925,7.82345,15.8028,72.1289,7.27495,93.93,96.734,-13.3738,77.7594,94.5335,-10.0324,54.0064,107.287,-12.9704,132.415,
34.7957,10.1906,22.4045,10.5533,106.925,7.82345,15.8028,72.1289,7.27495,93.93,96.734,-13.3738,77.7594,94.5335,-10.0324,54.0064,107.287,-12.9704,132.415,
33.0587,4.7294,22.4045,-8.51806,105.188,7.12865,13.3857,72.1289,7.27495,93.93,100.458,-12.7009,74.9791,94.5335,-10.0324,54.0064,91.9402,-7.23024,130.428,
33.0587,4.7294,22.4045,-8.51806,105.188,7.12865,13.3857,72.1289,7.27495,93.93,100.458,-12.7009,74.9791,94.5335,-10.0324,54.0064,91.9402,-7.23024,130.428,
35.6552,3.45245,29.1794,-15.9571,105.571,6.48358,11.6533,69.916,5.12514,89.3209,102.119,-12.3278,73.7753,99.0954,-7.33027,58.1468,86.1616,-5.07952,129.869,
35.6552,3.45245,29.1794,-15.9571,105.571,6.48358,11.6533,69.916,5.12514,89.3209,102.119,-12.3278,73.7753,99.0954,-7.33027,58.1468,86.1616,-5.07952,129.869,
36.67,3.88605,30.8876,-15.9571,106.005,6.44423,11.431,69.3348,3.76631,86.8897,102.119,-12.3278,73.7753,100.222,-6.80739,58.8391,86.1616,-5.07952,129.869,
36.67,3.88605,30.8876,-15.9571,106.005,6.44423,11.431,69.3348,3.76631,86.8897,102.119,-12.3278,73.7753,100.222,-6.80739,58.8391,86.1616,-5.07952,129.869,
34.4713,1.19805,29.2377,-43.3822,106.585,6.27389,11.2177,72.1137,3.0793,88.2869,105.387,-11.5088,72.4137,101.351,-6.2798,59.1398,62.0048,5.50129,126.188,
34.4713,1.19805,29.2377,-43.3822,106.585,6.27389,11.2177,72.1137,3.0793,88.2869,105.387,-11.5088,72.4137,101.351,-6.2798,59.1398,62.0048,5.50129,126.188,
