40.7882,10.7767,23.0183,-7.3783,112.004,-4.14137,14.4332,71.2158,7.4643,86.9946,101.227,-13.3491,71.3872,94.2341,-12.7463,54.3367,93.849,-3.18095,100.099,
40.7882,10.7767,23.0183,-7.3783,112.004,-4.14137,14.4332,71.2158,7.4643,86.9946,101.227,-13.3491,71.3872,94.2341,-12.7463,54.3367,93.849,-3.18095,100.099,
42.1136,10.2584,24.8621,-7.3783,111.486,-4.57536,14.0493,69.3721,4.34503,81.0535,101.227,-13.3491,71.3872,94.2341,-12.7463,54.3367,93.849,-3.18095,100.099,
42.1136,10.2584,24.8621,-7.3783,111.486,-4.57536,14.0493,69.3721,4.34503,81.0535,101.227,-13.3491,71.3872,94.2341,-12.7463,54.3367,93.849,-3.18095,100.099,
37.8818,4.74894,25.5571,-30.1483,111.069,-5.37276,13.5068,73.187,3.03767,82.7381,106.32,-11.9842,68.1267,98.7441,-10.1723,57.5269,76.1716,4.86938,98.7062,
37.8818,4.74894,25.5571,-30.1483,111.069,-5.37276,13.5068,73.187,3.03767,82.7381,106.32,-11.9842,68.1267,98.7441,-10.1723,57.5269,76.1716,4.86938,98.7062,
38.6687,4.1855,27.8459,-42.2126,111.856,-5.39196,13.6339,73.187,3.03767,82.7381,107.67,-11.4736,67.536,101.033,-8.95524,56.9547,65.4576,8.68788,94.0941,
38.6687,4.1855,27.8459,-42.2126,111.856,-5.39196,13.6339,73.187,3.03767,82.7381,107.67,-11.4736,67.536,101.033,-8.95524,56.9547,65.4576,8.68788,94.0941,
43.4307,1.70432,32.7318,-51.9126,111.732,-5.32933,13.8574,68.3011,5.24866,81.6351,110.027,-10.572,66.1281,101.033,-8.95524,56.9547,58.1149,11.399,92.0505,
43.4307,1.70432,32.7318,-51.9126,111.732,-5.32933,13.8574,68.3011,5.24866,81.6351,110.027,-10.572,66.1281,101.033,-8.95524,56.9547,58.1149,11.399,92.0505,
44.7383,0.860482,37.2989,-52.3447,111.32,-5.08072,13.2284,66.5817,5.20253,79.5233,110.46,-10.5387,65.5063,103.881,-7.16671,56.6476,58.1149,11.399,92.0505,
44.7383,0.860482,37.2989,-52.3447,111.32,-5.08072,13.2284,66.5817,5.20253,79.5233,110.46,-10.5387,65.5063,103.881,-7.16671,56.6476,58.1149,11.399,92.0505,
44.303,0.739559,40.5329,-51.3387,111.619,-4.68701,12.9824,67.3163,5.74661,79.8381,110.88,-10.4332,64.7298,107.849,-4.89359,56.6797,59.541,12.5052,93.1068,
44.303,0.739559,40.5329,-51.3387,111.619,-4.68701,12.9824,67.3163,5.74661,79.8381,110.88,-10.4332,64.7298,107.849,-4.89359,56.6797,59.541,12.5052,93.1068,
44.4227,0.859302,42.6971,-48.5642,111.739,-4.49073,12.9143,67.3163,5.74661,79.8381,110.88,-10.4332,64.7298,110.013,-3.54726,56.5383,62.3155,13.4165,95.3868,
44.4227,0.859302,42.6971,-48.5642,111.739,-4.49073,12.9143,67.3163,5.74661,79.8381,110.88,-10.4332,64.7298,110.013,-3.54726,56.5383,62.3155,13.4165,95.3868,
36.3771,8.84385,36.6139,-37.4386,112.06,-3.5783,12.7548,75.6824,7.43428,83.5776,103.216,-9.95981,65.9528,112.296,-1.87593,55.8327,65.7772,12.9008,95.2694,
36.3771,8.84385,36.6139,-37.4386,112.06,-3.5783,12.7548,75.6824,7.43428,83.5776,103.216,-9.95981,65.9528,112.296,-1.87593,55.8327,65.7772,12.9008,95.2694,
32.2198,13.6455,35.8951,-31.5612,112.921,-3.1496,12.0237,80.7011,5.71207,78.1116,99.2754,-9.65065,66.7517,116.596,2.9746,52.7211,67.7142,10.9112,95.0277,
32.2198,13.6455,35.8951,-31.5612,112.921,-3.1496,12.0237,80.7011,5.71207,78.1116,99.2754,-9.65065,66.7517,116.596,2.9746,52.7211,67.7142,10.9112,95.0277,
31.682,16.3185,41.9324,-25.4815,111.857,-3.85118,14.0385,80.1755,5.67284,79.6775,95.539,-9.18405,67.1789,122.108,9.85354,48.0556,70.0575,10.7249,95.9999,
31.682,16.3185,41.9324,-25.4815,111.857,-3.85118,14.0385,80.1755,5.67284,79.6775,95.539,-9.18405,67.1789,122.108,9.85354,48.0556,70.0575,10.7249,95.9999,
30.5489,18.8933,48.5844,-16.2248,110.724,-4.14903,15.6427,80.1755,5.67284,79.6775,91.8311,-9.39599,65.4103,128.76,14.7159,47.2796,75.6062,10.3573,96.3247,
30.5489,18.8933,48.5844,-16.2248,110.724,-4.14903,15.6427,80.1755,5.67284,79.6775,91.8311,-9.39599,65.4103,128.76,14.7159,47.2796,75.6062,10.3573,96.3247,
23.7254,25.3443,39.396,-9.87362,113.089,-3.4853,14.239,89.3638,10.1608,83.0179,87.7449,-11.1752,63.8278,128.76,14.7159,47.2796,77.8713,9.70426,96.6757,
23.7254,25.3443,39.396,-9.87362,113.089,-3.4853,14.239,89.3638,10.1608,83.0179,87.7449,-11.1752,63.8278,128.76,14.7159,47.2796,77.8713,9.70426,96.6757,
24.6681,29.477,39.396,-6.68362,114.032,-3.64116,12.9455,89.3638,10.1608,83.0179,84.5549,-11.7947,65.8631,128.76,14.7159,47.2796,77.8713,9.70426,96.6757,
24.6681,29.477,39.396,-6.68362,114.032,-3.64116,12.9455,89.3638,10.1608,83.0179,84.5549,-11.7947,65.8631,128.76,14.7159,47.2796,77.8713,9.70426,96.6757,
23.131,32.7384,34.9684,-0.185548,113.622,-4.56902,12.7402,90.491,11.4953,85.4208,80.8836,-12.316,68.3178,125.459,13.3565,47.4905,80.6981,9.03459,99.2968,
23.131,32.7384,34.9684,-0.185548,113.622,-4.56902,12.7402,90.491,11.4953,85.4208,80.8836,-12.316,68.3178,125.459,13.3565,47.4905,80.6981,9.03459,99.2968,
22.1923,31.7996,32.3194,0.598206,112.683,-4.61988,13.4515,90.491,11.4953,85.4208,80.8836,-12.316,68.3178,122.81,11.2057,48.2704,81.4818,8.7937,99.0139,
22.1923,31.7996,32.3194,0.598206,112.683,-4.61988,13.4515,90.491,11.4953,85.4208,80.8836,-12.316,68.3178,122.81,11.2057,48.2704,81.4818,8.7937,99.0139,
15.5283,41.7708,25.3192,11.8453,113.019,-3.25692,12.2022,97.4911,10.7924,89.5458,71.2486,-16.1173,72.0212,122.81,11.2057,48.2704,83.0939,7.89702,98.1223,
15.5283,41.7708,25.3192,11.8453,113.019,-3.25692,12.2022,97.4911,10.7924,89.5458,71.2486,-16.1173,72.0212,122.81,11.2057,48.2704,83.0939,7.89702,98.1223,
15.0078,43.5059,17.1543,12.801,113.799,-2.76021,10.9841,98.7911,10.58,89.7718,70.293,-16.0085,73.9077,115.945,5.49495,52.0602,83.0939,7.89702,98.1223,
15.0078,43.5059,17.1543,12.801,113.799,-2.76021,10.9841,98.7911,10.58,89.7718,70.293,-16.0085,73.9077,115.945,5.49495,52.0602,83.0939,7.89702,98.1223,
12.8005,42.7414,0.269718,15.8991,113.034,-2.74968,11.4964,100.234,10.4455,90.5918,70.293,-16.0085,73.9077,100.504,-1.94669,55.7986,86.1921,6.36077,100.597,
12.8005,42.7414,0.269718,15.8991,113.034,-2.74968,11.4964,100.234,10.4455,90.5918,70.293,-16.0085,73.9077,100.504,-1.94669,55.7986,86.1921,6.36077,100.597,
11.2766,43.4262,-5.78025,20.1965,111.51,-2.99079,12.7899,100.234,10.4455,90.5918,68.0842,-14.7033,78.179,94.4536,-4.28796,55.3965,88.2807,5.4017,99.0408,
11.2766,43.4262,-5.78025,20.1965,111.51,-2.99079,12.7899,100.234,10.4455,90.5918,68.0842,-14.7033,78.179,94.4536,-4.28796,55.3965,88.2807,5.4017,99.0408,
7.76212,41.9799,-9.24129,19.7776,111.457,-2.85617,13.2075,103.695,10.3685,92.8801,69.4771,-12.3961,80.2733,94.4536,-4.28796,55.3965,89.2547,4.98052,98.3588,
7.76212,41.9799,-9.24129,19.7776,111.457,-2.85617,13.2075,103.695,10.3685,92.8801,69.4771,-12.3961,80.2733,94.4536,-4.28796,55.3965,89.2547,4.98052,98.3588,
4.58528,39.3138,-25.2462,18.5541,112.106,-2.15779,13.3359,107.521,10.2206,93.8507,72.7924,-11.6228,79.541,82.2748,-10.2751,54.0928,91.3465,4.40376,101.364,
4.58528,39.3138,-25.2462,18.5541,112.106,-2.15779,13.3359,107.521,10.2206,93.8507,72.7924,-11.6228,79.541,82.2748,-10.2751,54.0928,91.3465,4.40376,101.364,
4.56558,39.3765,-46.6907,21.2333,112.169,-2.09833,13.2764,107.603,10.3129,93.8831,72.7924,-11.6228,79.541,60.9126,-19.6946,61.4575,94.0257,3.48226,101.105,
4.56558,39.3765,-46.6907,21.2333,112.169,-2.09833,13.2764,107.603,10.3129,93.8831,72.7924,-11.6228,79.541,60.9126,-19.6946,61.4575,94.0257,3.48226,101.105,
4.2025,46.1243,-46.6907,28.3442,111.806,-2.21876,13.6924,107.603,10.3129,93.8831,65.6815,-13.1506,81.975,60.9126,-19.6946,61.4575,94.0257,3.48226,101.105,
4.2025,46.1243,-46.6907,28.3442,111.806,-2.21876,13.6924,107.603,10.3129,93.8831,65.6815,-13.1506,81.975,60.9126,-19.6946,61.4575,94.0257,3.48226,101.105,
4.31771,46.0688,-46.7715,32.4729,112.002,-2.10646,13.7686,107.684,10.2212,94.0194,65.9329,-13.8945,82.7517,60.9126,-19.6946,61.4575,98.4059,2.11911,100.758,
4.31771,46.0688,-46.7715,32.4729,112.002,-2.10646,13.7686,107.684,10.2212,94.0194,65.9329,-13.8945,82.7517,60.9126,-19.6946,61.4575,98.4059,2.11911,100.758,
4.65141,41.6766,-41.9562,28.3789,111.704,-2.34273,14.4198,107.052,9.71516,94.9549,70.0269,-14.4767,80.9172,65.096,-22.5831,56.2465,98.4059,2.11911,100.758,
4.65141,41.6766,-41.9562,28.3789,111.704,-2.34273,14.4198,107.052,9.71516,94.9549,70.0269,-14.4767,80.9172,65.096,-22.5831,56.2465,98.4059,2.11911,100.758,
7.10075,41.3314,-36.0352,33.4619,111.358,-2.4981,14.8447,104.258,9.26328,95.008,70.0269,-14.4767,80.9172,68.2224,-24.2886,52.1109,103.489,0.498226,101.024,
7.10075,41.3314,-36.0352,33.4619,111.358,-2.4981,14.8447,104.258,9.26328,95.008,70.0269,-14.4767,80.9172,68.2224,-24.2886,52.1109,103.489,0.498226,101.024,
10.1444,27.8748,-26.4916,28.3045,110.835,-2.56792,15.68,100.69,8.79754,92.0752,82.9599,-15.3982,72.5735,74.1987,-20.9152,49.7892,111.264,-5.6082,107.31,
10.1444,27.8748,-26.4916,28.3045,110.835,-2.56792,15.68,100.69,8.79754,92.0752,82.9599,-15.3982,72.5735,74.1987,-20.9152,49.7892,111.264,-5.6082,107.31,
19.0695,31.0121,-13.4064,34.418,111.743,-1.56145,13.8324,92.6737,6.00651,104.74,80.7311,-12.9542,78.6173,79.2673,-19.7659,48.3371,115.149,-8.89255,109.59,
19.0695,31.0121,-13.4064,34.418,111.743,-1.56145,13.8324,92.6737,6.00651,104.74,80.7311,-12.9542,78.6173,79.2673,-19.7659,48.3371,115.149,-8.89255,109.59,
21.1186,27.4293,-8.06439,39.9647,111.472,-0.418816,9.55969,90.3536,7.10368,105.051,84.043,-13.6758,76.3389,82.2892,-17.9182,49.4499,124.008,-12.7547,111.525,
21.1186,27.4293,-8.06439,39.9647,111.472,-0.418816,9.55969,90.3536,7.10368,105.051,84.043,-13.6758,76.3389,82.2892,-17.9182,49.4499,124.008,-12.7547,111.525,
25.6722,21.5546,-3.77768,35.9872,112.911,0.638722,7.95031,87.2389,7.77702,100.862,91.3565,-14.069,73.6155,83.4612,-17.0585,49.4719,127.344,-14.2925,108.724,
25.6722,21.5546,-3.77768,35.9872,112.911,0.638722,7.95031,87.2389,7.77702,100.862,91.3565,-14.069,73.6155,83.4612,-17.0585,49.4719,127.344,-14.2925,108.724,
26.5693,20.7791,-2.53272,32.8745,113.808,1.18005,8.60132,87.2389,7.77702,100.862,93.0292,-14.8494,72.2893,84.7062,-16.6118,48.8902,125.904,-14.2263,108.921,
26.5693,20.7791,-2.53272,32.8745,113.808,1.18005,8.60132,87.2389,7.77702,100.862,93.0292,-14.8494,72.2893,84.7062,-16.6118,48.8902,125.904,-14.2263,108.921,
33.1773,18.6842,4.76486,29.03,113.119,1.30256,9.41273,79.9413,7.41248,93.0614,94.4344,-14.7084,71.6503,84.7062,-16.6118,48.8902,123.464,-14.2549,109.565,
33.1773,18.6842,4.76486,29.03,113.119,1.30256,9.41273,79.9413,7.41248,93.0614,94.4344,-14.7084,71.6503,84.7062,-16.6118,48.8902,123.464,-14.2549,109.565,
35.7406,14.5268,11.7382,27.0079,110.983,0.598285,10.3915,75.2427,7.50466,90.5768,96.4565,-13.9954,70.4465,86.9809,-15.6369,49.1058,123.464,-14.2549,109.565,
35.7406,14.5268,11.7382,27.0079,110.983,0.598285,10.3915,75.2427,7.50466,90.5768,96.4565,-13.9954,70.4465,86.9809,-15.6369,49.1058,123.464,-14.2549,109.565,
39.0381,14.9067,17.2783,11.4277,111.363,-0.00588421,11.2903,72.3251,8.12603,88.3403,96.4565,-13.9954,70.4465,89.6034,-13.7882,51.5712,107.884,-9.91205,110.182,
39.0381,14.9067,17.2783,11.4277,111.363,-0.00588421,11.2903,72.3251,8.12603,88.3403,96.4565,-13.9954,70.4465,89.6034,-13.7882,51.5712,107.884,-9.91205,110.182,
40.2139,11.4206,18.4377,-3.73786,112.539,-0.0594748,12.0512,72.3251,8.12603,88.3403,101.118,-12.5691,68.4756,90.7628,-12.9642,52.4389,97.3805,-6.12579,108.451,
40.2139,11.4206,18.4377,-3.73786,112.539,-0.0594748,12.0512,72.3251,8.12603,88.3403,101.118,-12.5691,68.4756,90.7628,-12.9642,52.4389,97.3805,-6.12579,108.451,
43.7814,7.7911,25.1992,-6.48268,111.654,-0.384408,10.5793,67.8729,4.67752,78.8875,103.863,-11.5327,66.1779,93.0721,-11.3944,53.8162,97.3805,-6.12579,108.451,
43.7814,7.7911,25.1992,-6.48268,111.654,-0.384408,10.5793,67.8729,4.67752,78.8875,103.863,-11.5327,66.1779,93.0721,-11.3944,53.8162,97.3805,-6.12579,108.451,
42.4287,8.36564,26.9415,-18.5224,112.229,-0.748735,9.72692,69.8001,3.01669,78.8602,103.863,-11.5327,66.1779,96.7416,-9.46765,53.8614,85.3408,-1.72039,108.716,
42.4287,8.36564,26.9415,-18.5224,112.229,-0.748735,9.72692,69.8001,3.01669,78.8602,103.863,-11.5327,66.1779,96.7416,-9.46765,53.8614,85.3408,-1.72039,108.716,
43.4293,6.46458,28.1122,-39.947,113.229,-0.918036,9.53996,69.8001,3.01669,78.8602,106.765,-10.5472,64.2679,97.9123,-8.86763,53.5484,66.8178,6.21362,105.663,
43.4293,6.46458,28.1122,-39.947,113.229,-0.918036,9.53996,69.8001,3.01669,78.8602,106.765,-10.5472,64.2679,97.9123,-8.86763,53.5484,66.8178,6.21362,105.663,
43.4485,6.48374,28.1122,-39.947,113.249,-0.818947,9.45603,69.8001,3.01669,78.8602,106.765,-10.5472,64.2679,97.9123,-8.86763,53.5484,66.8178,6.21362,105.663,
43.4485,6.48374,28.1122,-39.947,113.249,-0.818947,9.45603,69.8001,3.01669,78.8602,106.765,-10.5472,64.2679,97.9123,-8.86763,53.5484,66.8178,6.21362,105.663,
41.5906,3.79053,28.4291,-48.5343,113.404,-0.6345,9.31823,71.8134,5.44659,82.2203,109.614,-9.70513,62.5798,100.243,-7.3522,52.7779,61.0792,8.14505,103.518,
41.5906,3.79053,28.4291,-48.5343,113.404,-0.6345,9.31823,71.8134,5.44659,82.2203,109.614,-9.70513,62.5798,100.243,-7.3522,52.7779,61.0792,8.14505,103.518,
45.2657,4.46859,36.489,-59.8182,114.054,-0.297889,9.12692,68.7883,6.53058,81.2747,109.585,-9.71072,62.5797,105.277,-4.2694,52.7331,49.7673,12.0666,101.366,
45.2657,4.46859,36.489,-59.8182,114.054,-0.297889,9.12692,68.7883,6.53058,81.2747,109.585,-9.71072,62.5797,105.277,-4.2694,52.7331,49.7673,12.0666,101.366,
48.7137,5.14185,42.0191,-53.5115,114.316,-0.00723659,9.32269,65.6027,7.04672,78.7104,109.175,-9.6493,62.4046,107.622,-2.96596,53.0497,55.663,15.1536,106.37,
48.7137,5.14185,42.0191,-53.5115,114.316,-0.00723659,9.32269,65.6027,7.04672,78.7104,109.175,-9.6493,62.4046,107.622,-2.96596,53.0497,55.663,15.1536,106.37,
42.2811,10.7908,35.8447,-45.0881,114.058,0.317368,9.62746,71.7771,8.09929,81.6176,103.267,-9.41405,62.6125,107.622,-2.96596,53.0497,58.1793,15.1857,107.608,
42.2811,10.7908,35.8447,-45.0881,114.058,0.317368,9.62746,71.7771,8.09929,81.6176,103.267,-9.41405,62.6125,107.622,-2.96596,53.0497,58.1793,15.1857,107.608,
33.0014,16.5278,35.7458,-37.3646,114.444,1.04261,9.66167,81.443,7.89448,79.2698,97.9166,-9.21511,64.6208,117.189,6.54929,48.1068,60.5519,12.7136,107.59,
33.0014,16.5278,35.7458,-37.3646,114.444,1.04261,9.66167,81.443,7.89448,79.2698,97.9166,-9.21511,64.6208,117.189,6.54929,48.1068,60.5519,12.7136,107.59,
32.9319,16.4582,35.7458,-34.7244,114.375,0.839178,10.4333,81.443,7.89448,79.2698,97.9166,-9.21511,64.6208,117.189,6.54929,48.1068,63.1922,12.7519,108.963,
32.9319,16.4582,35.7458,-34.7244,114.375,0.839178,10.4333,81.443,7.89448,79.2698,97.9166,-9.21511,64.6208,117.189,6.54929,48.1068,63.1922,12.7519,108.963,
32.3191,20.236,43.8943,-23.6165,112.942,-0.32239,13.7767,80.6228,8.02991,80.2985,92.7058,-8.48015,63.9527,124.517,13.5483,44.3181,69.0893,11.4363,108.91,
32.3191,20.236,43.8943,-23.6165,112.942,-0.32239,13.7767,80.6228,8.02991,80.2985,92.7058,-8.48015,63.9527,124.517,13.5483,44.3181,69.0893,11.4363,108.91,
25.5235,24.8639,38.1804,-16.5369,111.86,-0.626966,14.7671,86.3367,11.018,83.2669,86.9963,-10.8861,59.1648,124.517,13.5483,44.3181,70.4594,10.97,108.946,
25.5235,24.8639,38.1804,-16.5369,111.86,-0.626966,14.7671,86.3367,11.018,83.2669,86.9963,-10.8861,59.1648,124.517,13.5483,44.3181,70.4594,10.97,108.946,
23.1973,29.2711,40.0242,-13.2797,113.01,-0.259414,13.7922,89.813,12.832,85.5414,83.7391,-11.5486,62.0105,129.837,15.2842,47.8311,70.4594,10.97,108.946,
23.1973,29.2711,40.0242,-13.2797,113.01,-0.259414,13.7922,89.813,12.832,85.5414,83.7391,-11.5486,62.0105,129.837,15.2842,47.8311,70.4594,10.97,108.946,
23.1001,30.3926,37.2767,-10.3137,114.132,-0.584,13.3848,91.0316,13.3512,86.3621,83.7391,-11.5486,62.0105,128.308,14.3136,48.638,73.4254,10.4414,109.546,
23.1001,30.3926,37.2767,-10.3137,114.132,-0.584,13.3848,91.0316,13.3512,86.3621,83.7391,-11.5486,62.0105,128.308,14.3136,48.638,73.4254,10.4414,109.546,
21.8625,36.5802,35.2543,-2.03856,112.894,-1.04677,14.8087,91.0316,13.3512,86.3621,76.3139,-12.4904,69.0074,126.286,13.2397,49.2425,74.2753,10.1538,109.456,
21.8625,36.5802,35.2543,-2.03856,112.894,-1.04677,14.8087,91.0316,13.3512,86.3621,76.3139,-12.4904,69.0074,126.286,13.2397,49.2425,74.2753,10.1538,109.456,
18.3289,43.8396,31.4541,6.4304,113.161,0.110148,13.8691,94.8318,12.9552,88.9494,69.3211,-14.3349,73.7661,126.286,13.2397,49.2425,75.7515,9.35025,108.848,
18.3289,43.8396,31.4541,6.4304,113.161,0.110148,13.8691,94.8318,12.9552,88.9494,69.3211,-14.3349,73.7661,126.286,13.2397,49.2425,75.7515,9.35025,108.848,
16.9553,44.1314,23.3259,7.20088,113.453,0.401179,13.4968,96.4972,12.4324,90.1555,69.3211,-14.3349,73.7661,119.823,9.5378,51.0031,76.5219,8.84641,108.432,
16.9553,44.1314,23.3259,7.20088,113.453,0.401179,13.4968,96.4972,12.4324,90.1555,69.3211,-14.3349,73.7661,119.823,9.5378,51.0031,76.5219,8.84641,108.432,
12.0752,44.0392,5.93265,11.302,112.254,0.534702,13.5573,100.179,11.855,91.8458,68.215,-14.8241,75.5499,106.112,2.68886,54.4206,79.517,7.25971,107.011,
12.0752,44.0392,5.93265,11.302,112.254,0.534702,13.5573,100.179,11.855,91.8458,68.215,-14.8241,75.5499,106.112,2.68886,54.4206,79.517,7.25971,107.011,
11.1382,46.0812,0.342237,15.3665,111.317,0.402471,14.5314,100.179,11.855,91.8458,65.236,-12.0324,82.892,100.521,0.419627,54.4608,80.6025,6.73127,106.481,
11.1382,46.0812,0.342237,15.3665,111.317,0.402471,14.5314,100.179,11.855,91.8458,65.236,-12.0324,82.892,100.521,0.419627,54.4608,80.6025,6.73127,106.481,
5.3149,44.7414,-5.47366,15.1041,111.31,0.784369,15.7723,105.995,11.6848,95.6087,66.5684,-11.0026,83.1751,100.521,0.419627,54.4608,81.6725,6.2341,105.908,
5.3149,44.7414,-5.47366,15.1041,111.31,0.784369,15.7723,105.995,11.6848,95.6087,66.5684,-11.0026,83.1751,100.521,0.419627,54.4608,81.6725,6.2341,105.908,
4.60242,42.7911,-29.3004,16.821,111.247,1.22627,17.2874,106.645,11.7136,95.9546,68.456,-10.491,82.6083,77.3443,-12.8076,53.37,85.277,5.15357,104.992,
4.60242,42.7911,-29.3004,16.821,111.247,1.22627,17.2874,106.645,11.7136,95.9546,68.456,-10.491,82.6083,77.3443,-12.8076,53.37,85.277,5.15357,104.992,
3.96865,42.4651,-41.1391,18.2829,110.921,1.18526,18.2662,106.953,11.7321,96.3239,68.456,-10.491,82.6083,65.8134,-17.4315,59.8638,86.7389,4.77538,105.031,
3.96865,42.4651,-41.1391,18.2829,110.921,1.18526,18.2662,106.953,11.7321,96.3239,68.456,-10.491,82.6083,65.8134,-17.4315,59.8638,86.7389,4.77538,105.031,
3.99692,39.3695,-41.1391,17.2427,110.949,1.14105,18.4504,106.953,11.7321,96.3239,71.58,-10.2837,80.5036,65.8134,-17.4315,59.8638,88.8227,4.13772,105.043,
3.99692,39.3695,-41.1391,17.2427,110.949,1.14105,18.4504,106.953,11.7321,96.3239,71.58,-10.2837,80.5036,65.8134,-17.4315,59.8638,88.8227,4.13772,105.043,
4.24808,46.2672,-46.7541,26.4273,110.993,1.07356,18.8465,106.745,11.7988,96.7425,64.7255,-13.4909,81.9465,59.9906,-19.8906,62.4035,91.1528,3.35923,104.935,
4.24808,46.2672,-46.7541,26.4273,110.993,1.07356,18.8465,106.745,11.7988,96.7425,64.7255,-13.4909,81.9465,59.9906,-19.8906,62.4035,91.1528,3.35923,104.935,
3.47136,44.4369,-41.4139,30.2652,110.549,0.984765,19.3352,107.078,11.0299,98.5581,66.1122,-14.0137,83.5206,65.6638,-22.6669,55.7168,96.3774,1.67368,104.791,
3.47136,44.4369,-41.4139,30.2652,110.549,0.984765,19.3352,107.078,11.0299,98.5581,66.1122,-14.0137,83.5206,65.6638,-22.6669,55.7168,96.3774,1.67368,104.791,
4.63859,28.0707,-34.2222,20.547,109.728,0.702473,20.6742,105.09,10.9646,98.3511,81.6576,-14.2946,76.3789,70.8675,-19.8472,53.828,102.205,-0.317543,105.393,
4.63859,28.0707,-34.2222,20.547,109.728,0.702473,20.6742,105.09,10.9646,98.3511,81.6576,-14.2946,76.3789,70.8675,-19.8472,53.828,102.205,-0.317543,105.393,
13.6855,28.3028,-25.2719,26.1191,109.825,0.950483,20.7997,96.1393,9.3185,88.8446,81.522,-12.5345,81.8216,70.8675,-19.8472,53.828,107.641,-4.8156,110.877,
13.6855,28.3028,-25.2719,26.1191,109.825,0.950483,20.7997,96.1393,9.3185,88.8446,81.522,-12.5345,81.8216,70.8675,-19.8472,53.828,107.641,-4.8156,110.877,
18.5282,26.8354,-13.5243,24.397,110.08,2.16821,17.2794,91.5514,7.19418,93.3957,83.2441,-13.1153,80.7067,78.0271,-17.545,53.4962,107.641,-4.8156,110.877,
18.5282,26.8354,-13.5243,24.397,110.08,2.16821,17.2794,91.5514,7.19418,93.3957,83.2441,-13.1153,80.7067,78.0271,-17.545,53.4962,107.641,-4.8156,110.877,
19.7745,26.1628,-9.96852,33.4983,109.407,2.73542,14.4357,89.6324,7.34317,98.5713,83.2441,-13.1153,80.7067,79.6639,-16.4553,53.9681,116.742,-10.742,115.026,
19.7745,26.1628,-9.96852,33.4983,109.407,2.73542,14.4357,89.6324,7.34317,98.5713,83.2441,-13.1153,80.7067,79.6639,-16.4553,53.9681,116.742,-10.742,115.026,
22.1345,20.4123,-4.61415,35.8082,109.322,2.95736,13.1958,87.1875,8.37772,100.333,88.9097,-13.5181,75.1272,82.5733,-15.1183,53.4013,124.718,-13.9576,112.308,
22.1345,20.4123,-4.61415,35.8082,109.322,2.95736,13.1958,87.1875,8.37772,100.333,88.9097,-13.5181,75.1272,82.5733,-15.1183,53.4013,124.718,-13.9576,112.308,
22.4992,17.0775,-4.61415,32.1087,109.687,3.31348,11.647,87.1875,8.37772,100.333,92.6092,-13.8908,73.5802,82.5733,-15.1183,53.4013,124.718,-13.9576,112.308,
22.4992,17.0775,-4.61415,32.1087,109.687,3.31348,11.647,87.1875,8.37772,100.333,92.6092,-13.8908,73.5802,82.5733,-15.1183,53.4013,124.718,-13.9576,112.308,
35.2502,13.9571,10.7426,28.4003,109.187,2.93491,14.208,73.9372,8.73376,91.6358,95.2302,-14.0504,72.2046,84.6798,-14.3592,53.5233,123.631,-13.9417,112.275,
35.2502,13.9571,10.7426,28.4003,109.187,2.93491,14.208,73.9372,8.73376,91.6358,95.2302,-14.0504,72.2046,84.6798,-14.3592,53.5233,123.631,-13.9417,112.275,
36.845,13.1632,15.739,19.2639,108.393,2.92966,15.5244,71.5485,8.45809,90.0883,95.2302,-14.0504,72.2046,87.2875,-13.0091,55.4646,114.494,-12.829,112.826,
36.845,13.1632,15.739,19.2639,108.393,2.92966,15.5244,71.5485,8.45809,90.0883,95.2302,-14.0504,72.2046,87.2875,-13.0091,55.4646,114.494,-12.829,112.826,
39.5879,8.83841,19.1894,5.41966,108.784,2.58773,17.071,69.1961,8.22218,88.6301,99.9457,-12.8513,68.7212,88.3855,-12.3338,56.1852,105.365,-9.99652,112.401,
39.5879,8.83841,19.1894,5.41966,108.784,2.58773,17.071,69.1961,8.22218,88.6301,99.9457,-12.8513,68.7212,88.3855,-12.3338,56.1852,105.365,-9.99652,112.401,
42.0376,7.13279,23.3791,-0.900519,108.24,1.92664,17.589,66.2028,7.55752,86.9095,101.108,-12.5572,67.8871,89.5819,-11.471,57.0493,100.207,-8.27446,111.822,
42.0376,7.13279,23.3791,-0.900519,108.24,1.92664,17.589,66.2028,7.55752,86.9095,101.108,-12.5572,67.8871,89.5819,-11.471,57.0493,100.207,-8.27446,111.822,
41.7683,6.86346,24.6631,-0.900519,107.971,1.7191,17.5455,66.2028,7.55752,86.9095,101.108,-12.5572,67.8871,90.8659,-10.7528,57.6328,100.207,-8.27446,111.822,
41.7683,6.86346,24.6631,-0.900519,107.971,1.7191,17.5455,66.2028,7.55752,86.9095,101.108,-12.5572,67.8871,90.8659,-10.7528,57.6328,100.207,-8.27446,111.822,
42.473,5.22446,28.3025,-26.5193,107.81,1.52088,17.1883,65.3369,2.66784,80.0693,102.585,-12.1117,66.6553,93.6394,-9.42575,57.9301,76.0661,0.527961,112.803,
42.473,5.22446,28.3025,-26.5193,107.81,1.52088,17.1883,65.3369,2.66784,80.0693,102.585,-12.1117,66.6553,93.6394,-9.42575,57.9301,76.0661,0.527961,112.803,
42.9999,-0.0331485,30.8883,-38.6502,108.337,1.1807,16.5043,65.3369,2.66784,80.0693,108.37,-10.2802,63.2493,96.2252,-8.23493,57.6425,69.7198,3.39839,111.882,
42.9999,-0.0331485,30.8883,-38.6502,108.337,1.1807,16.5043,65.3369,2.66784,80.0693,108.37,-10.2802,63.2493,96.2252,-8.23493,57.6425,69.7198,3.39839,111.882,
39.3552,-0.0959079,28.6096,-44.6335,108.274,0.964035,16.6794,68.9189,2.76574,80.4013,108.37,-10.2802,63.2493,97.5285,-7.71964,57.377,63.7364,6.22795,110.178,
39.3552,-0.0959079,28.6096,-44.6335,108.274,0.964035,16.6794,68.9189,2.76574,80.4013,108.37,-10.2802,63.2493,97.5285,-7.71964,57.377,63.7364,6.22795,110.178,
35.6327,-1.48511,29.1145,-45.9846,108.236,1.03819,16.7825,72.6032,4.15661,81.5095,109.721,-9.87178,62.6508,101.718,-5.58886,56.4277,63.7364,6.22795,110.178,
35.6327,-1.48511,29.1145,-45.9846,108.236,1.03819,16.7825,72.6032,4.15661,81.5095,109.721,-9.87178,62.6508,101.718,-5.58886,56.4277,63.7364,6.22795,110.178,
38.4475,-1.60188,36.2156,-56.0887,108.119,1.13312,16.9474,69.6717,5.04935,81.5789,109.721,-9.87178,62.6508,105.887,-3.37837,56.6108,53.6323,9.53546,109.641,
38.4475,-1.60188,36.2156,-56.0887,108.119,1.13312,16.9474,69.6717,5.04935,81.5789,109.721,-9.87178,62.6508,105.887,-3.37837,56.6108,53.6323,9.53546,109.641,
42.0426,-1.65795,39.7957,-61.0656,108.134,1.25178,17.4054,66.0915,6.02568,80.2432,109.792,-9.88987,63.0545,105.887,-3.37837,56.6108,48.7264,12.3718,109.389,
42.0426,-1.65795,39.7957,-61.0656,108.134,1.25178,17.4054,66.0915,6.02568,80.2432,109.792,-9.88987,63.0545,105.887,-3.37837,56.6108,48.7264,12.3718,109.389,
41.3818,2.23462,46.7017,-54.8515,108.372,1.62254,17.9892,66.9907,7.86749,78.2858,106.138,-9.64719,61.8955,113.692,1.54731,55.4355,51.2863,15.1622,112.668,
41.3818,2.23462,46.7017,-54.8515,108.372,1.62254,17.9892,66.9907,7.86749,78.2858,106.138,-9.64719,61.8955,113.692,1.54731,55.4355,51.2863,15.1622,112.668,
27.6569,7.00354,35.0558,-50.5293,108.819,2.28336,18.3621,81.1623,9.85244,81.696,101.816,-9.64164,63.7926,116.218,4.40662,53.4981,51.2863,15.1622,112.668,
27.6569,7.00354,35.0558,-50.5293,108.819,2.28336,18.3621,81.1623,9.85244,81.696,101.816,-9.64164,63.7926,116.218,4.40662,53.4981,51.2863,15.1622,112.668,
28.9169,16.7713,40.5571,-31.435,109.629,2.53607,17.9127,80.712,9.02836,78.8487,92.8576,-8.47511,67.4973,121.269,12.6807,46.4779,61.4226,12.9916,109.689,
28.9169,16.7713,40.5571,-31.435,109.629,2.53607,17.9127,80.712,9.02836,78.8487,92.8576,-8.47511,67.4973,121.269,12.6807,46.4779,61.4226,12.9916,109.689,
27.3258,17.7929,40.5571,-26.8284,108.038,1.63964,21.1849,80.712,9.02836,78.8487,90.245,-8.54287,59.5224,121.269,12.6807,46.4779,63.4165,12.3809,109.245,
27.3258,17.7929,40.5571,-26.8284,108.038,1.63964,21.1849,80.712,9.02836,78.8487,90.245,-8.54287,59.5224,121.269,12.6807,46.4779,63.4165,12.3809,109.245,
25.1919,19.2025,47.7289,-23.1099,107.531,1.80692,20.8965,82.3393,10.7434,79.7062,88.3288,-9.92571,57.1937,130.068,17.1778,47.2527,65.2188,11.5239,108.554,
25.1919,19.2025,47.7289,-23.1099,107.531,1.80692,20.8965,82.3393,10.7434,79.7062,88.3288,-9.92571,57.1937,130.068,17.1778,47.2527,65.2188,11.5239,108.554,
21.2659,24.6581,42.4602,-20.6396,110.516,2.51966,16.788,89.2506,12.3462,79.9571,85.8584,-11.0076,58.1223,131.711,17.7055,49.8361,65.2188,11.5239,108.554,
21.2659,24.6581,42.4602,-20.6396,110.516,2.51966,16.788,89.2506,12.3462,79.9571,85.8584,-11.0076,58.1223,131.711,17.7055,49.8361,65.2188,11.5239,108.554,
21.3654,24.7576,42.4602,-17.8068,110.616,2.15759,16.6274,89.2506,12.3462,79.9571,85.8584,-11.0076,58.1223,131.711,17.7055,49.8361,68.0517,9.72453,105.202,
21.3654,24.7576,42.4602,-17.8068,110.616,2.15759,16.6274,89.2506,12.3462,79.9571,85.8584,-11.0076,58.1223,131.711,17.7055,49.8361,68.0517,9.72453,105.202,
18.4548,36.3721,39.1158,-1.55526,108.806,0.861045,18.1884,90.3514,12.8157,81.2351,72.4341,-12.4772,67.8661,129.467,16.2742,50.0138,70.8788,8.45078,104.581,
18.4548,36.3721,39.1158,-1.55526,108.806,0.861045,18.1884,90.3514,12.8157,81.2351,72.4341,-12.4772,67.8661,129.467,16.2742,50.0138,70.8788,8.45078,104.581,
11.8551,39.4949,23.1099,2.30448,108.748,2.48232,16.9777,96.8926,11.6386,84.1374,69.2528,-14.1869,69.8996,120.002,11.6177,50.6077,71.5573,8.2352,104.057,
11.8551,39.4949,23.1099,2.30448,108.748,2.48232,16.9777,96.8926,11.6386,84.1374,69.2528,-14.1869,69.8996,120.002,11.6177,50.6077,71.5573,8.2352,104.057,
11.5289,40.0909,17.8718,2.30448,109.344,3.06797,15.6805,97.8148,11.4267,84.2316,69.2528,-14.1869,69.8996,115.687,9.32425,50.9836,71.5573,8.2352,104.057,
11.5289,40.0909,17.8718,2.30448,109.344,3.06797,15.6805,97.8148,11.4267,84.2316,69.2528,-14.1869,69.8996,115.687,9.32425,50.9836,71.5573,8.2352,104.057,
9.66992,39.1388,6.83782,6.65801,108.392,2.73838,15.4777,98.7216,11.4486,84.7673,69.2528,-14.1869,69.8996,105.559,4.42702,51.3032,75.9108,6.08871,101.982,
9.66992,39.1388,6.83782,6.65801,108.392,2.73838,15.4777,98.7216,11.4486,84.7673,69.2528,-14.1869,69.8996,105.559,4.42702,51.3032,75.9108,6.08871,101.982,
10.3279,42.4282,6.83782,12.0249,109.05,3.23147,15.9797,98.7216,11.4486,84.7673,66.6214,-11.3755,76.6004,105.559,4.42702,51.3032,78.6462,5.14732,101.069,
10.3279,42.4282,6.83782,12.0249,109.05,3.23147,15.9797,98.7216,11.4486,84.7673,66.6214,-11.3755,76.6004,105.559,4.42702,51.3032,78.6462,5.14732,101.069,
7.7542,42.7472,-7.38701,12.0249,109.369,3.51256,16.2213,101.614,11.5723,86.5637,66.6214,-11.3755,76.6004,94.2273,-1.12066,49.8747,78.6462,5.14732,101.069,
7.7542,42.7472,-7.38701,12.0249,109.369,3.51256,16.2213,101.614,11.5723,86.5637,66.6214,-11.3755,76.6004,94.2273,-1.12066,49.8747,78.6462,5.14732,101.069,
4.38966,42.0715,-22.466,13.5532,109.914,4.03262,16.8432,105.525,11.3385,88.3644,67.8427,-10.4215,76.9949,83.0585,-8.19291,50.0051,81.3959,4.36306,99.4768,
4.38966,42.0715,-22.466,13.5532,109.914,4.03262,16.8432,105.525,11.3385,88.3644,67.8427,-10.4215,76.9949,83.0585,-8.19291,50.0051,81.3959,4.36306,99.4768,
3.8473,42.2522,-33.9958,16.371,110.095,4.37988,17.6204,106.248,11.2507,88.7888,67.8427,-10.4215,76.9949,72.2518,-14.7775,54.2327,84.2137,3.85871,99.5737,
3.8473,42.2522,-33.9958,16.371,110.095,4.37988,17.6204,106.248,11.2507,88.7888,67.8427,-10.4215,76.9949,72.2518,-14.7775,54.2327,84.2137,3.85871,99.5737,
3.69154,39.3159,-33.9958,17.1607,109.939,4.16608,18.0256,106.248,11.2507,88.7888,70.6234,-10.5181,74.7982,72.2518,-14.7775,54.2327,87.7841,2.85493,99.9281,
3.69154,39.3159,-33.9958,17.1607,109.939,4.16608,18.0256,106.248,11.2507,88.7888,70.6234,-10.5181,74.7982,72.2518,-14.7775,54.2327,87.7841,2.85493,99.9281,
3.53769,45.0341,-43.7384,22.4361,110.382,3.9538,18.3561,106.844,11.0416,89.2882,65.348,-12.1824,77.5535,63.106,-16.8661,62.3597,87.7841,2.85493,99.9281,
3.53769,45.0341,-43.7384,22.4361,110.382,3.9538,18.3561,106.844,11.0416,89.2882,65.348,-12.1824,77.5535,63.106,-16.8661,62.3597,87.7841,2.85493,99.9281,
4.67967,45.1664,-40.2604,33.0174,110.514,3.8867,18.9396,105.835,10.6131,90.2857,65.348,-12.1824,77.5535,65.5743,-19.1344,58.0271,98.3653,-0.102736,99.5789,
4.67967,45.1664,-40.2604,33.0174,110.514,3.8867,18.9396,105.835,10.6131,90.2857,65.348,-12.1824,77.5535,65.5743,-19.1344,58.0271,98.3653,-0.102736,99.5789,
4.19576,32.5156,-37.0628,20.8505,110.03,3.62102,19.6203,105.835,10.6131,90.2857,77.5149,-13.0285,76.1245,68.7719,-21.1683,53.4458,98.3653,-0.102736,99.5789,
4.19576,32.5156,-37.0628,20.8505,110.03,3.62102,19.6203,105.835,10.6131,90.2857,77.5149,-13.0285,76.1245,68.7719,-21.1683,53.4458,98.3653,-0.102736,99.5789,
9.76467,26.9548,-25.6202,21.1768,109.836,3.53357,20.0217,100.071,9.47657,89.4125,82.881,-12.4325,77.3368,74.4509,-18.0116,51.6007,104.058,-3.1395,103.154,
9.76467,26.9548,-25.6202,21.1768,109.836,3.53357,20.0217,100.071,9.47657,89.4125,82.881,-12.4325,77.3368,74.4509,-18.0116,51.6007,104.058,-3.1395,103.154,
16.2178,28.4915,-14.5872,22.3003,110.249,3.94451,19.4921,94.0312,7.1382,87.8716,81.7575,-11.9172,79.5971,79.444,-16.5636,50.7297,104.058,-3.1395,103.154,
16.2178,28.4915,-14.5872,22.3003,110.249,3.94451,19.4921,94.0312,7.1382,87.8716,81.7575,-11.9172,79.5971,79.444,-16.5636,50.7297,104.058,-3.1395,103.154,
19.413,27.8631,-8.65969,38.1868,109.621,4.80163,16.8703,90.2075,6.46774,99.1944,81.7575,-11.9172,79.5971,81.5478,-15.8424,51.0876,119.944,-12.8075,114.466,
19.413,27.8631,-8.65969,38.1868,109.621,4.80163,16.8703,90.2075,6.46774,99.1944,81.7575,-11.9172,79.5971,81.5478,-15.8424,51.0876,119.944,-12.8075,114.466,
19.1135,17.9226,-7.20662,30.4051,109.321,5.30507,14.9314,90.2075,6.46774,99.1944,91.3984,-12.7551,74.8434,83.0009,-14.7754,51.9961,121.803,-14.016,114.056,
19.1135,17.9226,-7.20662,30.4051,109.321,5.30507,14.9314,90.2075,6.46774,99.1944,91.3984,-12.7551,74.8434,83.0009,-14.7754,51.9961,121.803,-14.016,114.056,
25.7668,17.9945,-1.90401,30.6917,110.672,6.70416,11.5965,84.9049,8.35605,98.5346,92.6772,-13.5139,73.9863,83.0009,-14.7754,51.9961,123.369,-14.8209,113.173,
25.7668,17.9945,-1.90401,30.6917,110.672,6.70416,11.5965,84.9049,8.35605,98.5346,92.6772,-13.5139,73.9863,83.0009,-14.7754,51.9961,123.369,-14.8209,113.173,
35.5845,16.6369,13.6344,29.6241,110.382,7.06327,11.7102,74.7972,8.03086,90.6432,93.7448,-14.1031,73.1188,88.4316,-12.3272,51.9318,123.369,-14.8209,113.173,
35.5845,16.6369,13.6344,29.6241,110.382,7.06327,11.7102,74.7972,8.03086,90.6432,93.7448,-14.1031,73.1188,88.4316,-12.3272,51.9318,123.369,-14.8209,113.173,
34.0317,15.0841,13.6344,25.6601,108.829,6.60912,13.9179,74.7972,8.03086,90.6432,93.7448,-14.1031,73.1188,88.4316,-12.3272,51.9318,119.405,-14.9053,113.344,
34.0317,15.0841,13.6344,25.6601,108.829,6.60912,13.9179,74.7972,8.03086,90.6432,93.7448,-14.1031,73.1188,88.4316,-12.3272,51.9318,119.405,-14.9053,113.344,
36.396,9.13087,17.4344,8.34314,109.022,6.15493,15.8963,72.6261,8.12063,89.6991,99.8912,-11.5947,72.0805,90.0605,-10.995,54.3239,108.234,-11.1492,113.483,
36.396,9.13087,17.4344,8.34314,109.022,6.15493,15.8963,72.6261,8.12063,89.6991,99.8912,-11.5947,72.0805,90.0605,-10.995,54.3239,108.234,-11.1492,113.483,
41.924,9.37408,24.9745,2.39517,110.516,5.57651,17.5584,68.5923,8.63969,92.6581,101.142,-11.3771,71.6974,93.5667,-8.86696,56.8795,103.537,-9.03329,112.818,
41.924,9.37408,24.9745,2.39517,110.516,5.57651,17.5584,68.5923,8.63969,92.6581,101.142,-11.3771,71.6974,93.5667,-8.86696,56.8795,103.537,-9.03329,112.818,
44.145,6.89679,29.7915,1.24444,109.19,4.852,16.9527,65.0447,6.20632,85.3789,102.293,-11.1628,71.0326,94.8362,-8.22286,57.2946,103.537,-9.03329,112.818,
44.145,6.89679,29.7915,1.24444,109.19,4.852,16.9527,65.0447,6.20632,85.3789,102.293,-11.1628,71.0326,94.8362,-8.22286,57.2946,103.537,-9.03329,112.818,
43.3265,3.17797,32.5568,-24.2372,108.136,4.47002,15.7999,64.8091,4.95609,83.3883,104.958,-10.4793,71.1144,97.3659,-6.98411,57.4045,80.7205,-0.133126,115.715,
43.3265,3.17797,32.5568,-24.2372,108.136,4.47002,15.7999,64.8091,4.95609,83.3883,104.958,-10.4793,71.1144,97.3659,-6.98411,57.4045,80.7205,-0.133126,115.715,
44.7419,1.63463,32.5568,-33.4773,109.551,4.12365,14.4484,64.8091,4.95609,83.3883,107.916,-9.45263,69.5837,97.3659,-6.98411,57.4045,74.4391,2.74323,115.779,
44.7419,1.63463,32.5568,-33.4773,109.551,4.12365,14.4484,64.8091,4.95609,83.3883,107.916,-9.45263,69.5837,97.3659,-6.98411,57.4045,74.4391,2.74323,115.779,
43.2416,1.33545,33.4041,-40.9755,110.465,3.96629,14.7778,67.2239,3.61707,83.5547,109.13,-8.96445,69.0604,100.628,-5.09988,56.7056,68.1545,5.6516,114.954,
43.2416,1.33545,33.4041,-40.9755,110.465,3.96629,14.7778,67.2239,3.61707,83.5547,109.13,-8.96445,69.0604,100.628,-5.09988,56.7056,68.1545,5.6516,114.954,
39.35,1.25557,30.7673,-40.9755,110.386,3.97096,14.7853,71.0356,5.34353,85.4439,109.13,-8.96445,69.0604,101.803,-4.39821,56.3904,68.1545,5.6516,114.954,
39.35,1.25557,30.7673,-40.9755,110.386,3.97096,14.7853,71.0356,5.34353,85.4439,109.13,-8.96445,69.0604,101.803,-4.39821,56.3904,68.1545,5.6516,114.954,
41.027,0.620047,35.2211,-64.9021,110.49,4.31824,14.6242,69.4633,6.83457,85.4143,109.87,-8.33721,69.0657,104.684,-2.8049,56.2457,44.9681,9.5161,104.05,
41.027,0.620047,35.2211,-64.9021,110.49,4.31824,14.6242,69.4633,6.83457,85.4143,109.87,-8.33721,69.0657,104.684,-2.8049,56.2457,44.9681,9.5161,104.05,
41.4635,0.816811,35.2211,-61.5195,110.927,4.68695,14.9667,69.4633,6.83457,85.4143,110.11,-8.36484,67.9153,104.684,-2.8049,56.2457,48.5905,10.1619,105.62,
41.4635,0.816811,35.2211,-61.5195,110.927,4.68695,14.9667,69.4633,6.83457,85.4143,110.11,-8.36484,67.9153,104.684,-2.8049,56.2457,48.5905,10.1619,105.62,
37.1531,3.70954,37.8834,-58.368,110.668,5.24381,15.4656,73.515,8.08036,84.8469,106.959,-8.33262,67.2563,111.398,1.08513,56.3171,48.5905,10.1619,105.62,
37.1531,3.70954,37.8834,-58.368,110.668,5.24381,15.4656,73.515,8.08036,84.8469,106.959,-8.33262,67.2563,111.398,1.08513,56.3171,48.5905,10.1619,105.62,
31.7858,4.13041,37.2705,-53.8471,111.089,6.12538,14.2694,79.3031,9.09616,88.5497,106.959,-8.33262,67.2563,116.574,5.55291,54.0728,53.1114,14.3418,111.449,
31.7858,4.13041,37.2705,-53.8471,111.089,6.12538,14.2694,79.3031,9.09616,88.5497,106.959,-8.33262,67.2563,116.574,5.55291,54.0728,53.1114,14.3418,111.449,
28.9465,4.33144,36.1496,-48.7666,111.29,5.88154,14.747,82.3434,9.33372,88.2484,106.959,-8.33262,67.2563,118.493,9.09249,51.3457,58.1919,11.9195,113.168,
28.9465,4.33144,36.1496,-48.7666,111.29,5.88154,14.747,82.3434,9.33372,88.2484,106.959,-8.33262,67.2563,118.493,9.09249,51.3457,58.1919,11.9195,113.168,
28.7596,12.5453,36.1496,-40.3658,111.103,5.63759,15.5657,82.3434,9.33372,88.2484,98.5578,-7.86602,71.2402,118.493,9.09249,51.3457,58.1919,11.9195,113.168,
28.7596,12.5453,36.1496,-40.3658,111.103,5.63759,15.5657,82.3434,9.33372,88.2484,98.5578,-7.86602,71.2402,118.493,9.09249,51.3457,58.1919,11.9195,113.168,
27.5963,19.4828,47.6786,-26.5553,109.665,4.78324,17.952,82.0683,11.2355,84.9903,90.1819,-8.27768,62.307,129.747,18.4231,47.2995,63.6265,12.3415,114.885,
27.5963,19.4828,47.6786,-26.5553,109.665,4.78324,17.952,82.0683,11.2355,84.9903,90.1819,-8.27768,62.307,129.747,18.4231,47.2995,63.6265,12.3415,114.885,
23.6594,19.7751,45.548,-21.661,109.957,5.39433,15.0674,86.2976,12.2848,84.3722,90.1819,-8.27768,62.307,131.846,19.3893,48.4794,68.5209,9.95116,114.109,
23.6594,19.7751,45.548,-21.661,109.957,5.39433,15.0674,86.2976,12.2848,84.3722,90.1819,-8.27768,62.307,131.846,19.3893,48.4794,68.5209,9.95116,114.109,
21.4748,29.7325,43.5386,-10.6694,111.137,4.55835,13.0324,89.6627,12.9989,85.7822,81.405,-10.8377,69.2214,133.201,19.9461,50.3711,70.7356,9.72679,114.792,
21.4748,29.7325,43.5386,-10.6694,111.137,4.55835,13.0324,89.6627,12.9989,85.7822,81.405,-10.8377,69.2214,133.201,19.9461,50.3711,70.7356,9.72679,114.792,
19.2317,33.5228,40.5262,-3.72367,108.894,3.89238,15.3463,89.6627,12.9989,85.7822,75.3715,-11.9334,73.1923,130.189,19.1607,49.7142,71.6479,9.42772,114.491,
19.2317,33.5228,40.5262,-3.72367,108.894,3.89238,15.3463,89.6627,12.9989,85.7822,75.3715,-11.9334,73.1923,130.189,19.1607,49.7142,71.6479,9.42772,114.491,
14.2788,35.5152,30.6794,-1.35936,108.522,5.12223,14.2542,94.2436,12.6138,87.4313,73.0072,-12.6693,74.6346,124.923,16.0378,50.7308,71.6479,9.42772,114.491,
14.2788,35.5152,30.6794,-1.35936,108.522,5.12223,14.2542,94.2436,12.6138,87.4313,73.0072,-12.6693,74.6346,124.923,16.0378,50.7308,71.6479,9.42772,114.491,
12.8612,35.5421,29.2348,0.331636,108.549,5.1646,13.8618,95.6881,12.3913,88.5768,73.0072,-12.6693,74.6346,124.923,16.0378,50.7308,73.3389,8.47726,114.097,
12.8612,35.5421,29.2348,0.331636,108.549,5.1646,13.8618,95.6881,12.3913,88.5768,73.0072,-12.6693,74.6346,124.923,16.0378,50.7308,73.3389,8.47726,114.097,
10.9745,40.5645,20.7427,9.14299,107.914,5.06611,13.9318,96.9396,12.2319,89.4278,67.3497,-14.5034,82.4216,117.682,10.5923,53.5663,76.4927,6.75371,112.043,
10.9745,40.5645,20.7427,9.14299,107.914,5.06611,13.9318,96.9396,12.2319,89.4278,67.3497,-14.5034,82.4216,117.682,10.5923,53.5663,76.4927,6.75371,112.043,
8.07382,42.9756,13.9039,13.235,107.487,5.09142,14.6497,99.4134,12.3467,90.0216,64.5116,-12.9224,88.1803,113.317,7.90579,55.03,77.7466,6.21876,111.239,
8.07382,42.9756,13.9039,13.235,107.487,5.09142,14.6497,99.4134,12.3467,90.0216,64.5116,-12.9224,88.1803,113.317,7.90579,55.03,77.7466,6.21876,111.239,
5.54359,44.2135,-4.9629,13.8755,108.085,5.87653,16.1261,102.541,12.4923,92.592,63.8711,-11.6343,90.7158,97.5781,0.775969,56.1814,77.7466,6.21876,111.239,
5.54359,44.2135,-4.9629,13.8755,108.085,5.87653,16.1261,102.541,12.4923,92.592,63.8711,-11.6343,90.7158,97.5781,0.775969,56.1814,77.7466,6.21876,111.239,
3.15795,44.3812,-13.1616,16.28,108.252,6.28097,17.507,105.094,12.4646,93.975,63.8711,-11.6343,90.7158,91.9327,-1.96425,55.5054,80.151,5.50842,111.413,
3.15795,44.3812,-13.1616,16.28,108.252,6.28097,17.507,105.094,12.4646,93.975,63.8711,-11.6343,90.7158,91.9327,-1.96425,55.5054,80.151,5.50842,111.413,
2.99263,42.9563,-18.7643,17.3017,108.087,6.28854,18.8753,105.094,12.4646,93.975,65.1306,-9.95761,92.7179,86.3299,-5.16046,55.0658,82.4323,5.06535,111.334,
2.99263,42.9563,-18.7643,17.3017,108.087,6.28854,18.8753,105.094,12.4646,93.975,65.1306,-9.95761,92.7179,86.3299,-5.16046,55.0658,82.4323,5.06535,111.334,
1.17332,36.9595,-26.2036,13.6217,108.09,6.10107,20.326,106.917,12.2498,95.0762,71.1306,-10.489,90.5655,80.7132,-8.60426,55.7747,84.7523,4.62896,111.579,
1.17332,36.9595,-26.2036,13.6217,108.09,6.10107,20.326,106.917,12.2498,95.0762,71.1306,-10.489,90.5655,80.7132,-8.60426,55.7747,84.7523,4.62896,111.579,
0.54203,36.9532,-42.8556,16.2883,108.273,6.03933,21.0156,107.731,12.0569,96.1838,71.3201,-10.7469,89.6293,64.8756,-15.3154,64.5613,87.6084,3.97084,112.053,
0.54203,36.9532,-42.8556,16.2883,108.273,6.03933,21.0156,107.731,12.0569,96.1838,71.3201,-10.7469,89.6293,64.8756,-15.3154,64.5613,87.6084,3.97084,112.053,
0.367435,37.1292,-44.5382,20.4933,108.449,5.89344,21.6806,108.082,12.0624,96.5706,71.3201,-10.7469,89.6293,63.5436,-16.612,65.5251,91.8134,2.90482,112.13,
0.367435,37.1292,-44.5382,20.4933,108.449,5.89344,21.6806,108.082,12.0624,96.5706,71.3201,-10.7469,89.6293,63.5436,-16.612,65.5251,91.8134,2.90482,112.13,
