16.3439,19.2222,-9.07676,-22.7979,112.036,13.6361,-89.0017,95.6923,-5.24973,4.38638,92.8139,6.89212,-1.29761,86.6155,1.07808,16.0318,70.016,1.96998,33.3135,
16.3439,19.2222,-9.07676,-22.7979,112.036,13.6361,-89.0017,95.6923,-5.24973,4.38638,92.8139,6.89212,-1.29761,86.6155,1.07808,16.0318,70.016,1.96998,33.3135,
15.731,18.9096,-9.22491,-22.7397,111.665,13.6758,-88.5798,95.9344,-5.23092,4.28281,92.7558,7.08994,-1.80377,86.7095,1.21805,16.0171,70.016,1.96998,33.3135,
15.731,18.9096,-9.22491,-22.7397,111.665,13.6758,-88.5798,95.9344,-5.23092,4.28281,92.7558,7.08994,-1.80377,86.7095,1.21805,16.0171,70.016,1.96998,33.3135,
15.009,18.2782,-9.11229,-22.0229,111.129,13.7855,-88.6982,96.1204,-5.18378,4.22825,92.8512,7.22503,-2.01432,87.0081,1.40074,16.118,70.8283,1.79156,32.5723,
15.009,18.2782,-9.11229,-22.0229,111.129,13.7855,-88.6982,96.1204,-5.18378,4.22825,92.8512,7.22503,-2.01432,87.0081,1.40074,16.118,70.8283,1.79156,32.5723,
14.1606,18.1346,-9.4551,-21.9881,110.986,13.6553,-88.7937,96.8253,-5.30133,4.69401,92.8512,7.22503,-2.01432,87.3701,1.59531,16.5754,70.8631,2.2077,32.9881,
14.1606,18.1346,-9.4551,-21.9881,110.986,13.6553,-88.7937,96.8253,-5.30133,4.69401,92.8512,7.22503,-2.01432,87.3701,1.59531,16.5754,70.8631,2.2077,32.9881,
13.4693,17.667,-9.55575,-21.9881,110.518,13.4693,-88.3872,97.0489,-5.32071,5.55436,92.8512,7.22503,-2.01432,87.4931,1.80457,16.7364,70.8631,2.2077,32.9881,
13.4693,17.667,-9.55575,-21.9881,110.518,13.4693,-88.3872,97.0489,-5.32071,5.55436,92.8512,7.22503,-2.01432,87.4931,1.80457,16.7364,70.8631,2.2077,32.9881,
13.087,16.7267,-9.79691,-22.8404,110.43,13.3351,-87.7065,97.3431,-5.36194,6.24725,93.7035,7.7999,-0.745147,87.5462,2.0091,16.7393,70.8631,2.2077,32.9881,
13.087,16.7267,-9.79691,-22.8404,110.43,13.3351,-87.7065,97.3431,-5.36194,6.24725,93.7035,7.7999,-0.745147,87.5462,2.0091,16.7393,70.8631,2.2077,32.9881,
13.2473,16.8869,-9.65249,-22.5879,110.59,13.3478,-87.481,97.3431,-5.36194,6.24725,93.7035,7.7999,-0.745147,87.6906,2.38772,16.4134,71.1155,2.5571,33.7621,
13.2473,16.8869,-9.65249,-22.5879,110.59,13.3478,-87.481,97.3431,-5.36194,6.24725,93.7035,7.7999,-0.745147,87.6906,2.38772,16.4134,71.1155,2.5571,33.7621,
13.617,17.4025,-9.48185,-23.0516,111.172,13.5249,-86.8405,97.5546,-5.11607,7.3174,93.7691,7.91986,-0.686958,88.0728,2.49836,16.2799,70.7175,3.34176,34.7983,
13.617,17.4025,-9.48185,-23.0516,111.172,13.5249,-86.8405,97.5546,-5.11607,7.3174,93.7691,7.91986,-0.686958,88.0728,2.49836,16.2799,70.7175,3.34176,34.7983,
14.544,17.804,-9.18095,-23.6404,112.162,13.4462,-86.4035,97.6179,-4.89519,7.64603,94.3579,7.92367,-0.497401,88.437,2.57602,16.6072,70.7175,3.34176,34.7983,
14.544,17.804,-9.18095,-23.6404,112.162,13.4462,-86.4035,97.6179,-4.89519,7.64603,94.3579,7.92367,-0.497401,88.437,2.57602,16.6072,70.7175,3.34176,34.7983,
15.3458,17.6905,-9.32823,-24.6254,112.941,13.4627,-86.1841,97.5949,-4.97476,7.62056,95.2503,8.09145,0.2186,88.2667,2.6073,16.5501,70.6248,3.03822,33.8283,
15.3458,17.6905,-9.32823,-24.6254,112.941,13.4627,-86.1841,97.5949,-4.97476,7.62056,95.2503,8.09145,0.2186,88.2667,2.6073,16.5501,70.6248,3.03822,33.8283,
16.014,18.4499,-9.51387,-24.5144,113.609,13.7586,-85.7898,97.5949,-4.97476,7.62056,95.159,8.18545,0.218286,88.0811,2.59312,16.5428,70.6446,2.97701,33.6407,
16.014,18.4499,-9.51387,-24.5144,113.609,13.7586,-85.7898,97.5949,-4.97476,7.62056,95.159,8.18545,0.218286,88.0811,2.59312,16.5428,70.6446,2.97701,33.6407,
16.9926,19.3379,-9.35448,-24.1371,114.252,13.9847,-85.3626,97.2598,-4.90494,7.70076,94.9145,8.28084,0.241838,87.9053,2.44642,16.6954,70.7775,2.91615,33.4796,
16.9926,19.3379,-9.35448,-24.1371,114.252,13.9847,-85.3626,97.2598,-4.90494,7.70076,94.9145,8.28084,0.241838,87.9053,2.44642,16.6954,70.7775,2.91615,33.4796,
17.1503,19.8372,-9.56709,-24.008,114.623,14.0723,-85.3626,97.4724,-4.96863,7.57697,94.7855,8.27881,0.227635,87.9053,2.44642,16.6954,70.7775,2.91615,33.4796,
17.1503,19.8372,-9.56709,-24.008,114.623,14.0723,-85.3626,97.4724,-4.96863,7.57697,94.7855,8.27881,0.227635,87.9053,2.44642,16.6954,70.7775,2.91615,33.4796,
17.1701,19.971,-9.75301,-23.677,114.756,14.0592,-85.5267,97.5864,-4.88431,7.55851,94.7855,8.27881,0.227635,87.8334,2.39667,16.7794,71.1086,2.55865,33.0886,
17.1701,19.971,-9.75301,-23.677,114.756,14.0592,-85.5267,97.5864,-4.88431,7.55851,94.7855,8.27881,0.227635,87.8334,2.39667,16.7794,71.1086,2.55865,33.0886,
17.341,20.5537,-9.70864,-23.0378,114.927,14.0307,-85.8353,97.5864,-4.88431,7.55851,94.3737,8.34027,0.0143827,87.8778,2.28856,16.1068,71.3359,2.34382,32.8884,
17.341,20.5537,-9.70864,-23.0378,114.927,14.0307,-85.8353,97.5864,-4.88431,7.55851,94.3737,8.34027,0.0143827,87.8778,2.28856,16.1068,71.3359,2.34382,32.8884,
17.5345,21.5094,-9.48762,-22.1881,115.086,14.2304,-86.1288,97.5513,-4.82143,6.63,93.5764,8.26536,-0.868027,88.0637,2.28817,16.0817,71.3883,2.20684,32.9221,
17.5345,21.5094,-9.48762,-22.1881,115.086,14.2304,-86.1288,97.5513,-4.82143,6.63,93.5764,8.26536,-0.868027,88.0637,2.28817,16.0817,71.3883,2.20684,32.9221,
17.0491,22.2843,-9.55529,-21.3905,115.063,14.599,-87.2984,98.014,-4.74604,6.01797,92.7788,8.08189,-1.42285,88.4587,2.28476,16.3435,71.3883,2.20684,32.9221,
17.0491,22.2843,-9.55529,-21.3905,115.063,14.599,-87.2984,98.014,-4.74604,6.01797,92.7788,8.08189,-1.42285,88.4587,2.28476,16.3435,71.3883,2.20684,32.9221,
16.4856,22.4836,-9.1762,-20.6338,114.5,14.7059,-87.8146,98.014,-4.74604,6.01797,92.016,8.13895,-1.95364,88.8378,2.26304,16.5681,71.3822,2.07505,32.5531,
16.4856,22.4836,-9.1762,-20.6338,114.5,14.7059,-87.8146,98.014,-4.74604,6.01797,92.016,8.13895,-1.95364,88.8378,2.26304,16.5681,71.3822,2.07505,32.5531,
16.3388,22.3368,-9.21278,-21.5394,114.353,14.8295,-88.193,98.014,-4.74604,6.01797,92.016,8.13895,-1.95364,88.8012,2.31755,14.8053,70.4766,2.32437,33.6091,
16.3388,22.3368,-9.21278,-21.5394,114.353,14.8295,-88.193,98.014,-4.74604,6.01797,92.016,8.13895,-1.95364,88.8012,2.31755,14.8053,70.4766,2.32437,33.6091,
15.964,22.08,-9.11389,-21.9743,114.096,14.9803,-88.6258,98.1321,-4.81501,4.62315,92.016,8.13895,-1.95364,89.0182,2.34629,13.3948,70.0417,2.58841,33.6479,
15.964,22.08,-9.11389,-21.9743,114.096,14.9803,-88.6258,98.1321,-4.81501,4.62315,92.016,8.13895,-1.95364,89.0182,2.34629,13.3948,70.0417,2.58841,33.6479,
15.9375,25.8952,-8.19217,-17.7421,113.679,15.1273,-89.2707,97.7415,-4.80782,2.90469,87.7837,7.58161,-2.45585,89.5493,2.37898,12.6354,70.0417,2.58841,33.6479,
15.9375,25.8952,-8.19217,-17.7421,113.679,15.1273,-89.2707,97.7415,-4.80782,2.90469,87.7837,7.58161,-2.45585,89.5493,2.37898,12.6354,70.0417,2.58841,33.6479,
16.5764,26.5379,-7.51669,-17.9594,114.36,15.8341,-90.572,97.784,-5.03403,2.30618,87.8225,7.31762,-2.31299,90.2673,2.49758,12.3249,69.8631,2.22631,33.2934,
16.5764,26.5379,-7.51669,-17.9594,114.36,15.8341,-90.572,97.784,-5.03403,2.30618,87.8225,7.31762,-2.31299,90.2673,2.49758,12.3249,69.8631,2.22631,33.2934,
16.3372,26.7997,-5.00315,-17.9228,114.094,16.4536,-91.5922,97.7567,-5.15078,1.52106,87.2941,7.44001,-2.75859,92.7535,3.59755,10.7325,69.3713,2.25771,34.3473,
16.3372,26.7997,-5.00315,-17.9228,114.094,16.4536,-91.5922,97.7567,-5.15078,1.52106,87.2941,7.44001,-2.75859,92.7535,3.59755,10.7325,69.3713,2.25771,34.3473,
16.5385,26.532,-2.72236,-18.0112,113.826,16.6318,-92.4447,97.2877,-5.54953,0.898976,87.2941,7.44001,-2.75859,94.5653,3.97826,10.0445,69.283,2.23611,34.6956,
16.5385,26.532,-2.72236,-18.0112,113.826,16.6318,-92.4447,97.2877,-5.54953,0.898976,87.2941,7.44001,-2.75859,94.5653,3.97826,10.0445,69.283,2.23611,34.6956,
17.5574,29.5069,-2.20569,-15.9527,114.679,17.0906,-93.9542,97.1218,-5.67815,0.0123243,85.1723,6.59295,-5.67951,94.9161,3.94924,9.46847,69.2196,2.04377,34.5799,
17.5574,29.5069,-2.20569,-15.9527,114.679,17.0906,-93.9542,97.1218,-5.67815,0.0123243,85.1723,6.59295,-5.67951,94.9161,3.94924,9.46847,69.2196,2.04377,34.5799,
17.6789,29.9296,-2.20569,-15.6516,114.801,17.2006,-94.3605,97.1218,-5.67815,0.0123243,84.8712,6.10355,-6.48098,94.9161,3.94924,9.46847,69.2196,2.04377,34.5799,
17.6789,29.9296,-2.20569,-15.6516,114.801,17.2006,-94.3605,97.1218,-5.67815,0.0123243,84.8712,6.10355,-6.48098,94.9161,3.94924,9.46847,69.2196,2.04377,34.5799,
16.5806,29.4273,-4.4181,-15.446,114.105,17.0374,-95.2906,97.524,-5.48956,-1.31574,84.6773,5.59352,-6.98142,93.1059,2.42746,7.91576,69.2313,1.56006,34.0811,
16.5806,29.4273,-4.4181,-15.446,114.105,17.0374,-95.2906,97.524,-5.48956,-1.31574,84.6773,5.59352,-6.98142,93.1059,2.42746,7.91576,69.2313,1.56006,34.0811,
16.6639,29.5836,-6.30271,-14.8106,113.527,16.9542,-96.057,96.863,-6.10341,-3.67315,83.9434,5.11924,-6.61583,90.5603,0.837566,8.62754,69.1328,1.32001,34.0316,
16.6639,29.5836,-6.30271,-14.8106,113.527,16.9542,-96.057,96.863,-6.10341,-3.67315,83.9434,5.11924,-6.61583,90.5603,0.837566,8.62754,69.1328,1.32001,34.0316,
16.8759,28.5917,-6.69115,-15.1694,112.894,17.2605,-97.8541,96.018,-6.42896,-3.74533,84.3021,4.62951,-5.15181,89.3268,0.124573,9.04056,69.1328,1.32001,34.0316,
16.8759,28.5917,-6.69115,-15.1694,112.894,17.2605,-97.8541,96.018,-6.42896,-3.74533,84.3021,4.62951,-5.15181,89.3268,0.124573,9.04056,69.1328,1.32001,34.0316,
16.0877,27.8035,-8.10769,-15.2176,112.106,17.2412,-99.6172,96.018,-6.42896,-3.74533,84.3021,4.62951,-5.15181,87.9103,-0.431311,9.74408,69.0845,0.932051,34.3226,
16.0877,27.8035,-8.10769,-15.2176,112.106,17.2412,-99.6172,96.018,-6.42896,-3.74533,84.3021,4.62951,-5.15181,87.9103,-0.431311,9.74408,69.0845,0.932051,34.3226,
18.7214,27.2995,-3.8407,-12.6765,112.057,17.1703,-100.174,93.3359,-7.4474,-2.74059,84.7577,4.42584,-4.64392,89.4952,-1.78742,8.54654,72.0812,-1.9538,34.015,
18.7214,27.2995,-3.8407,-12.6765,112.057,17.1703,-100.174,93.3359,-7.4474,-2.74059,84.7577,4.42584,-4.64392,89.4952,-1.78742,8.54654,72.0812,-1.9538,34.015,
23.5164,28.1946,0.659877,-11.4935,111.769,16.752,-99.9289,88.2529,-8.28016,0.575043,83.5748,3.05841,-4.04628,88.9128,-2.48242,8.44569,72.0812,-1.9538,34.015,
23.5164,28.1946,0.659877,-11.4935,111.769,16.752,-99.9289,88.2529,-8.28016,0.575043,83.5748,3.05841,-4.04628,88.9128,-2.48242,8.44569,72.0812,-1.9538,34.015,
23.2883,25.2238,1.09224,-10.277,111.597,16.5302,-99.5547,88.3086,-8.95959,1.05704,86.3732,2.30853,-1.75008,89.4009,-2.99114,9.06161,76.0961,-4.95978,32.9479,
23.2883,25.2238,1.09224,-10.277,111.597,16.5302,-99.5547,88.3086,-8.95959,1.05704,86.3732,2.30853,-1.75008,89.4009,-2.99114,9.06161,76.0961,-4.95978,32.9479,
22.8616,23.5455,2.57125,-5.64382,111.17,15.8124,-96.2231,88.3086,-8.95959,1.05704,87.6248,1.30275,-1.70559,90.8799,-3.85515,9.98302,81.9809,-9.02997,35.348,
22.8616,23.5455,2.57125,-5.64382,111.17,15.8124,-96.2231,88.3086,-8.95959,1.05704,87.6248,1.30275,-1.70559,90.8799,-3.85515,9.98302,81.9809,-9.02997,35.348,
24.8701,22.9133,5.50267,-3.34897,110.538,16.6394,-96.8294,85.6679,-7.68141,5.04034,87.6248,1.30275,-1.70559,91.1706,-4.12295,10.8311,84.2758,-10.6599,36.0566,
24.8701,22.9133,5.50267,-3.34897,110.538,16.6394,-96.8294,85.6679,-7.68141,5.04034,87.6248,1.30275,-1.70559,91.1706,-4.12295,10.8311,84.2758,-10.6599,36.0566,
25.0807,20.3164,6.19763,-5.2971,109.889,15.9637,-97.3648,84.8086,-6.83688,4.56322,89.5729,0.391448,-1.37918,91.0062,-4.72182,13.3765,84.2758,-10.6599,36.0566,
25.0807,20.3164,6.19763,-5.2971,109.889,15.9637,-97.3648,84.8086,-6.83688,4.56322,89.5729,0.391448,-1.37918,91.0062,-4.72182,13.3765,84.2758,-10.6599,36.0566,
25.4999,18.9082,6.78198,-6.54013,109.724,14.6028,-96.3063,84.2243,-6.26288,3.38101,90.8159,-0.434381,-0.453887,91.0062,-4.72182,13.3765,84.2758,-10.6599,36.0566,
25.4999,18.9082,6.78198,-6.54013,109.724,14.6028,-96.3063,84.2243,-6.26288,3.38101,90.8159,-0.434381,-0.453887,91.0062,-4.72182,13.3765,84.2758,-10.6599,36.0566,
25.0113,17.8863,6.4748,2.10831,109.236,14.6493,-95.1228,84.2243,-6.26288,3.38101,91.3493,-0.697172,0.601965,90.6991,-5.43192,15.5792,93.4576,-14.9448,34.1746,
25.0113,17.8863,6.4748,2.10831,109.236,14.6493,-95.1228,84.2243,-6.26288,3.38101,91.3493,-0.697172,0.601965,90.6991,-5.43192,15.5792,93.4576,-14.9448,34.1746,
25.0113,17.8863,6.41493,2.10831,109.236,14.6493,-95.1228,84.2243,-6.26288,3.38101,91.3493,-0.697172,0.601965,90.6392,-5.72876,16.306,93.4576,-14.9448,34.1746,
25.0113,17.8863,6.41493,2.10831,109.236,14.6493,-95.1228,84.2243,-6.26288,3.38101,91.3493,-0.697172,0.601965,90.6392,-5.72876,16.306,93.4576,-14.9448,34.1746,
27.219,17.266,9.33332,3.21202,109.009,14.2369,-95.6198,81.7902,-3.27169,-3.85365,91.7432,-1.0729,0.0237389,91.1236,-6.30486,16.9124,94.9552,-14.4898,30.0861,
27.219,17.266,9.33332,3.21202,109.009,14.2369,-95.6198,81.7902,-3.27169,-3.85365,91.7432,-1.0729,0.0237389,91.1236,-6.30486,16.9124,94.9552,-14.4898,30.0861,
27.7126,15.9599,10.1752,3.64332,108.661,13.4755,-96.4085,80.9483,-3.14237,-5.54357,92.7011,-1.27368,-2.45063,91.1236,-6.30486,16.9124,96.3444,-12.4922,21.4049,
27.7126,15.9599,10.1752,3.64332,108.661,13.4755,-96.4085,80.9483,-3.14237,-5.54357,92.7011,-1.27368,-2.45063,91.1236,-6.30486,16.9124,96.3444,-12.4922,21.4049,
28.6863,14.8775,13.2453,-0.660321,108.003,12.7239,-96.7219,79.317,-3.48559,-8.18295,93.1258,-1.40148,-3.36045,92.5623,-6.58051,16.167,92.4654,-9.28413,13.5736,
28.6863,14.8775,13.2453,-0.660321,108.003,12.7239,-96.7219,79.317,-3.48559,-8.18295,93.1258,-1.40148,-3.36045,92.5623,-6.58051,16.167,92.4654,-9.28413,13.5736,
30.5331,14.618,16.053,-3.74534,108.548,12.4348,-96.6853,78.0148,-3.86431,-9.96097,93.9299,-1.56215,-4.88547,94.0678,-6.31035,15.3946,90.1846,-8.33225,12.362,
30.5331,14.618,16.053,-3.74534,108.548,12.4348,-96.6853,78.0148,-3.86431,-9.96097,93.9299,-1.56215,-4.88547,94.0678,-6.31035,15.3946,90.1846,-8.33225,12.362,
32.1933,14.1417,18.1073,-4.66316,108.989,11.997,-96.396,76.7962,-4.60301,-11.1952,94.8478,-1.31001,-6.46385,94.9035,-5.96456,15.0797,90.1846,-8.33225,12.362,
32.1933,14.1417,18.1073,-4.66316,108.989,11.997,-96.396,76.7962,-4.60301,-11.1952,94.8478,-1.31001,-6.46385,94.9035,-5.96456,15.0797,90.1846,-8.33225,12.362,
32.7374,13.822,18.1073,-5.52693,109.534,11.6866,-96.3946,76.7962,-4.60301,-11.1952,95.7115,-1.0532,-7.48916,94.9035,-5.96456,15.0797,90.1846,-8.33225,12.362,
32.7374,13.822,18.1073,-5.52693,109.534,11.6866,-96.3946,76.7962,-4.60301,-11.1952,95.7115,-1.0532,-7.48916,94.9035,-5.96456,15.0797,90.1846,-8.33225,12.362,
34.34,14.3678,21.0866,-17.6044,110.079,11.6679,-96.5493,75.7394,-5.64195,-11.7028,95.7115,-1.0532,-7.48916,96.826,-5.66596,14.1393,78.1071,-4.22269,10.3094,
34.34,14.3678,21.0866,-17.6044,110.079,11.6679,-96.5493,75.7394,-5.64195,-11.7028,95.7115,-1.0532,-7.48916,96.826,-5.66596,14.1393,78.1071,-4.22269,10.3094,
35.7762,13.3224,24.7761,-26.581,111.488,11.905,-96.8532,75.7122,-5.53735,-10.729,98.1661,-0.913287,-10.0349,100.488,-4.52495,13.2447,71.5851,-1.82824,9.74274,
35.7762,13.3224,24.7761,-26.581,111.488,11.905,-96.8532,75.7122,-5.53735,-10.729,98.1661,-0.913287,-10.0349,100.488,-4.52495,13.2447,71.5851,-1.82824,9.74274,
36.2179,14.2152,25.1164,-26.938,112.738,12.2582,-97.0551,76.5204,-4.37213,-9.45091,98.5231,-0.652803,-10.952,101.637,-3.95355,12.968,71.5851,-1.82824,9.74274,
36.2179,14.2152,25.1164,-26.938,112.738,12.2582,-97.0551,76.5204,-4.37213,-9.45091,98.5231,-0.652803,-10.952,101.637,-3.95355,12.968,71.5851,-1.82824,9.74274,
35.859,14.4425,25.1164,-35.0291,112.379,12.3564,-96.5721,76.5204,-4.37213,-9.45091,97.9368,-0.247825,-11.3535,101.637,-3.95355,12.968,62.9077,3.4591,14.4885,
35.859,14.4425,25.1164,-35.0291,112.379,12.3564,-96.5721,76.5204,-4.37213,-9.45091,97.9368,-0.247825,-11.3535,101.637,-3.95355,12.968,62.9077,3.4591,14.4885,
36.1368,16.4174,29.4895,-33.6759,113.16,12.7022,-94.9608,77.0228,-2.09296,-6.24617,96.7422,0.342764,-11.7087,106.512,-1.45569,11.5113,63.0663,4.86881,18.2706,
36.1368,16.4174,29.4895,-33.6759,113.16,12.7022,-94.9608,77.0228,-2.09296,-6.24617,96.7422,0.342764,-11.7087,106.512,-1.45569,11.5113,63.0663,4.86881,18.2706,
32.8181,16.4328,28.0611,-32.36,113.175,13.0014,-93.1665,80.3569,-0.63642,-4.26863,96.7422,0.342764,-11.7087,108.418,-0.477126,10.7728,64.3822,6.50175,21.5508,
32.8181,16.4328,28.0611,-32.36,113.175,13.0014,-93.1665,80.3569,-0.63642,-4.26863,96.7422,0.342764,-11.7087,108.418,-0.477126,10.7728,64.3822,6.50175,21.5508,
32.7185,20.3281,30.0717,-27.402,113.075,13.0733,-92.4486,80.3569,-0.63642,-4.26863,92.7472,2.02239,-12.5254,110.429,0.983675,9.77432,65.3453,7.29303,21.7478,
32.7185,20.3281,30.0717,-27.402,113.075,13.0733,-92.4486,80.3569,-0.63642,-4.26863,92.7472,2.02239,-12.5254,110.429,0.983675,9.77432,65.3453,7.29303,21.7478,
32.7339,27.4516,33.1447,-19.7549,114.167,13.6883,-91.6691,81.4334,-0.183427,-4.21746,86.7158,5.33229,-15.0888,114.578,5.62939,5.44385,66.9609,6.79703,20.7491,
32.7339,27.4516,33.1447,-19.7549,114.167,13.6883,-91.6691,81.4334,-0.183427,-4.21746,86.7158,5.33229,-15.0888,114.578,5.62939,5.44385,66.9609,6.79703,20.7491,
31.901,28.8981,37.6989,-17.8406,115.052,13.8197,-91.7184,83.1511,-0.544922,-5.346,86.154,5.44115,-16.2969,120.85,9.67058,4.1334,68.3134,6.07597,20.1657,
31.901,28.8981,37.6989,-17.8406,115.052,13.8197,-91.7184,83.1511,-0.544922,-5.346,86.154,5.44115,-16.2969,120.85,9.67058,4.1334,68.3134,6.07597,20.1657,
27.6553,28.8675,36.9892,-17.1159,114.297,13.7802,-91.4747,86.6415,0.368155,-4.2868,85.4293,3.01972,-18.6636,123.631,10.4205,5.56535,68.3134,6.07597,20.1657,
27.6553,28.8675,36.9892,-17.1159,114.297,13.7802,-91.4747,86.6415,0.368155,-4.2868,85.4293,3.01972,-18.6636,123.631,10.4205,5.56535,68.3134,6.07597,20.1657,
26.3341,29.7074,36.9594,-16.2341,114.255,14.5038,-91.0083,87.9208,0.894188,-3.70194,84.5475,0.691078,-16.3238,124.88,9.8995,7.54631,68.3134,6.07597,20.1657,
26.3341,29.7074,36.9594,-16.2341,114.255,14.5038,-91.0083,87.9208,0.894188,-3.70194,84.5475,0.691078,-16.3238,124.88,9.8995,7.54631,68.3134,6.07597,20.1657,
24.7895,31.0758,36.5694,-12.6269,113.857,14.6779,-90.5086,89.0671,1.23155,-3.41972,82.7808,0.725052,-13.8741,125.636,9.51966,9.58248,70.1539,5.37581,17.3894,
24.7895,31.0758,36.5694,-12.6269,113.857,14.6779,-90.5086,89.0671,1.23155,-3.41972,82.7808,0.725052,-13.8741,125.636,9.51966,9.58248,70.1539,5.37581,17.3894,
25.0907,31.377,33.712,-12.2863,114.158,15.0232,-90.6491,89.0671,1.23155,-3.41972,82.7808,0.725052,-13.8741,122.779,8.87712,11.8948,70.4946,5.14281,17.2691,
25.0907,31.377,33.712,-12.2863,114.158,15.0232,-90.6491,89.0671,1.23155,-3.41972,82.7808,0.725052,-13.8741,122.779,8.87712,11.8948,70.4946,5.14281,17.2691,
21.2452,40.6266,24.8823,-2.56866,114.019,15.5954,-90.5882,92.774,0.792653,-2.62241,73.3926,0.520954,-8.84998,117.656,8.94725,12.4751,70.8239,4.99298,17.1472,
21.2452,40.6266,24.8823,-2.56866,114.019,15.5954,-90.5882,92.774,0.792653,-2.62241,73.3926,0.520954,-8.84998,117.656,8.94725,12.4751,70.8239,4.99298,17.1472,
18.2458,41.6497,19.5832,0.198949,113.046,16.0888,-89.8197,94.8006,0.260454,-1.40906,71.3967,0.304691,-8.02384,114.384,8.80413,12.5471,71.5956,4.79088,16.9819,
18.2458,41.6497,19.5832,0.198949,113.046,16.0888,-89.8197,94.8006,0.260454,-1.40906,71.3967,0.304691,-8.02384,114.384,8.80413,12.5471,71.5956,4.79088,16.9819,
18.4392,42.6631,6.45645,2.76692,113.24,16.818,-90.3848,94.8006,0.260454,-1.40906,70.5767,0.198067,-7.02373,101.257,5.69902,13.1249,73.3436,4.59603,17.3323,
18.4392,42.6631,6.45645,2.76692,113.24,16.818,-90.3848,94.8006,0.260454,-1.40906,70.5767,0.198067,-7.02373,101.257,5.69902,13.1249,73.3436,4.59603,17.3323,
17.7435,41.9674,1.40921,3.50529,112.544,17.2795,-90.2287,94.8006,0.260454,-1.40906,70.5767,0.198067,-7.02373,96.2098,3.84429,13.4514,74.082,4.54279,17.5597,
17.7435,41.9674,1.40921,3.50529,112.544,17.2795,-90.2287,94.8006,0.260454,-1.40906,70.5767,0.198067,-7.02373,96.2098,3.84429,13.4514,74.082,4.54279,17.5597,
12.1065,43.2097,-13.7926,4.93623,112.355,17.3181,-89.7687,100.249,-0.477706,1.07581,69.1458,3.30483,-1.98897,86.4563,-0.791721,14.5261,74.082,4.54279,17.5597,
12.1065,43.2097,-13.7926,4.93623,112.355,17.3181,-89.7687,100.249,-0.477706,1.07581,69.1458,3.30483,-1.98897,86.4563,-0.791721,14.5261,74.082,4.54279,17.5597,
10.8554,43.3758,-14.9626,6.84851,112.274,17.3531,-89.092,101.419,-0.507371,1.71269,68.8985,3.61443,-0.903483,86.4563,-0.791721,14.5261,75.747,4.70833,18.2245,
10.8554,43.3758,-14.9626,6.84851,112.274,17.3531,-89.092,101.419,-0.507371,1.71269,68.8985,3.61443,-0.903483,86.4563,-0.791721,14.5261,75.747,4.70833,18.2245,
9.83494,42.6537,-20.1146,8.50075,112.218,17.3307,-88.8877,102.383,-0.518594,2.27993,69.5639,3.52284,0.533312,82.268,-3.34973,15.9885,78.0646,4.4881,18.9049,
9.83494,42.6537,-20.1146,8.50075,112.218,17.3307,-88.8877,102.383,-0.518594,2.27993,69.5639,3.52284,0.533312,82.268,-3.34973,15.9885,78.0646,4.4881,18.9049,
8.68847,41.1839,-33.1478,10.9399,111.555,17.0945,-87.997,102.867,-0.747915,3.26721,70.3715,3.90935,2.40189,69.7191,-8.42344,23.9142,81.3114,4.08069,19.3395,
8.68847,41.1839,-33.1478,10.9399,111.555,17.0945,-87.997,102.867,-0.747915,3.26721,70.3715,3.90935,2.40189,69.7191,-8.42344,23.9142,81.3114,4.08069,19.3395,
8.91889,41.0049,-31.4534,10.9603,111.356,16.6491,-86.3622,102.437,-0.926302,4.55882,70.3511,2.54252,5.56452,70.9837,-9.79545,22.6681,81.3114,4.08069,19.3395,
8.91889,41.0049,-31.4534,10.9603,111.356,16.6491,-86.3622,102.437,-0.926302,4.55882,70.3511,2.54252,5.56452,70.9837,-9.79545,22.6681,81.3114,4.08069,19.3395,
9.47788,39.5032,-30.7311,14.217,111.193,16.2222,-85.0784,101.715,-1.34184,5.51284,71.6894,2.11776,5.72775,70.9837,-9.79545,22.6681,85.9064,3.51144,19.4957,
9.47788,39.5032,-30.7311,14.217,111.193,16.2222,-85.0784,101.715,-1.34184,5.51284,71.6894,2.11776,5.72775,70.9837,-9.79545,22.6681,85.9064,3.51144,19.4957,
11.4379,35.6314,-26.8227,19.1354,110.831,15.9713,-84.5368,99.3928,-2.43853,6.19134,75.1994,2.38781,5.90709,72.5701,-12.6874,19.9502,94.3348,2.85264,21.4105,
11.4379,35.6314,-26.8227,19.1354,110.831,15.9713,-84.5368,99.3928,-2.43853,6.19134,75.1994,2.38781,5.90709,72.5701,-12.6874,19.9502,94.3348,2.85264,21.4105,
16.8765,36.1643,-19.6352,22.0627,111.364,15.9153,-85.2017,94.4872,-5.25463,9.01482,75.1994,2.38781,5.90709,74.852,-10.894,21.1986,97.2621,2.36044,23.481,
16.8765,36.1643,-19.6352,22.0627,111.364,15.9153,-85.2017,94.4872,-5.25463,9.01482,75.1994,2.38781,5.90709,74.852,-10.894,21.1986,97.2621,2.36044,23.481,
18.8525,36.9302,-18.4251,22.0627,112.13,15.9812,-85.977,93.2771,-6.4318,11.4472,75.1994,2.38781,5.90709,74.852,-10.894,21.1986,97.2621,2.36044,23.481,
18.8525,36.9302,-18.4251,22.0627,112.13,15.9812,-85.977,93.2771,-6.4318,11.4472,75.1994,2.38781,5.90709,74.852,-10.894,21.1986,97.2621,2.36044,23.481,
22.6384,30.8159,-13.5635,23.0732,112.725,16.3324,-86.91,90.0869,-7.30249,22.2778,81.9094,2.47348,7.83111,76.5234,-10.9998,20.9143,104.983,-0.429364,30.9676,
22.6384,30.8159,-13.5635,23.0732,112.725,16.3324,-86.91,90.0869,-7.30249,22.2778,81.9094,2.47348,7.83111,76.5234,-10.9998,20.9143,104.983,-0.429364,30.9676,
21.6734,26.87,-9.34892,30.8666,111.76,16.1242,-85.3186,90.0869,-7.30249,22.2778,84.8903,2.57201,7.73969,80.738,-10.565,21.6337,115.757,-5.22167,37.9016,
21.6734,26.87,-9.34892,30.8666,111.76,16.1242,-85.3186,90.0869,-7.30249,22.2778,84.8903,2.57201,7.73969,80.738,-10.565,21.6337,115.757,-5.22167,37.9016,
22.7878,26.0887,-5.30241,31.6749,110.979,15.8412,-83.1996,88.1913,-6.58473,25.4961,84.8903,2.57201,7.73969,82.8889,-10.0811,22.158,116.565,-5.89407,39.3197,
22.7878,26.0887,-5.30241,31.6749,110.979,15.8412,-83.1996,88.1913,-6.58473,25.4961,84.8903,2.57201,7.73969,82.8889,-10.0811,22.158,116.565,-5.89407,39.3197,
29.8189,21.7739,1.47786,26.0968,112.242,15.4448,-82.6195,82.4234,-5.76291,24.4753,90.4684,1.39912,7.23954,83.9013,-9.61735,23.0056,116.565,-5.89407,39.3197,
29.8189,21.7739,1.47786,26.0968,112.242,15.4448,-82.6195,82.4234,-5.76291,24.4753,90.4684,1.39912,7.23954,83.9013,-9.61735,23.0056,116.565,-5.89407,39.3197,
32.0588,21.4028,4.22983,16.5987,112.549,14.8549,-81.4106,80.4901,-5.36235,24.3788,91.146,1.67384,7.51028,84.7199,-8.84125,24.5218,107.745,-3.48592,42.6211,
32.0588,21.4028,4.22983,16.5987,112.549,14.8549,-81.4106,80.4901,-5.36235,24.3788,91.146,1.67384,7.51028,84.7199,-8.84125,24.5218,107.745,-3.48592,42.6211,
31.4373,20.0451,6.43027,11.7867,111.927,14.633,-81.6939,80.4901,-5.36235,24.3788,91.8823,1.75296,7.58201,86.9204,-7.69542,26.6492,103.669,-1.92928,42.2988,
31.4373,20.0451,6.43027,11.7867,111.927,14.633,-81.6939,80.4901,-5.36235,24.3788,91.8823,1.75296,7.58201,86.9204,-7.69542,26.6492,103.669,-1.92928,42.2988,
35.7616,20.2153,11.8319,7.22235,112.098,14.6206,-81.9213,76.336,-5.1242,23.8173,91.8823,1.75296,7.58201,88.1679,-7.04708,27.6632,99.1047,-0.356808,41.7627,
35.7616,20.2153,11.8319,7.22235,112.098,14.6206,-81.9213,76.336,-5.1242,23.8173,91.8823,1.75296,7.58201,88.1679,-7.04708,27.6632,99.1047,-0.356808,41.7627,
42.8026,15.859,20.3529,1.89202,113.072,14.262,-81.6468,70.2691,-7.44335,21.0666,97.2126,1.39357,7.67624,90.622,-5.895,28.8117,99.1047,-0.356808,41.7627,
42.8026,15.859,20.3529,1.89202,113.072,14.262,-81.6468,70.2691,-7.44335,21.0666,97.2126,1.39357,7.67624,90.622,-5.895,28.8117,99.1047,-0.356808,41.7627,
45.1808,14.638,25.477,-19.8076,113.739,14.1637,-80.9612,68.5578,-8.48603,20.5876,99.1006,1.49186,7.22787,94.0348,-4.83056,28.8081,79.293,5.8452,43.7756,
45.1808,14.638,25.477,-19.8076,113.739,14.1637,-80.9612,68.5578,-8.48603,20.5876,99.1006,1.49186,7.22787,94.0348,-4.83056,28.8081,79.293,5.8452,43.7756,
45.1076,14.5648,26.6625,-24.64,113.665,14.0495,-79.6714,68.5578,-8.48603,20.5876,99.1006,1.49186,7.22787,95.2203,-4.55056,28.6909,74.4606,7.91738,44.7605,
45.1076,14.5648,26.6625,-24.64,113.665,14.0495,-79.6714,68.5578,-8.48603,20.5876,99.1006,1.49186,7.22787,95.2203,-4.55056,28.6909,74.4606,7.91738,44.7605,
45.3498,14.5398,27.5229,-30.0844,114.303,14.0463,-78.6788,68.9534,-5.11228,23.5039,99.7635,1.40754,6.67939,96.4763,-4.15322,28.6183,69.679,9.88371,45.1473,
45.3498,14.5398,27.5229,-30.0844,114.303,14.0463,-78.6788,68.9534,-5.11228,23.5039,99.7635,1.40754,6.67939,96.4763,-4.15322,28.6183,69.679,9.88371,45.1473,
45.1757,16.0641,28.6241,-28.702,114.445,14.1262,-78.2175,69.2695,-4.11603,22.6503,98.3811,0.85418,5.79934,97.8935,-3.61341,28.5944,69.679,9.88371,45.1473,
45.1757,16.0641,28.6241,-28.702,114.445,14.1262,-78.2175,69.2695,-4.11603,22.6503,98.3811,0.85418,5.79934,97.8935,-3.61341,28.5944,69.679,9.88371,45.1473,
44.1587,16.0641,27.6071,-38.1621,114.445,14.1262,-78.2175,70.2864,-3.90898,20.5289,98.3811,0.85418,5.79934,97.8935,-3.61341,28.5944,60.219,11.6982,43.027,
44.1587,16.0641,27.6071,-38.1621,114.445,14.1262,-78.2175,70.2864,-3.90898,20.5289,98.3811,0.85418,5.79934,97.8935,-3.61341,28.5944,60.219,11.6982,43.027,
43.3017,17.1257,36.1991,-41.117,113.588,14.6692,-79.1931,70.2864,-3.90898,20.5289,96.4624,1.04658,5.48856,106.486,-0.0546702,28.3185,55.3453,10.9862,39.966,
43.3017,17.1257,36.1991,-41.117,113.588,14.6692,-79.1931,70.2864,-3.90898,20.5289,96.4624,1.04658,5.48856,106.486,-0.0546702,28.3185,55.3453,10.9862,39.966,
37.0913,24.7911,36.2147,-34.0383,113.085,14.9875,-79.6482,75.9934,-6.45039,13.7774,88.2937,2.34185,2.23202,112.208,3.08894,26.7252,54.2553,11.4324,40.0081,
37.0913,24.7911,36.2147,-34.0383,113.085,14.9875,-79.6482,75.9934,-6.45039,13.7774,88.2937,2.34185,2.23202,112.208,3.08894,26.7252,54.2553,11.4324,40.0081,
35.5986,29.3638,34.7279,-29.4596,113.079,15.0358,-79.8316,77.4802,-6.43874,14.925,83.7149,3.3642,-0.290956,112.208,3.08894,26.7252,54.2553,11.4324,40.0081,
35.5986,29.3638,34.7279,-29.4596,113.079,15.0358,-79.8316,77.4802,-6.43874,14.925,83.7149,3.3642,-0.290956,112.208,3.08894,26.7252,54.2553,11.4324,40.0081,
35.2745,29.9484,38.5851,-24.9335,114.103,15.2736,-80.3261,78.8281,-5.47101,15.8502,84.1542,3.68803,-1.70013,117.413,8.98577,21.2112,59.2208,13.9196,43.266,
35.2745,29.9484,38.5851,-24.9335,114.103,15.2736,-80.3261,78.8281,-5.47101,15.8502,84.1542,3.68803,-1.70013,117.413,8.98577,21.2112,59.2208,13.9196,43.266,
30.1452,29.0774,41.4893,-24.744,113.232,14.7844,-80.7751,83.0864,-4.21863,14.6876,84.1542,3.68803,-1.70013,124.576,14.4342,17.8578,59.4103,13.2302,42.0771,
30.1452,29.0774,41.4893,-24.744,113.232,14.7844,-80.7751,83.0864,-4.21863,14.6876,84.1542,3.68803,-1.70013,124.576,14.4342,17.8578,59.4103,13.2302,42.0771,
25.8965,30.5451,38.7163,-22.5485,112.504,14.4787,-81.4845,86.6073,-3.9761,13.6199,81.9587,1.86334,-4.97172,125.324,14.912,17.7505,59.4103,13.2302,42.0771,
25.8965,30.5451,38.7163,-22.5485,112.504,14.4787,-81.4845,86.6073,-3.9761,13.6199,81.9587,1.86334,-4.97172,125.324,14.912,17.7505,59.4103,13.2302,42.0771,
24.238,33.8063,37.156,-16.0699,112.453,14.4573,-83.1477,88.2153,-3.53364,14.0899,78.6469,-0.91473,-4.63664,125.371,14.8785,17.5042,62.577,12.201,41.952,
24.238,33.8063,37.156,-16.0699,112.453,14.4573,-83.1477,88.2153,-3.53364,14.0899,78.6469,-0.91473,-4.63664,125.371,14.8785,17.5042,62.577,12.201,41.952,
25.0158,36.924,33.7313,-12.6726,113.231,15.8584,-85.8207,88.2153,-3.53364,14.0899,76.3071,-1.82493,-4.68953,121.947,12.6285,17.1767,63.6346,11.3708,41.8207,
25.0158,36.924,33.7313,-12.6726,113.231,15.8584,-85.8207,88.2153,-3.53364,14.0899,76.3071,-1.82493,-4.68953,121.947,12.6285,17.1767,63.6346,11.3708,41.8207,
22.0891,35.7343,29.4454,-11.5808,112.041,16.41,-84.7765,89.9524,-3.85999,15.0871,76.3071,-1.82493,-4.68953,119.398,10.9705,17.4215,64.7264,10.8906,41.8976,
22.0891,35.7343,29.4454,-11.5808,112.041,16.41,-84.7765,89.9524,-3.85999,15.0871,76.3071,-1.82493,-4.68953,119.398,10.9705,17.4215,64.7264,10.8906,41.8976,
19.1261,44.9885,24.0985,-1.69749,111.412,15.6444,-81.7643,92.2863,-3.59486,16.3347,66.4239,-3.94344,-1.2734,116.385,8.79982,18.0549,64.7264,10.8906,41.8976,
19.1261,44.9885,24.0985,-1.69749,111.412,15.6444,-81.7643,92.2863,-3.59486,16.3347,66.4239,-3.94344,-1.2734,116.385,8.79982,18.0549,64.7264,10.8906,41.8976,
18.0679,47.6005,19.2472,2.88307,111.874,16.0998,-81.901,93.8064,-3.33197,16.8281,64.2737,-3.86902,-0.124185,113.054,6.2573,18.7391,67.1568,9.63491,41.8612,
18.0679,47.6005,19.2472,2.88307,111.874,16.0998,-81.901,93.8064,-3.33197,16.8281,64.2737,-3.86902,-0.124185,113.054,6.2573,18.7391,67.1568,9.63491,41.8612,
16.9457,48.8809,14.182,7.77079,112.04,16.6671,-82.5833,95.0945,-3.14904,17.3384,63.1592,-3.06473,0.918096,109.276,3.63959,19.6287,70.93,7.78692,41.2892,
16.9457,48.8809,14.182,7.77079,112.04,16.6671,-82.5833,95.0945,-3.14904,17.3384,63.1592,-3.06473,0.918096,109.276,3.63959,19.6287,70.93,7.78692,41.2892,
16.6762,48.6115,0.480279,9.07502,111.771,16.879,-82.9054,95.0945,-3.14904,17.3384,63.1592,-3.06473,0.918096,95.5747,-2.89251,21.3755,72.2343,7.14572,40.8818,
16.6762,48.6115,0.480279,9.07502,111.771,16.879,-82.9054,95.0945,-3.14904,17.3384,63.1592,-3.06473,0.918096,95.5747,-2.89251,21.3755,72.2343,7.14572,40.8818,
12.3494,45.9429,-8.0694,6.84631,111.331,16.7728,-82.6073,98.9814,-2.95738,17.2646,65.388,-1.75925,1.7548,90.912,-4.82279,20.9425,72.2343,7.14572,40.8818,
12.3494,45.9429,-8.0694,6.84631,111.331,16.7728,-82.6073,98.9814,-2.95738,17.2646,65.388,-1.75925,1.7548,90.912,-4.82279,20.9425,72.2343,7.14572,40.8818,
11.5381,42.9324,-12.8286,10.5364,110.735,16.6604,-82.0642,99.197,-3.04511,17.2462,67.8027,-2.31275,2.1156,86.3685,-6.94058,20.6663,78.3391,3.93586,37.9062,
11.5381,42.9324,-12.8286,10.5364,110.735,16.6604,-82.0642,99.197,-3.04511,17.2462,67.8027,-2.31275,2.1156,86.3685,-6.94058,20.6663,78.3391,3.93586,37.9062,
10.5459,39.3656,-29.4442,9.96544,109.743,16.3595,-81.7628,99.197,-3.04511,17.2462,70.3773,-2.13161,3.13495,69.7529,-12.1498,27.9,80.3428,3.17293,37.3722,
10.5459,39.3656,-29.4442,9.96544,109.743,16.3595,-81.7628,99.197,-3.04511,17.2462,70.3773,-2.13161,3.13495,69.7529,-12.1498,27.9,80.3428,3.17293,37.3722,
9.82233,39.1299,-31.6387,12.1746,109.507,15.9519,-81.5542,99.6849,-3.21902,17.8411,70.3773,-2.13161,3.13495,68.0463,-12.5496,28.7022,82.552,2.39689,36.9523,
9.82233,39.1299,-31.6387,12.1746,109.507,15.9519,-81.5542,99.6849,-3.21902,17.8411,70.3773,-2.13161,3.13495,68.0463,-12.5496,28.7022,82.552,2.39689,36.9523,
12.8387,37.244,-26.7255,10.6838,109.112,15.4769,-80.7993,96.2735,-4.33808,18.3295,71.8682,0.344795,10.5836,69.548,-12.6404,27.575,82.552,2.39689,36.9523,
12.8387,37.244,-26.7255,10.6838,109.112,15.4769,-80.7993,96.2735,-4.33808,18.3295,71.8682,0.344795,10.5836,69.548,-12.6404,27.575,82.552,2.39689,36.9523,
12.71,33.1321,-26.7255,11.8649,108.983,15.3676,-80.6546,96.2735,-4.33808,18.3295,75.8513,1.41986,7.72838,69.548,-12.6404,27.575,87.7163,0.83013,36.2642,
12.71,33.1321,-26.7255,11.8649,108.983,15.3676,-80.6546,96.2735,-4.33808,18.3295,75.8513,1.41986,7.72838,69.548,-12.6404,27.575,87.7163,0.83013,36.2642,
15.2435,33.0974,-21.115,21.6042,108.949,15.3376,-80.9998,93.7052,-5.18711,18.4369,75.8513,1.41986,7.72838,72.5902,-17.0131,18.4577,97.4555,-1.55326,37.5943,
15.2435,33.0974,-21.115,21.6042,108.949,15.3376,-80.9998,93.7052,-5.18711,18.4369,75.8513,1.41986,7.72838,72.5902,-17.0131,18.4577,97.4555,-1.55326,37.5943,
20.5757,33.005,-12.6281,23.4949,109.978,15.5871,-82.3329,89.4027,-7.16581,20.6711,76.9734,-0.181968,6.14777,76.7746,-17.6995,16.2654,100.468,-2.91959,39.8685,
20.5757,33.005,-12.6281,23.4949,109.978,15.5871,-82.3329,89.4027,-7.16581,20.6711,76.9734,-0.181968,6.14777,76.7746,-17.6995,16.2654,100.468,-2.91959,39.8685,
25.0899,26.4895,-7.08801,16.2468,110.711,15.8506,-84.1314,85.6211,-8.15349,27.188,84.2216,-2.3541,4.7693,78.5331,-16.989,16.4754,100.468,-2.91959,39.8685,
25.0899,26.4895,-7.08801,16.2468,110.711,15.8506,-84.1314,85.6211,-8.15349,27.188,84.2216,-2.3541,4.7693,78.5331,-16.989,16.4754,100.468,-2.91959,39.8685,
23.3713,22.3331,-3.63382,28.9444,108.883,16.4116,-86.5355,85.5112,-7.03575,28.7863,86.5495,-2.73296,4.50284,81.8774,-15.2487,16.6131,115.494,-11.2361,47.8186,
23.3713,22.3331,-3.63382,28.9444,108.883,16.4116,-86.5355,85.5112,-7.03575,28.7863,86.5495,-2.73296,4.50284,81.8774,-15.2487,16.6131,115.494,-11.2361,47.8186,
21.7246,20.6864,-0.756179,30.179,107.236,16.4032,-85.3643,85.5112,-7.03575,28.7863,86.5495,-2.73296,4.50284,84.7551,-14.6043,16.0195,116.729,-12.2156,46.9447,
21.7246,20.6864,-0.756179,30.179,107.236,16.4032,-85.3643,85.5112,-7.03575,28.7863,86.5495,-2.73296,4.50284,84.7551,-14.6043,16.0195,116.729,-12.2156,46.9447,
23.9583,20.355,2.58148,30.4659,107.134,16.0026,-83.3774,83.1753,-5.15832,27.1771,86.7786,-3.09583,4.44937,85.7567,-14.0752,16.2,117.244,-12.0418,45.9092,
23.9583,20.355,2.58148,30.4659,107.134,16.0026,-83.3774,83.1753,-5.15832,27.1771,86.7786,-3.09583,4.44937,85.7567,-14.0752,16.2,117.244,-12.0418,45.9092,
28.999,20.6914,8.09519,27.6472,107.47,15.7872,-82.6946,78.471,-4.17628,25.0183,86.7786,-3.09583,4.44937,86.5662,-13.3442,16.4491,114.426,-10.6218,44.342,
28.999,20.6914,8.09519,27.6472,107.47,15.7872,-82.6946,78.471,-4.17628,25.0183,86.7786,-3.09583,4.44937,86.5662,-13.3442,16.4491,114.426,-10.6218,44.342,
31.1935,17.1486,13.1883,19.7497,107,15.4329,-82.6426,75.8066,-3.72754,23.8066,89.8514,-1.9717,3.34369,88.9949,-12.0234,16.7737,109.601,-8.32744,40.9027,
31.1935,17.1486,13.1883,19.7497,107,15.4329,-82.6426,75.8066,-3.72754,23.8066,89.8514,-1.9717,3.34369,88.9949,-12.0234,16.7737,109.601,-8.32744,40.9027,
29.697,15.6521,13.8771,16.6056,105.504,15.1165,-83.401,75.8066,-3.72754,23.8066,89.8514,-1.9717,3.34369,89.6837,-11.4983,17.3143,106.457,-6.98989,38.8271,
29.697,15.6521,13.8771,16.6056,105.504,15.1165,-83.401,75.8066,-3.72754,23.8066,89.8514,-1.9717,3.34369,89.6837,-11.4983,17.3143,106.457,-6.98989,38.8271,
37.1295,11.0189,23.2229,8.47564,105.274,14.2634,-84.6236,68.1442,-4.83344,17.5444,94.2548,-2.22894,0.386092,91.367,-10.6341,18.3316,102.73,-5.90144,37.1306,
37.1295,11.0189,23.2229,8.47564,105.274,14.2634,-84.6236,68.1442,-4.83344,17.5444,94.2548,-2.22894,0.386092,91.367,-10.6341,18.3316,102.73,-5.90144,37.1306,
38.2088,9.42613,23.7297,-2.14844,105.846,14.5731,-85.1024,67.6373,-5.87802,16.147,96.42,-2.32341,-0.857792,91.367,-10.6341,18.3316,94.2715,-4.1654,35.8496,
38.2088,9.42613,23.7297,-2.14844,105.846,14.5731,-85.1024,67.6373,-5.87802,16.147,96.42,-2.32341,-0.857792,91.367,-10.6341,18.3316,94.2715,-4.1654,35.8496,
39.6755,9.77291,26.9586,-17.1805,107.149,13.3675,-83.9122,67.473,-6.7811,15.0307,97.3756,-2.16927,-1.22548,94.4316,-8.89536,19.4359,80.1951,-0.503163,39.5943,
39.6755,9.77291,26.9586,-17.1805,107.149,13.3675,-83.9122,67.473,-6.7811,15.0307,97.3756,-2.16927,-1.22548,94.4316,-8.89536,19.4359,80.1951,-0.503163,39.5943,
39.6755,9.77291,29.1938,-17.1805,107.149,13.3675,-83.9122,67.473,-6.7811,15.0307,97.3756,-2.16927,-1.22548,96.6668,-7.78335,19.6275,80.1951,-0.503163,39.5943,
39.6755,9.77291,29.1938,-17.1805,107.149,13.3675,-83.9122,67.473,-6.7811,15.0307,97.3756,-2.16927,-1.22548,96.6668,-7.78335,19.6275,80.1951,-0.503163,39.5943,
38.7279,7.78254,30.0256,-23.4169,106.58,12.7845,-85.7092,67.852,-6.98684,14.594,98.7974,-1.58787,-1.71039,97.8776,-7.24544,19.5773,75.3804,1.62028,40.6783,
38.7279,7.78254,30.0256,-23.4169,106.58,12.7845,-85.7092,67.852,-6.98684,14.594,98.7974,-1.58787,-1.71039,97.8776,-7.24544,19.5773,75.3804,1.62028,40.6783,
32.6982,4.62078,24.618,-36.0215,105.958,12.7394,-86.9563,73.2596,-6.28386,12.6612,101.337,-1.09364,-2.85845,97.8776,-7.24544,19.5773,65.3156,5.75961,39.4754,
32.6982,4.62078,24.618,-36.0215,105.958,12.7394,-86.9563,73.2596,-6.28386,12.6612,101.337,-1.09364,-2.85845,97.8776,-7.24544,19.5773,65.3156,5.75961,39.4754,
33.5153,4.72332,28.6062,-48.415,106.775,13.1672,-86.801,73.2596,-6.28386,12.6612,102.052,-1.05069,-3.2506,101.866,-5.41759,19.2455,53.6366,10.5078,36.3214,
33.5153,4.72332,28.6062,-48.415,106.775,13.1672,-86.801,73.2596,-6.28386,12.6612,102.052,-1.05069,-3.2506,101.866,-5.41759,19.2455,53.6366,10.5078,36.3214,
34.0507,5.62839,31.0875,-47.7972,107.68,13.7352,-85.0021,73.6294,-5.38047,11.3409,102.052,-1.05069,-3.2506,104.717,-3.83521,19.3101,54.2545,11.2452,36.8259,
34.0507,5.62839,31.0875,-47.7972,107.68,13.7352,-85.0021,73.6294,-5.38047,11.3409,102.052,-1.05069,-3.2506,104.717,-3.83521,19.3101,54.2545,11.2452,36.8259,
36.8834,8.72565,35.5832,-44.4691,107.449,14.2235,-86.0172,70.5658,-4.31965,11.2791,98.7236,0.550559,-3.78258,106.149,-2.95228,19.2797,54.2545,11.2452,36.8259,
36.8834,8.72565,35.5832,-44.4691,107.449,14.2235,-86.0172,70.5658,-4.31965,11.2791,98.7236,0.550559,-3.78258,106.149,-2.95228,19.2797,54.2545,11.2452,36.8259,
34.8766,12.0116,33.3396,-37.4812,107.686,14.6616,-86.3944,72.8094,-3.55714,12.0067,95.6744,1.35503,-4.28432,106.149,-2.95228,19.2797,58.1932,11.8416,38.4742,
34.8766,12.0116,33.3396,-37.4812,107.686,14.6616,-86.3944,72.8094,-3.55714,12.0067,95.6744,1.35503,-4.28432,106.149,-2.95228,19.2797,58.1932,11.8416,38.4742,
30.9405,12.5597,30.9139,-38.5867,108.234,14.6846,-85.8907,77.2935,-3.4307,12.3464,95.6744,1.35503,-4.28432,108.207,-1.91116,19.06,57.0877,14.9908,37.002,
30.9405,12.5597,30.9139,-38.5867,108.234,14.6846,-85.8907,77.2935,-3.4307,12.3464,95.6744,1.35503,-4.28432,108.207,-1.91116,19.06,57.0877,14.9908,37.002,
31.5207,15.8003,39.9543,-34.5385,108.814,14.7067,-84.4372,77.2935,-3.4307,12.3464,93.0139,2.39574,-4.86835,117.248,6.66486,12.6238,58.4753,11.5843,34.2704,
31.5207,15.8003,39.9543,-34.5385,108.814,14.7067,-84.4372,77.2935,-3.4307,12.3464,93.0139,2.39574,-4.86835,117.248,6.66486,12.6238,58.4753,11.5843,34.2704,
26.4833,23.4746,37.0943,-27.8632,109.813,15.2247,-83.535,83.3299,-3.4447,8.88805,86.3385,5.01663,-11.9426,120.424,9.6099,10.5085,58.4753,11.5843,34.2704,
26.4833,23.4746,37.0943,-27.8632,109.813,15.2247,-83.535,83.3299,-3.4447,8.88805,86.3385,5.01663,-11.9426,120.424,9.6099,10.5085,58.4753,11.5843,34.2704,
23.0594,24.3958,33.274,-23.1919,110.21,15.7809,-84.4185,87.1502,-2.63767,8.46528,85.8138,4.11347,-13.7885,120.424,9.6099,10.5085,62.6219,11.3987,35.0206,
23.0594,24.3958,33.274,-23.1919,110.21,15.7809,-84.4185,87.1502,-2.63767,8.46528,85.8138,4.11347,-13.7885,120.424,9.6099,10.5085,62.6219,11.3987,35.0206,
22.1062,24.1928,41.5579,-18.9958,109.256,15.5781,-85.8934,87.1502,-2.63767,8.46528,85.0636,3.23063,-14.2944,128.708,13.8215,11.564,66.0678,9.64852,32.9685,
22.1062,24.1928,41.5579,-18.9958,109.256,15.5781,-85.8934,87.1502,-2.63767,8.46528,85.0636,3.23063,-14.2944,128.708,13.8215,11.564,66.0678,9.64852,32.9685,
15.7759,22.3848,36.8425,-18.1519,107.448,15.2628,-85.8488,91.6725,-1.13719,7.59827,85.0636,3.23063,-14.2944,128.515,13.7196,11.8066,66.9116,9.47279,32.9593,
15.7759,22.3848,36.8425,-18.1519,107.448,15.2628,-85.8488,91.6725,-1.13719,7.59827,85.0636,3.23063,-14.2944,128.515,13.7196,11.8066,66.9116,9.47279,32.9593,
13.8433,24.0899,35.4729,-14.4622,106.885,15.2133,-85.6486,93.0421,-1.60516,7.78989,82.7955,1.69595,-13.1635,128.515,13.7196,11.8066,68.3333,8.39143,32.0436,
13.8433,24.0899,35.4729,-14.4622,106.885,15.2133,-85.6486,93.0421,-1.60516,7.78989,82.7955,1.69595,-13.1635,128.515,13.7196,11.8066,68.3333,8.39143,32.0436,
13.1301,30.85,30.9357,-6.1657,106.929,15.8947,-85.8792,93.799,-1.69536,8.19837,76.0792,0.278634,-10.6079,124.735,12.523,11.2011,69.9135,7.33235,30.8754,
13.1301,30.85,30.9357,-6.1657,106.929,15.8947,-85.8792,93.799,-1.69536,8.19837,76.0792,0.278634,-10.6079,124.735,12.523,11.2011,69.9135,7.33235,30.8754,
12.4467,32.627,24.9814,-2.66284,106.246,16.465,-88.3057,93.799,-1.69536,8.19837,73.6187,-0.329261,-10.3585,118.78,10.1239,11.0691,70.9559,6.70674,30.3088,
12.4467,32.627,24.9814,-2.66284,106.246,16.465,-88.3057,93.799,-1.69536,8.19837,73.6187,-0.329261,-10.3585,118.78,10.1239,11.0691,70.9559,6.70674,30.3088,
5.09363,36.8161,8.2018,5.37812,103.543,17.3435,-90.544,98.4491,-0.93704,10.5724,66.7266,-1.44438,-7.56583,106.651,4.04737,11.5074,72.1047,6.13381,29.7389,
5.09363,36.8161,8.2018,5.37812,103.543,17.3435,-90.544,98.4491,-0.93704,10.5724,66.7266,-1.44438,-7.56583,106.651,4.04737,11.5074,72.1047,6.13381,29.7389,
6.78728,41.4683,7.12876,7.26362,106.309,18.0445,-87.7574,99.5222,-0.777206,10.993,64.8411,-1.08047,-6.30606,106.651,4.04737,11.5074,72.1047,6.13381,29.7389,
6.78728,41.4683,7.12876,7.26362,106.309,18.0445,-87.7574,99.5222,-0.777206,10.993,64.8411,-1.08047,-6.30606,106.651,4.04737,11.5074,72.1047,6.13381,29.7389,
6.74904,43.0112,6.26613,12.7393,107.134,18.0519,-85.0931,100.385,-0.705935,11.293,64.1226,0.281266,-5.06863,106.651,4.04737,11.5074,76.8619,4.66529,28.7923,
6.74904,43.0112,6.26613,12.7393,107.134,18.0519,-85.0931,100.385,-0.705935,11.293,64.1226,0.281266,-5.06863,106.651,4.04737,11.5074,76.8619,4.66529,28.7923,
6.74904,43.1377,-8.36657,14.0515,107.134,18.0519,-85.0931,100.385,-0.705935,11.293,63.9961,1.54473,-4.2602,92.0182,-3.32556,12.1079,78.0476,4.28062,28.8978,
6.74904,43.1377,-8.36657,14.0515,107.134,18.0519,-85.0931,100.385,-0.705935,11.293,63.9961,1.54473,-4.2602,92.0182,-3.32556,12.1079,78.0476,4.28062,28.8978,
5.88348,38.4394,-23.1086,10.3104,107.427,18.3099,-84.7232,101.544,-0.838613,11.7024,68.9879,0.448542,-3.21955,78.4352,-10.5904,16.2415,79.2983,3.78421,29.0453,
5.88348,38.4394,-23.1086,10.3104,107.427,18.3099,-84.7232,101.544,-0.838613,11.7024,68.9879,0.448542,-3.21955,78.4352,-10.5904,16.2415,79.2983,3.78421,29.0453,
5.96994,34.0242,-23.2019,5.71545,107.607,18.5292,-84.5077,101.637,-1.15885,11.6319,73.5829,0.222949,-0.996829,78.4352,-10.5904,16.2415,79.2983,3.78421,29.0453,
5.96994,34.0242,-23.2019,5.71545,107.607,18.5292,-84.5077,101.637,-1.15885,11.6319,73.5829,0.222949,-0.996829,78.4352,-10.5904,16.2415,79.2983,3.78421,29.0453,
6.0552,34.169,-29.9304,13.0373,107.801,18.7096,-84.7384,101.746,-1.3623,11.8236,73.6325,0.723492,0.697633,71.8159,-11.9826,20.8684,86.6698,1.50679,28.6558,
6.0552,34.169,-29.9304,13.0373,107.801,18.7096,-84.7384,101.746,-1.3623,11.8236,73.6325,0.723492,0.697633,71.8159,-11.9826,20.8684,86.6698,1.50679,28.6558,
5.77132,33.8851,-27.8081,18.2246,107.518,18.6123,-84.4244,101.746,-1.3623,11.8236,73.6325,0.723492,0.697633,73.9382,-15.5696,14.9579,91.8571,0.190632,28.5067,
5.77132,33.8851,-27.8081,18.2246,107.518,18.6123,-84.4244,101.746,-1.3623,11.8236,73.6325,0.723492,0.697633,73.9382,-15.5696,14.9579,91.8571,0.190632,28.5067,
13.7773,35.1306,-16.9462,19.1974,107.79,18.5917,-84.1754,94.0131,-4.08777,13.4902,72.6598,2.13554,3.80726,77.0669,-15.4873,13.7215,91.8571,0.190632,28.5067,
13.7773,35.1306,-16.9462,19.1974,107.79,18.5917,-84.1754,94.0131,-4.08777,13.4902,72.6598,2.13554,3.80726,77.0669,-15.4873,13.7215,91.8571,0.190632,28.5067,
16.4168,29.2794,-14.4167,13.2361,107.9,18.4469,-83.8535,91.4836,-5.00781,14.4725,78.621,2.74168,2.85366,77.0669,-15.4873,13.7215,91.8571,0.190632,28.5067,
16.4168,29.2794,-14.4167,13.2361,107.9,18.4469,-83.8535,91.4836,-5.00781,14.4725,78.621,2.74168,2.85366,77.0669,-15.4873,13.7215,91.8571,0.190632,28.5067,
18.0203,29.3327,-12.5658,18.9808,107.954,18.4284,-84.0189,89.9335,-6.01621,15.8691,78.621,2.74168,2.85366,77.3676,-14.0353,14.6838,97.6018,-1.40649,30.02,
18.0203,29.3327,-12.5658,18.9808,107.954,18.4284,-84.0189,89.9335,-6.01621,15.8691,78.621,2.74168,2.85366,77.3676,-14.0353,14.6838,97.6018,-1.40649,30.02,
18.7112,28.933,-6.10063,28.2107,108.645,18.6933,-85.5067,89.9335,-6.01621,15.8691,79.7116,2.3871,2.59792,83.8328,-13.2652,13.9691,107.922,-7.77354,39.8018,
18.7112,28.933,-6.10063,28.2107,108.645,18.6933,-85.5067,89.9335,-6.01621,15.8691,79.7116,2.3871,2.59792,83.8328,-13.2652,13.9691,107.922,-7.77354,39.8018,
24.0405,22.1537,-0.494001,24.7459,109.637,19.4011,-86.9558,85.5968,-5.85034,24.2323,87.4836,0.382981,1.23117,85.1028,-12.7179,14.344,112.229,-9.8544,41.3206,
24.0405,22.1537,-0.494001,24.7459,109.637,19.4011,-86.9558,85.5968,-5.85034,24.2323,87.4836,0.382981,1.23117,85.1028,-12.7179,14.344,112.229,-9.8544,41.3206,
24.1001,20.2909,0.176456,27.0639,109.026,20.3541,-88.7422,84.9263,-5.53188,24.0645,88.7355,0.0359352,1.03506,85.1028,-12.7179,14.344,115.799,-12.153,42.5351,
24.1001,20.2909,0.176456,27.0639,109.026,20.3541,-88.7422,84.9263,-5.53188,24.0645,88.7355,0.0359352,1.03506,85.1028,-12.7179,14.344,115.799,-12.153,42.5351,
24.282,17.6324,4.85788,22.7171,107.441,19.9103,-87.7027,83.1586,-5.25596,23.5611,89.8082,0.0196438,1.3584,88.0165,-11.4389,15.8126,112.525,-11.4221,43.8239,
24.282,17.6324,4.85788,22.7171,107.441,19.9103,-87.7027,83.1586,-5.25596,23.5611,89.8082,0.0196438,1.3584,88.0165,-11.4389,15.8126,112.525,-11.4221,43.8239,
28.8505,18.2542,10.2435,20.1946,108.062,20.0368,-86.5571,79.2119,-4.29364,22.6234,89.8082,0.0196438,1.3584,89.4554,-10.2166,18.3007,110.003,-10.4892,43.3943,
28.8505,18.2542,10.2435,20.1946,108.062,20.0368,-86.5571,79.2119,-4.29364,22.6234,89.8082,0.0196438,1.3584,89.4554,-10.2166,18.3007,110.003,-10.4892,43.3943,
29.0569,17.4104,10.2435,19.1444,108.269,20.0697,-86.1158,79.2119,-4.29364,22.6234,90.8585,0.604228,2.39116,89.4554,-10.2166,18.3007,110.003,-10.4892,43.3943,
29.0569,17.4104,10.2435,19.1444,108.269,20.0697,-86.1158,79.2119,-4.29364,22.6234,90.8585,0.604228,2.39116,89.4554,-10.2166,18.3007,110.003,-10.4892,43.3943,
39.1838,15.2544,21.6501,9.34193,108.991,19.9612,-84.463,69.8067,-3.72109,19.607,93.7362,0.567175,1.30549,91.4569,-9.19053,19.3896,103.078,-7.55987,41.6395,
39.1838,15.2544,21.6501,9.34193,108.991,19.9612,-84.463,69.8067,-3.72109,19.607,93.7362,0.567175,1.30549,91.4569,-9.19053,19.3896,103.078,-7.55987,41.6395,
38.4932,12.9946,25.2932,-7.01396,108.3,19.5277,-84.1684,69.8067,-3.72109,19.607,95.3053,0.362496,0.708812,95.1,-7.64542,19.7848,88.2913,-2.35489,40.0845,
38.4932,12.9946,25.2932,-7.01396,108.3,19.5277,-84.1684,69.8067,-3.72109,19.607,95.3053,0.362496,0.708812,95.1,-7.64542,19.7848,88.2913,-2.35489,40.0845,
40.3543,7.9978,29.4182,-16.3804,107.248,18.7053,-85.4751,66.8941,-8.22396,15.962,99.2506,0.159587,-0.437204,96.3123,-7.07838,19.8444,82.8702,-0.457821,40.4207,
40.3543,7.9978,29.4182,-16.3804,107.248,18.7053,-85.4751,66.8941,-8.22396,15.962,99.2506,0.159587,-0.437204,96.3123,-7.07838,19.8444,82.8702,-0.457821,40.4207,
39.598,7.37756,29.3028,-17.4918,107.74,18.6357,-85.5579,68.1416,-7.45593,16.3767,100.362,0.31076,-0.543339,97.4444,-6.51683,19.8374,82.8702,-0.457821,40.4207,
39.598,7.37756,29.3028,-17.4918,107.74,18.6357,-85.5579,68.1416,-7.45593,16.3767,100.362,0.31076,-0.543339,97.4444,-6.51683,19.8374,82.8702,-0.457821,40.4207,
39.7387,7.84248,28.5732,-35.5373,109.729,18.2271,-85.2069,69.9902,-6.72383,16.3347,101.886,0.670152,-0.761018,98.5634,-5.9084,19.7183,66.3492,6.49418,40.4969,
39.7387,7.84248,28.5732,-35.5373,109.729,18.2271,-85.2069,69.9902,-6.72383,16.3347,101.886,0.670152,-0.761018,98.5634,-5.9084,19.7183,66.3492,6.49418,40.4969,
39.7017,7.80549,30.8026,-45.3276,109.692,17.936,-85.2011,69.9902,-6.72383,16.3347,101.886,0.670152,-0.761018,100.793,-4.55891,19.6216,56.5588,9.36791,37.98,
39.7017,7.80549,30.8026,-45.3276,109.692,17.936,-85.2011,69.9902,-6.72383,16.3347,101.886,0.670152,-0.761018,100.793,-4.55891,19.6216,56.5588,9.36791,37.98,
36.9518,7.19566,31.3745,-48.9833,109.096,17.3022,-85.4776,72.1438,-5.46117,14.5194,101.9,0.911764,-0.908064,103.518,-3.13232,19.8107,52.9167,10.021,36.725,
36.9518,7.19566,31.3745,-48.9833,109.096,17.3022,-85.4776,72.1438,-5.46117,14.5194,101.9,0.911764,-0.908064,103.518,-3.13232,19.8107,52.9167,10.021,36.725,
39.2846,8.99175,35.6203,-47.7114,109.104,17.6141,-84.4244,69.8191,-5.69569,12.3524,100.112,1.1037,-1.53267,105.439,-2.18628,19.9845,52.4006,10.5916,36.7656,
39.2846,8.99175,35.6203,-47.7114,109.104,17.6141,-84.4244,69.8191,-5.69569,12.3524,100.112,1.1037,-1.53267,105.439,-2.18628,19.9845,52.4006,10.5916,36.7656,
37.3713,15.1843,40.1416,-41.82,109.57,17.9978,-83.2351,72.199,-5.39139,12.1187,94.386,2.43369,-3.75718,112.341,1.99423,18.9757,52.5661,12.9181,38.3642,
37.3713,15.1843,40.1416,-41.82,109.57,17.9978,-83.2351,72.199,-5.39139,12.1187,94.386,2.43369,-3.75718,112.341,1.99423,18.9757,52.5661,12.9181,38.3642,
37.2809,15.0938,42.5807,-39.8369,109.48,18.0427,-83.4282,72.199,-5.39139,12.1187,94.386,2.43369,-3.75718,114.78,4.16869,17.8168,54.5491,12.7102,39.0197,
37.2809,15.0938,42.5807,-39.8369,109.48,18.0427,-83.4282,72.199,-5.39139,12.1187,94.386,2.43369,-3.75718,114.78,4.16869,17.8168,54.5491,12.7102,39.0197,
28.8192,20.9591,36.3557,-32.1022,109.361,18.4081,-84.4992,80.5421,-5.11783,12.2141,88.4022,3.4634,-6.64549,116.898,7.17288,15.5281,56.3,13.2249,39.81,
28.8192,20.9591,36.3557,-32.1022,109.361,18.4081,-84.4992,80.5421,-5.11783,12.2141,88.4022,3.4634,-6.64549,116.898,7.17288,15.5281,56.3,13.2249,39.81,
26.0116,24.3565,36.6187,-25.1393,109.047,18.2338,-84.3448,83.035,-4.00774,11.8694,84.6901,3.07428,-12.077,119.654,10.7743,12.3915,59.5508,12.0794,39.5329,
26.0116,24.3565,36.6187,-25.1393,109.047,18.2338,-84.3448,83.035,-4.00774,11.8694,84.6901,3.07428,-12.077,119.654,10.7743,12.3915,59.5508,12.0794,39.5329,
23.7103,24.4311,38.541,-23.1377,108.76,18.1168,-84.1327,85.0499,-3.47267,11.7627,84.3291,1.92667,-13.2606,123.591,13.3701,11.6838,61.1915,11.1846,39.196,
23.7103,24.4311,38.541,-23.1377,108.76,18.1168,-84.1327,85.0499,-3.47267,11.7627,84.3291,1.92667,-13.2606,123.591,13.3701,11.6838,61.1915,11.1846,39.196,
23.3784,24.0992,43.2516,-20.0124,108.428,17.8763,-84.2782,85.0499,-3.47267,11.7627,84.3291,1.92667,-13.2606,128.302,16.227,12.0458,64.3168,10.2764,38.0793,
23.3784,24.0992,43.2516,-20.0124,108.428,17.8763,-84.2782,85.0499,-3.47267,11.7627,84.3291,1.92667,-13.2606,128.302,16.227,12.0458,64.3168,10.2764,38.0793,
19.3089,31.4827,37.2532,-12.6996,108.499,17.4872,-85.1346,89.1901,-2.77431,11.0187,77.0164,-0.815857,-10.0438,126.443,15.4321,11.4055,64.3168,10.2764,38.0793,
19.3089,31.4827,37.2532,-12.6996,108.499,17.4872,-85.1346,89.1901,-2.77431,11.0187,77.0164,-0.815857,-10.0438,126.443,15.4321,11.4055,64.3168,10.2764,38.0793,
17.0098,33.8143,35.242,-10.08,108.211,17.187,-86.1189,91.2013,-2.38451,10.2263,74.3968,-1.52796,-9.96799,126.443,15.4321,11.4055,64.3168,10.2764,38.0793,
17.0098,33.8143,35.242,-10.08,108.211,17.187,-86.1189,91.2013,-2.38451,10.2263,74.3968,-1.52796,-9.96799,126.443,15.4321,11.4055,64.3168,10.2764,38.0793,
15.9933,35.4791,26.687,-4.56918,107.329,17.2122,-86.8345,91.336,-2.40973,10.3725,71.8501,-2.42373,-9.8449,118.023,10.9265,10.6467,67.2809,8.186,36.1916,
15.9933,35.4791,26.687,-4.56918,107.329,17.2122,-86.8345,91.336,-2.40973,10.3725,71.8501,-2.42373,-9.8449,118.023,10.9265,10.6467,67.2809,8.186,36.1916,
15.5425,35.0283,22.9134,-3.28731,106.878,17.7691,-89.278,91.336,-2.40973,10.3725,71.8501,-2.42373,-9.8449,114.249,8.3862,10.9446,68.5628,7.40108,35.5585,
15.5425,35.0283,22.9134,-3.28731,106.878,17.7691,-89.278,91.336,-2.40973,10.3725,71.8501,-2.42373,-9.8449,114.249,8.3862,10.9446,68.5628,7.40108,35.5585,
13.2219,39.7235,16.5445,3.00653,106.666,18.9,-91.574,93.444,-2.31575,11.3749,66.9424,-3.70997,-7.76812,109.988,5.56989,11.3715,69.9489,6.63248,35.0096,
13.2219,39.7235,16.5445,3.00653,106.666,18.9,-91.574,93.444,-2.31575,11.3749,66.9424,-3.70997,-7.76812,109.988,5.56989,11.3715,69.9489,6.63248,35.0096,
7.93171,43.843,7.16628,10.4678,106.116,19.1293,-91.4423,98.1838,-1.37414,13.6741,62.2725,-2.1462,-4.16162,105.35,2.60045,12.0185,72.7404,5.3855,34.238,
7.93171,43.843,7.16628,10.4678,106.116,19.1293,-91.4423,98.1838,-1.37414,13.6741,62.2725,-2.1462,-4.16162,105.35,2.60045,12.0185,72.7404,5.3855,34.238,
7.24106,43.8988,-12.9086,14.2393,106.42,19.4733,-89.3116,99.1785,-1.29299,13.9063,62.5207,-1.75493,-3.65806,86.2699,-8.17064,14.9379,76.76,3.83798,33.952,
7.24106,43.8988,-12.9086,14.2393,106.42,19.4733,-89.3116,99.1785,-1.29299,13.9063,62.5207,-1.75493,-3.65806,86.2699,-8.17064,14.9379,76.76,3.83798,33.952,
7.0634,45.0294,-18.8893,15.6092,107.55,19.9259,-88.2327,100.487,-1.33784,13.8714,62.5207,-1.75493,-3.65806,81.5974,-10.5748,16.1667,78.1299,3.32772,34.0209,
7.0634,45.0294,-18.8893,15.6092,107.55,19.9259,-88.2327,100.487,-1.33784,13.8714,62.5207,-1.75493,-3.65806,81.5974,-10.5748,16.1667,78.1299,3.32772,34.0209,
7.37921,42.3543,-22.987,12.6698,107.814,20.2322,-88.1234,100.435,-1.35969,13.6722,65.4601,-2.51008,-3.23784,77.4482,-12.32,18.1397,78.1299,3.32772,34.0209,
7.37921,42.3543,-22.987,12.6698,107.814,20.2322,-88.1234,100.435,-1.35969,13.6722,65.4601,-2.51008,-3.23784,77.4482,-12.32,18.1397,78.1299,3.32772,34.0209,
7.7954,35.6744,-22.6459,11.5796,107.89,20.6815,-88.3267,100.094,-1.89148,13.7606,72.2152,-2.69562,-0.570356,77.4482,-12.32,18.1397,83.7948,1.32344,33.5996,
7.7954,35.6744,-22.6459,11.5796,107.89,20.6815,-88.3267,100.094,-1.89148,13.7606,72.2152,-2.69562,-0.570356,77.4482,-12.32,18.1397,83.7948,1.32344,33.5996,
7.37926,36.116,-26.9945,14.8829,107.473,20.6847,-88.2828,100.094,-1.89148,13.7606,71.3574,-1.70315,1.22128,73.0997,-13.151,20.9409,86.2404,0.546838,33.3927,
7.37926,36.116,-26.9945,14.8829,107.473,20.6847,-88.2828,100.094,-1.89148,13.7606,71.3574,-1.70315,1.22128,73.0997,-13.151,20.9409,86.2404,0.546838,33.3927,
10.9197,36.1182,-22.5004,17.5227,107.476,20.4616,-88.3082,96.556,-3.44899,14.5298,71.3574,-1.70315,1.22128,74.0556,-13.9385,18.363,88.8801,-0.197936,33.3651,
10.9197,36.1182,-22.5004,17.5227,107.476,20.4616,-88.3082,96.556,-3.44899,14.5298,71.3574,-1.70315,1.22128,74.0556,-13.9385,18.363,88.8801,-0.197936,33.3651,
16.9797,29.4164,-15.8166,13.6563,107.574,20.2222,-88.3046,90.5942,-5.42868,16.6977,78.1575,-0.494101,-0.728019,74.7776,-16.3157,14.1976,91.8138,-0.913821,33.7147,
16.9797,29.4164,-15.8166,13.6563,107.574,20.2222,-88.3046,90.5942,-5.42868,16.6977,78.1575,-0.494101,-0.728019,74.7776,-16.3157,14.1976,91.8138,-0.913821,33.7147,
19.0877,28.3875,-11.7027,22.145,107.346,20.0066,-88.2208,88.2582,-6.34726,18.2727,78.9583,0.439573,1.72103,76.5555,-17.8373,11.5776,101.103,-4.35124,38.3281,
19.0877,28.3875,-11.7027,22.145,107.346,20.0066,-88.2208,88.2582,-6.34726,18.2727,78.9583,0.439573,1.72103,76.5555,-17.8373,11.5776,101.103,-4.35124,38.3281,
19.9128,28.3012,-4.97321,31.0103,107.26,19.7402,-88.6885,87.3467,-6.70758,20.2011,78.9583,0.439573,1.72103,82.3735,-14.9567,11.1921,109.969,-9.72092,45.0452,
19.9128,28.3012,-4.97321,31.0103,107.26,19.7402,-88.6885,87.3467,-6.70758,20.2011,78.9583,0.439573,1.72103,82.3735,-14.9567,11.1921,109.969,-9.72092,45.0452,
22.7835,28.6592,-2.46048,34.9751,107.617,19.6427,-89.1447,84.834,-6.63974,25.2928,78.9583,0.439573,1.72103,82.3735,-14.9567,11.1921,113.933,-11.4778,45.854,
22.7835,28.6592,-2.46048,34.9751,107.617,19.6427,-89.1447,84.834,-6.63974,25.2928,78.9583,0.439573,1.72103,82.3735,-14.9567,11.1921,113.933,-11.4778,45.854,
26.0718,27.2911,2.20832,32.3992,108.825,19.9846,-90.3236,82.7535,-3.70757,24.8206,81.5342,-1.42229,0.238463,84.9618,-13.7591,11.6595,113.933,-11.4778,45.854,
26.0718,27.2911,2.20832,32.3992,108.825,19.9846,-90.3236,82.7535,-3.70757,24.8206,81.5342,-1.42229,0.238463,84.9618,-13.7591,11.6595,113.933,-11.4778,45.854,
26.206,27.4252,2.20832,36.0602,108.959,20.1567,-90.6181,82.7535,-3.70757,24.8206,81.5342,-1.42229,0.238463,84.9618,-13.7591,11.6595,117.594,-12.7843,43.7595,
26.206,27.4252,2.20832,36.0602,108.959,20.1567,-90.6181,82.7535,-3.70757,24.8206,81.5342,-1.42229,0.238463,84.9618,-13.7591,11.6595,117.594,-12.7843,43.7595,
28.3502,22.3399,8.02891,27.8175,108.916,20.4669,-90.7488,80.5662,-3.57525,23.0299,86.5765,-1.58039,-0.17818,88.5952,-11.7058,11.894,114.394,-11.0609,39.7916,
28.3502,22.3399,8.02891,27.8175,108.916,20.4669,-90.7488,80.5662,-3.57525,23.0299,86.5765,-1.58039,-0.17818,88.5952,-11.7058,11.894,114.394,-11.0609,39.7916,
31.6927,17.7506,14.4255,22.3444,107.165,20.3724,-89.6731,75.4722,-3.53563,19.8223,89.4143,-0.934585,-0.770284,89.8977,-10.3633,13.8214,111.759,-10.1823,38.0542,
31.6927,17.7506,14.4255,22.3444,107.165,20.3724,-89.6731,75.4722,-3.53563,19.8223,89.4143,-0.934585,-0.770284,89.8977,-10.3633,13.8214,111.759,-10.1823,38.0542,
40.1291,14.5548,22.4755,18.7622,107.551,20.0369,-88.4719,67.4222,-3.34345,15.696,92.9965,-0.633425,-2.44098,89.8977,-10.3633,13.8214,111.759,-10.1823,38.0542,
40.1291,14.5548,22.4755,18.7622,107.551,20.0369,-88.4719,67.4222,-3.34345,15.696,92.9965,-0.633425,-2.44098,89.8977,-10.3633,13.8214,111.759,-10.1823,38.0542,
43.7847,14.9334,26.179,2.2218,109.15,19.1508,-87.7981,65.365,-3.92267,14.2123,94.2162,-0.620878,-3.10498,91.5439,-9.06459,15.1487,96.438,-5.76625,32.0449,
43.7847,14.9334,26.179,2.2218,109.15,19.1508,-87.7981,65.365,-3.92267,14.2123,94.2162,-0.620878,-3.10498,91.5439,-9.06459,15.1487,96.438,-5.76625,32.0449,
42.4128,13.5616,28.155,-7.07029,107.778,18.4083,-87.5267,65.365,-3.92267,14.2123,94.2162,-0.620878,-3.10498,93.52,-7.84451,15.7059,87.1459,-3.76718,32.7176,
42.4128,13.5616,28.155,-7.07029,107.778,18.4083,-87.5267,65.365,-3.92267,14.2123,94.2162,-0.620878,-3.10498,93.52,-7.84451,15.7059,87.1459,-3.76718,32.7176,
42.6075,11.3663,29.1826,-9.46026,107.972,18.2931,-87.4122,65.365,-3.92267,14.2123,96.6062,-0.349002,-4.12756,94.5476,-7.38623,15.7369,87.1459,-3.76718,32.7176,
42.6075,11.3663,29.1826,-9.46026,107.972,18.2931,-87.4122,65.365,-3.92267,14.2123,96.6062,-0.349002,-4.12756,94.5476,-7.38623,15.7369,87.1459,-3.76718,32.7176,
45.0923,9.19952,32.3873,-11.9422,108.288,18.1694,-87.3036,63.1953,-5.75962,12.0719,99.0881,-0.00894939,-5.12009,95.5825,-6.86642,15.6893,87.1459,-3.76718,32.7176,
45.0923,9.19952,32.3873,-11.9422,108.288,18.1694,-87.3036,63.1953,-5.75962,12.0719,99.0881,-0.00894939,-5.12009,95.5825,-6.86642,15.6893,87.1459,-3.76718,32.7176,
45.4874,10.2037,33.5463,-31.8037,109.722,17.3423,-86.8783,64.2347,-6.04935,12.0514,99.5185,0.117984,-5.19131,97.781,-5.77047,15.662,67.7147,3.03335,33.4917,
45.4874,10.2037,33.5463,-31.8037,109.722,17.3423,-86.8783,64.2347,-6.04935,12.0514,99.5185,0.117984,-5.19131,97.781,-5.77047,15.662,67.7147,3.03335,33.4917,
43.6524,10.4674,34.2213,-36.152,109.986,16.4278,-86.7645,66.3335,-6.26247,11.9061,99.5185,0.117984,-5.19131,100.555,-4.35654,15.9899,63.3665,4.7936,32.9909,
43.6524,10.4674,34.2213,-36.152,109.986,16.4278,-86.7645,66.3335,-6.26247,11.9061,99.5185,0.117984,-5.19131,100.555,-4.35654,15.9899,63.3665,4.7936,32.9909,
33.8089,9.27412,29.0736,-39.9965,108.945,16.4939,-87.7827,75.1364,-4.7916,10.2699,99.6712,0.133931,-5.16116,104.21,-2.63309,16.5033,59.6747,6.27804,32.8803,
33.8089,9.27412,29.0736,-39.9965,108.945,16.4939,-87.7827,75.1364,-4.7916,10.2699,99.6712,0.133931,-5.16116,104.21,-2.63309,16.5033,59.6747,6.27804,32.8803,
34.7282,12.8678,30.4613,-37.8264,108.477,16.6085,-88.1766,73.7487,-5.11404,9.26273,95.6091,1.38218,-6.57175,104.21,-2.63309,16.5033,57.7826,10.4038,35.7777,
34.7282,12.8678,30.4613,-37.8264,108.477,16.6085,-88.1766,73.7487,-5.11404,9.26273,95.6091,1.38218,-6.57175,104.21,-2.63309,16.5033,57.7826,10.4038,35.7777,
34.5263,16.0449,36.8711,-35.2375,108.885,16.8391,-87.8031,74.3585,-5.27568,8.91235,92.8399,1.99165,-8.00469,111.23,1.45007,15.5263,57.6024,12.8611,37.6714,
34.5263,16.0449,36.8711,-35.2375,108.885,16.8391,-87.8031,74.3585,-5.27568,8.91235,92.8399,1.99165,-8.00469,111.23,1.45007,15.5263,57.6024,12.8611,37.6714,
34.5728,16.0915,36.8711,-33.7545,108.931,16.9703,-87.4124,74.3585,-5.27568,8.91235,92.8399,1.99165,-8.00469,111.23,1.45007,15.5263,59.0854,12.2417,37.9336,
34.5728,16.0915,36.8711,-33.7545,108.931,16.9703,-87.4124,74.3585,-5.27568,8.91235,92.8399,1.99165,-8.00469,111.23,1.45007,15.5263,59.0854,12.2417,37.9336,
26.3983,23.1374,33.5325,-25.6059,108.527,17.3019,-86.3784,82.1282,-4.55188,10.1146,85.3892,2.5999,-13.8189,115.661,6.72921,12.0728,59.7832,11.8739,38.3131,
26.3983,23.1374,33.5325,-25.6059,108.527,17.3019,-86.3784,82.1282,-4.55188,10.1146,85.3892,2.5999,-13.8189,115.661,6.72921,12.0728,59.7832,11.8739,38.3131,
24.4088,22.8454,39.4401,-22.1028,107.95,18.0146,-86.5328,83.5411,-3.79083,11.0355,85.1045,0.90741,-15.3849,122.981,12.814,8.7222,63.0016,11.8247,39.3567,
24.4088,22.8454,39.4401,-22.1028,107.95,18.0146,-86.5328,83.5411,-3.79083,11.0355,85.1045,0.90741,-15.3849,122.981,12.814,8.7222,63.0016,11.8247,39.3567,
22.4253,22.8394,42.1395,-18.1405,107.944,18.7006,-87.3504,85.5186,-3.16778,11.3184,85.1045,0.90741,-15.3849,127.658,14.8607,9.18051,66.964,10.7131,38.5665,
22.4253,22.8394,42.1395,-18.1405,107.944,18.7006,-87.3504,85.5186,-3.16778,11.3184,85.1045,0.90741,-15.3849,127.658,14.8607,9.18051,66.964,10.7131,38.5665,
19.2719,25.2139,39.4282,-14.8358,107.961,19.1935,-88.201,88.6891,-1.87916,11.2005,82.7472,-0.48597,-13.5581,128.117,15.4813,10.8049,67.9114,10.451,38.6552,
19.2719,25.2139,39.4282,-14.8358,107.961,19.1935,-88.201,88.6891,-1.87916,11.2005,82.7472,-0.48597,-13.5581,128.117,15.4813,10.8049,67.9114,10.451,38.6552,
17.8409,30.2706,36.6751,-9.77079,107.953,18.6313,-88.0014,90.1118,-1.51091,11.3813,77.6822,-1.65808,-11.7106,126.787,15.1905,10.1943,67.9114,10.451,38.6552,
17.8409,30.2706,36.6751,-9.77079,107.953,18.6313,-88.0014,90.1118,-1.51091,11.3813,77.6822,-1.65808,-11.7106,126.787,15.1905,10.1943,67.9114,10.451,38.6552,
16.7923,32.3187,36.2381,-7.11096,107.341,18.1492,-87.7588,90.5487,-1.64264,11.2881,75.0223,-2.20099,-11.1591,126.787,15.1905,10.1943,67.9114,10.451,38.6552,
16.7923,32.3187,36.2381,-7.11096,107.341,18.1492,-87.7588,90.5487,-1.64264,11.2881,75.0223,-2.20099,-11.1591,126.787,15.1905,10.1943,67.9114,10.451,38.6552,
15.5458,34.1791,28.1055,-0.176613,106.531,18.0048,-87.8951,90.9849,-1.76258,11.1303,72.3517,-2.92055,-10.4972,119.09,11.1329,10.7115,72.1751,6.92648,35.7512,
15.5458,34.1791,28.1055,-0.176613,106.531,18.0048,-87.8951,90.9849,-1.76258,11.1303,72.3517,-2.92055,-10.4972,119.09,11.1329,10.7115,72.1751,6.92648,35.7512,
12.488,38.1214,18.3737,5.83582,105.598,18.0859,-87.974,93.1102,-1.72045,11.963,67.4767,-4.05016,-8.15402,111.484,6.33809,12.1874,73.3125,6.0383,34.8856,
12.488,38.1214,18.3737,5.83582,105.598,18.0859,-87.974,93.1102,-1.72045,11.963,67.4767,-4.05016,-8.15402,111.484,6.33809,12.1874,73.3125,6.0383,34.8856,
8.44871,41.1709,9.81651,8.88288,105.601,19.6046,-90.3049,97.1519,-1.15276,14.0424,64.4297,-2.77005,-5.23718,106.968,3.70495,13.0092,73.3125,6.0383,34.8856,
8.44871,41.1709,9.81651,8.88288,105.601,19.6046,-90.3049,97.1519,-1.15276,14.0424,64.4297,-2.77005,-5.23718,106.968,3.70495,13.0092,73.3125,6.0383,34.8856,
6.20224,40.0822,8.94142,13.7656,104.229,19.8637,-89.7638,98.027,-1.07828,14.3461,64.1471,-1.37591,-4.00902,106.968,3.70495,13.0092,77.9127,4.10102,33.4996,
6.20224,40.0822,8.94142,13.7656,104.229,19.8637,-89.7638,98.027,-1.07828,14.3461,64.1471,-1.37591,-4.00902,106.968,3.70495,13.0092,77.9127,4.10102,33.4996,
6.69398,39.7868,-10.1694,14.084,104.721,20.0264,-87.9655,98.027,-1.07828,14.3461,64.9342,-0.363054,-3.21088,87.8576,-6.6212,14.0882,79.0182,3.7116,33.579,
6.69398,39.7868,-10.1694,14.084,104.721,20.0264,-87.9655,98.027,-1.07828,14.3461,64.9342,-0.363054,-3.21088,87.8576,-6.6212,14.0882,79.0182,3.7116,33.579,
7.11861,37.6289,-16.0977,11.306,106.476,20.9812,-86.9338,99.357,-1.15058,14.6447,68.8467,-0.694163,-3.2618,83.2592,-9.29637,14.5878,80.1527,3.27278,33.7072,
7.11861,37.6289,-16.0977,11.306,106.476,20.9812,-86.9338,99.357,-1.15058,14.6447,68.8467,-0.694163,-3.2618,83.2592,-9.29637,14.5878,80.1527,3.27278,33.7072,
7.11861,37.6289,-20.2987,11.306,106.476,20.9812,-86.9338,99.357,-1.15058,14.6447,68.8467,-0.694163,-3.2618,79.0583,-11.5541,15.9262,80.1527,3.27278,33.7072,
7.11861,37.6289,-20.2987,11.306,106.476,20.9812,-86.9338,99.357,-1.15058,14.6447,68.8467,-0.694163,-3.2618,79.0583,-11.5541,15.9262,80.1527,3.27278,33.7072,
7.10554,29.1729,-27.0177,9.64781,106.634,21.2065,-86.2449,99.5288,-1.28844,14.5198,77.4615,-1.39001,-1.6673,72.5111,-13.5333,20.0009,87.1093,0.877079,33.1156,
7.10554,29.1729,-27.0177,9.64781,106.634,21.2065,-86.2449,99.5288,-1.28844,14.5198,77.4615,-1.39001,-1.6673,72.5111,-13.5333,20.0009,87.1093,0.877079,33.1156,
7.23648,30.2687,-26.3108,13.1208,106.674,21.0625,-85.9226,99.4373,-1.50349,14.6522,76.4051,-0.316819,0.241163,73.1265,-13.7443,18.6337,89.5259,0.203473,33.0453,
7.23648,30.2687,-26.3108,13.1208,106.674,21.0625,-85.9226,99.4373,-1.50349,14.6522,76.4051,-0.316819,0.241163,73.1265,-13.7443,18.6337,89.5259,0.203473,33.0453,
13.8963,30.8504,-18.0507,15.824,107.255,21.132,-86.1846,93.3591,-3.5127,16.4029,76.4051,-0.316819,0.241163,75.3084,-17.1196,12.536,92.2291,-0.485445,33.2776,
13.8963,30.8504,-18.0507,15.824,107.255,21.132,-86.1846,93.3591,-3.5127,16.4029,76.4051,-0.316819,0.241163,75.3084,-17.1196,12.536,92.2291,-0.485445,33.2776,
17.0373,27.349,-14.5778,12.6547,106.923,21.0176,-85.7807,89.8862,-4.8062,18.3734,79.5744,1.52097,-1.07367,75.3084,-17.1196,12.536,92.2291,-0.485445,33.2776,
17.0373,27.349,-14.5778,12.6547,106.923,21.0176,-85.7807,89.8862,-4.8062,18.3734,79.5744,1.52097,-1.07367,75.3084,-17.1196,12.536,92.2291,-0.485445,33.2776,
18.9373,27.531,-11.0823,23.9772,107.502,21.0024,-86.285,88.5648,-5.83712,19.5584,79.9711,1.44684,-0.490792,77.4825,-15.4396,12.2437,103.948,-5.96781,40.3013,
18.9373,27.531,-11.0823,23.9772,107.502,21.0024,-86.285,88.5648,-5.83712,19.5584,79.9711,1.44684,-0.490792,77.4825,-15.4396,12.2437,103.948,-5.96781,40.3013,
19.1126,27.7063,-6.69811,23.9772,107.677,20.9563,-86.489,88.5648,-5.83712,19.5584,79.9711,1.44684,-0.490792,81.8667,-15.0855,9.85988,103.948,-5.96781,40.3013,
19.1126,27.7063,-6.69811,23.9772,107.677,20.9563,-86.489,88.5648,-5.83712,19.5584,79.9711,1.44684,-0.490792,81.8667,-15.0855,9.85988,103.948,-5.96781,40.3013,
21.296,24.3086,-2.36465,29.1645,108.011,20.5921,-86.6362,86.7152,-6.4617,23.8558,83.7027,-0.0276309,-2.23487,84.3505,-13.8497,10.0592,112.867,-10.8404,45.1436,
21.296,24.3086,-2.36465,29.1645,108.011,20.5921,-86.6362,86.7152,-6.4617,23.8558,83.7027,-0.0276309,-2.23487,84.3505,-13.8497,10.0592,112.867,-10.8404,45.1436,
22.9139,20.903,-1.58816,24.9176,108.853,20.8371,-87.4073,85.9387,-4.24181,26.6127,87.9496,-1.3877,-2.87314,84.3505,-13.8497,10.0592,112.867,-10.8404,45.1436,
22.9139,20.903,-1.58816,24.9176,108.853,20.8371,-87.4073,85.9387,-4.24181,26.6127,87.9496,-1.3877,-2.87314,84.3505,-13.8497,10.0592,112.867,-10.8404,45.1436,
22.923,20.6007,-0.380432,27.9382,108.862,20.9997,-87.6713,85.9387,-4.24181,26.6127,88.261,-1.3085,-2.38871,85.5583,-13.5642,9.54085,116.199,-11.5941,44.586,
22.923,20.6007,-0.380432,27.9382,108.862,20.9997,-87.6713,85.9387,-4.24181,26.6127,88.261,-1.3085,-2.38871,85.5583,-13.5642,9.54085,116.199,-11.5941,44.586,
21.8482,18.5766,3.79813,24.3881,106.838,21.3027,-88.2357,84.9894,-3.66952,25.7936,88.261,-1.3085,-2.38871,88.7875,-11.5567,8.44782,112.649,-9.43735,41.9257,
21.8482,18.5766,3.79813,24.3881,106.838,21.3027,-88.2357,84.9894,-3.66952,25.7936,88.261,-1.3085,-2.38871,88.7875,-11.5567,8.44782,112.649,-9.43735,41.9257,
29.1322,14.6204,12.7703,21.4424,105.827,21.2476,-88.4152,76.6948,-2.54139,19.8901,91.2066,-0.369255,-1.44709,89.4651,-11.2026,8.38326,112.649,-9.43735,41.9257,
29.1322,14.6204,12.7703,21.4424,105.827,21.2476,-88.4152,76.6948,-2.54139,19.8901,91.2066,-0.369255,-1.44709,89.4651,-11.2026,8.38326,112.649,-9.43735,41.9257,
31.7782,13.7383,15.1265,14.2085,106.117,21.0075,-87.7045,74.3386,-2.54354,18.6315,92.3785,-0.300899,-1.99161,89.4651,-11.2026,8.38326,106.587,-6.46639,38.3678,
31.7782,13.7383,15.1265,14.2085,106.117,21.0075,-87.7045,74.3386,-2.54354,18.6315,92.3785,-0.300899,-1.99161,89.4651,-11.2026,8.38326,106.587,-6.46639,38.3678,
32.5797,13.3491,15.8781,9.26469,106.918,20.8241,-87.1173,74.3386,-2.54354,18.6315,93.5692,-0.311821,-2.56504,90.2167,-10.7499,8.28752,102.834,-5.07317,36.9715,
32.5797,13.3491,15.8781,9.26469,106.918,20.8241,-87.1173,74.3386,-2.54354,18.6315,93.5692,-0.311821,-2.56504,90.2167,-10.7499,8.28752,102.834,-5.07317,36.9715,
34.7503,13.2141,21.6543,5.04773,106.783,20.305,-86.7217,72.033,-2.78984,17.4484,93.5692,-0.311821,-2.56504,93.6873,-8.98005,8.64943,98.6169,-4.02769,36.3167,
34.7503,13.2141,21.6543,5.04773,106.783,20.305,-86.7217,72.033,-2.78984,17.4484,93.5692,-0.311821,-2.56504,93.6873,-8.98005,8.64943,98.6169,-4.02769,36.3167,
36.4618,9.73695,25.5486,-6.358,105.454,19.8805,-87.4877,68.9924,-4.4413,15.1465,95.7172,-0.535297,-3.54063,94.541,-8.32671,9.33106,89.3592,-1.91669,37.5213,
36.4618,9.73695,25.5486,-6.358,105.454,19.8805,-87.4877,68.9924,-4.4413,15.1465,95.7172,-0.535297,-3.54063,94.541,-8.32671,9.33106,89.3592,-1.91669,37.5213,
38.7632,7.96238,28.6671,-28.2867,106.44,19.3941,-88.0925,67.6771,-5.42294,15.3954,98.4779,-0.376652,-3.56487,96.3442,-6.84618,11.1461,70.1912,5.46936,40.5004,
38.7632,7.96238,28.6671,-28.2867,106.44,19.3941,-88.0925,67.6771,-5.42294,15.3954,98.4779,-0.376652,-3.56487,96.3442,-6.84618,11.1461,70.1912,5.46936,40.5004,
39.4262,8.54326,29.0243,-33.972,107.848,18.2496,-87.6384,68.4218,-4.58064,15.9631,99.3048,-0.229975,-3.6672,97.4462,-6.20216,12.2745,65.3328,6.78875,38.8146,
39.4262,8.54326,29.0243,-33.972,107.848,18.2496,-87.6384,68.4218,-4.58064,15.9631,99.3048,-0.229975,-3.6672,97.4462,-6.20216,12.2745,65.3328,6.78875,38.8146,
35.1348,5.77537,28.014,-35.8798,106.988,18.2842,-88.5012,71.8532,-4.8375,14.5211,101.213,-0.248699,-3.49851,99.8672,-4.86483,14.8372,65.3328,6.78875,38.8146,
35.1348,5.77537,28.014,-35.8798,106.988,18.2842,-88.5012,71.8532,-4.8375,14.5211,101.213,-0.248699,-3.49851,99.8672,-4.86483,14.8372,65.3328,6.78875,38.8146,
34.6058,5.24643,28.014,-35.8798,106.459,18.2106,-88.7153,71.8532,-4.8375,14.5211,101.213,-0.248699,-3.49851,99.8672,-4.86483,14.8372,65.3328,6.78875,38.8146,
34.6058,5.24643,28.014,-35.8798,106.459,18.2106,-88.7153,71.8532,-4.8375,14.5211,101.213,-0.248699,-3.49851,99.8672,-4.86483,14.8372,65.3328,6.78875,38.8146,
33.8506,4.36851,29.5838,-47.7243,106.692,18.2406,-88.0388,72.8419,-4.0704,11.3802,102.324,-0.0525577,-3.79509,102.426,-3.36428,16.2436,54.5996,7.91183,33.5752,
33.8506,4.36851,29.5838,-47.7243,106.692,18.2406,-88.0388,72.8419,-4.0704,11.3802,102.324,-0.0525577,-3.79509,102.426,-3.36428,16.2436,54.5996,7.91183,33.5752,
34.0483,5.66996,34.4182,-46.6206,106.89,18.3983,-87.4771,72.8419,-4.0704,11.3802,101.22,0.257708,-4.14204,107.26,-0.008379,16.7012,54.5996,7.91183,33.5752,
34.0483,5.66996,34.4182,-46.6206,106.89,18.3983,-87.4771,72.8419,-4.0704,11.3802,101.22,0.257708,-4.14204,107.26,-0.008379,16.7012,54.5996,7.91183,33.5752,
31.0981,9.36891,33.9266,-40.1933,106.741,18.5569,-86.704,75.6425,-4.59284,10.1144,97.3717,1.49869,-5.99036,109.569,1.55375,16.3658,57.1784,11.1948,37.8788,
31.0981,9.36891,33.9266,-40.1933,106.741,18.5569,-86.704,75.6425,-4.59284,10.1144,97.3717,1.49869,-5.99036,109.569,1.55375,16.3658,57.1784,11.1948,37.8788,
26.9114,15.1864,32.0714,-34.4427,106.808,18.516,-86.7292,79.8961,-4.46656,10.5237,91.6211,2.50221,-8.27135,111.968,3.49582,15.5999,57.1784,11.1948,37.8788,
26.9114,15.1864,32.0714,-34.4427,106.808,18.516,-86.7292,79.8961,-4.46656,10.5237,91.6211,2.50221,-8.27135,111.968,3.49582,15.5999,57.1784,11.1948,37.8788,
24.6585,19.3977,33.985,-25.3909,107.219,18.3796,-86.9445,82.5604,-2.97241,10.0384,87.8212,3.3148,-10.857,116.545,8.96298,11.7714,62.4303,11.4062,38.2707,
24.6585,19.3977,33.985,-25.3909,107.219,18.3796,-86.9445,82.5604,-2.97241,10.0384,87.8212,3.3148,-10.857,116.545,8.96298,11.7714,62.4303,11.4062,38.2707,
24.6891,19.4283,37.3674,-25.3909,107.249,18.326,-86.9433,82.5604,-2.97241,10.0384,87.8212,3.3148,-10.857,119.928,12.0096,9.98638,62.4303,11.4062,38.2707,
24.6891,19.4283,37.3674,-25.3909,107.249,18.326,-86.9433,82.5604,-2.97241,10.0384,87.8212,3.3148,-10.857,119.928,12.0096,9.98638,62.4303,11.4062,38.2707,
21.7379,20.79,41.6145,-21.377,107.388,18.2577,-87.0595,85.6496,-1.85232,10.6741,86.5975,2.06339,-13.8982,127.264,15.596,10.1472,65.2205,9.62061,37.6191,
21.7379,20.79,41.6145,-21.377,107.388,18.2577,-87.0595,85.6496,-1.85232,10.6741,86.5975,2.06339,-13.8982,127.264,15.596,10.1472,65.2205,9.62061,37.6191,
17.43,21.4785,37.5334,-21.5003,108.199,18.4869,-88.118,90.7693,-0.419241,10.0411,86.7209,-0.143935,-13.418,128.303,15.3128,10.5491,65.2205,9.62061,37.6191,
17.43,21.4785,37.5334,-21.5003,108.199,18.4869,-88.118,90.7693,-0.419241,10.0411,86.7209,-0.143935,-13.418,128.303,15.3128,10.5491,65.2205,9.62061,37.6191,
17.0075,26.5507,35.983,-14.7126,108.53,18.4527,-88.5806,91.5222,-0.292028,9.40858,81.979,-1.39509,-10.6509,127.505,14.8616,11.6443,67.2665,8.78435,35.0079,
17.0075,26.5507,35.983,-14.7126,108.53,18.4527,-88.5806,91.5222,-0.292028,9.40858,81.979,-1.39509,-10.6509,127.505,14.8616,11.6443,67.2665,8.78435,35.0079,
17.018,26.5612,30.9208,-13.6401,108.54,18.1222,-88.429,91.5222,-0.292028,9.40858,81.979,-1.39509,-10.6509,122.443,13.1715,10.5165,68.3389,7.63122,33.1663,
17.018,26.5612,30.9208,-13.6401,108.54,18.1222,-88.429,91.5222,-0.292028,9.40858,81.979,-1.39509,-10.6509,122.443,13.1715,10.5165,68.3389,7.63122,33.1663,
14.2472,32.8354,27.2183,-4.51402,106.427,18.1543,-89.2769,92.1801,-0.422325,9.2226,73.5919,-3.54717,-9.33711,119.398,11.3642,10.9821,69.0778,7.14762,32.4391,
14.2472,32.8354,27.2183,-4.51402,106.427,18.1543,-89.2769,92.1801,-0.422325,9.2226,73.5919,-3.54717,-9.33711,119.398,11.3642,10.9821,69.0778,7.14762,32.4391,
11.6169,33.8728,22.5039,-2.09927,105.05,18.4347,-94.2279,93.433,-0.32718,9.94252,71.1771,-4.3369,-8.55171,115.937,9.11603,12.0259,69.0778,7.14762,32.4391,
11.6169,33.8728,22.5039,-2.09927,105.05,18.4347,-94.2279,93.433,-0.32718,9.94252,71.1771,-4.3369,-8.55171,115.937,9.11603,12.0259,69.0778,7.14762,32.4391,
11.1247,33.3805,18.433,0.0476488,104.558,18.1305,-94.8369,93.433,-0.32718,9.94252,71.1771,-4.3369,-8.55171,111.866,6.59842,13.3687,71.2248,6.0012,31.3544,
11.1247,33.3805,18.433,0.0476488,104.558,18.1305,-94.8369,93.433,-0.32718,9.94252,71.1771,-4.3369,-8.55171,111.866,6.59842,13.3687,71.2248,6.0012,31.3544,
10.3392,36.7164,-3.30865,3.31271,104.628,20.6857,-92.7597,94.2893,-0.101784,10.8048,67.9121,-3.95827,-5.82111,90.9807,-3.2949,13.8283,71.2248,6.0012,31.3544,
10.3392,36.7164,-3.30865,3.31271,104.628,20.6857,-92.7597,94.2893,-0.101784,10.8048,67.9121,-3.95827,-5.82111,90.9807,-3.2949,13.8283,71.2248,6.0012,31.3544,
8.81674,35.4619,-10.6255,4.02851,105.348,20.3842,-90.0479,96.5317,0.275589,12.6228,69.8865,-0.305968,-1.66303,85.9062,-6.37116,12.9952,73.915,5.25995,31.4748,
8.81674,35.4619,-10.6255,4.02851,105.348,20.3842,-90.0479,96.5317,0.275589,12.6228,69.8865,-0.305968,-1.66303,85.9062,-6.37116,12.9952,73.915,5.25995,31.4748,
9.46817,34.397,-11.1515,4.68016,106.526,20.9823,-89.4879,97.0577,0.261974,13.0296,72.1289,-0.742464,-1.33968,85.9062,-6.37116,12.9952,76.809,4.29897,31.3824,
9.46817,34.397,-11.1515,4.68016,106.526,20.9823,-89.4879,97.0577,0.261974,13.0296,72.1289,-0.742464,-1.33968,85.9062,-6.37116,12.9952,76.809,4.29897,31.3824,
8.96355,32.722,-25.5614,5.86191,106.722,21.0975,-89.2204,97.758,0.191288,13.3935,73.9995,-1.5177,-0.949354,72.1966,-14.3007,16.7026,79.8614,3.60753,31.5762,
8.96355,32.722,-25.5614,5.86191,106.722,21.0975,-89.2204,97.758,0.191288,13.3935,73.9995,-1.5177,-0.949354,72.1966,-14.3007,16.7026,79.8614,3.60753,31.5762,
8.72609,32.4845,-29.2782,10.8044,106.484,21.2411,-88.3909,97.758,0.191288,13.3935,73.9995,-1.5177,-0.949354,68.4797,-15.1343,19.6819,84.8039,2.45636,31.673,
8.72609,32.4845,-29.2782,10.8044,106.484,21.2411,-88.3909,97.758,0.191288,13.3935,73.9995,-1.5177,-0.949354,68.4797,-15.1343,19.6819,84.8039,2.45636,31.673,
10.0869,34.5814,-30.5547,14.9659,106.473,21.3339,-88.1417,96.3859,-0.00591251,13.293,71.8914,-3.15507,0.737187,65.8312,-15.4263,22.3376,86.8573,1.97445,31.6895,
10.0869,34.5814,-30.5547,14.9659,106.473,21.3339,-88.1417,96.3859,-0.00591251,13.293,71.8914,-3.15507,0.737187,65.8312,-15.4263,22.3376,86.8573,1.97445,31.6895,
12.4992,34.5355,-27.4137,19.7892,106.536,21.34,-88.0468,94.0368,-0.539321,15.7242,72.0005,-1.47777,6.90179,66.6231,-14.751,23.4942,91.7896,0.889607,32.0874,
12.4992,34.5355,-27.4137,19.7892,106.536,21.34,-88.0468,94.0368,-0.539321,15.7242,72.0005,-1.47777,6.90179,66.6231,-14.751,23.4942,91.7896,0.889607,32.0874,
13.0118,32.4253,-21.8774,27.2612,106.392,21.1847,-87.5602,93.3799,-0.992869,16.945,73.9665,-1.85655,6.88595,71.5025,-16.3714,18.5183,101.228,-1.37416,34.3617,
13.0118,32.4253,-21.8774,27.2612,106.392,21.1847,-87.5602,93.3799,-0.992869,16.945,73.9665,-1.85655,6.88595,71.5025,-16.3714,18.5183,101.228,-1.37416,34.3617,
14.995,30.238,-15.2688,25.823,105.643,20.7696,-86.7821,90.6476,-2.8198,20.5012,75.4046,-3.54986,7.28312,75.3788,-14.2425,18.3777,101.228,-1.37416,34.3617,
14.995,30.238,-15.2688,25.823,105.643,20.7696,-86.7821,90.6476,-2.8198,20.5012,75.4046,-3.54986,7.28312,75.3788,-14.2425,18.3777,101.228,-1.37416,34.3617,
15.963,27.4847,-12.8981,24.3328,106.197,20.5199,-86.4167,90.2339,-3.90452,22.0897,78.7122,-3.61843,8.29742,77.3358,-13.4999,18.323,103.045,-3.23493,39.2848,
15.963,27.4847,-12.8981,24.3328,106.197,20.5199,-86.4167,90.2339,-3.90452,22.0897,78.7122,-3.61843,8.29742,77.3358,-13.4999,18.323,103.045,-3.23493,39.2848,
17.1036,25.6469,-11.9435,27.9917,106.383,20.502,-86.3293,89.2793,-4.92867,26.0471,80.736,-4.12244,7.6315,77.3358,-13.4999,18.323,108.728,-8.45398,46.8411,
17.1036,25.6469,-11.9435,27.9917,106.383,20.502,-86.3293,89.2793,-4.92867,26.0471,80.736,-4.12244,7.6315,77.3358,-13.4999,18.323,108.728,-8.45398,46.8411,
16.6363,23.8908,-8.97183,28.5453,106.471,20.4109,-86.0268,89.8347,-4.46531,27.5916,82.5802,-4.2163,7.66273,80.8629,-12.4025,19.4617,111.125,-10.2972,48.2438,
16.6363,23.8908,-8.97183,28.5453,106.471,20.4109,-86.0268,89.8347,-4.46531,27.5916,82.5802,-4.2163,7.66273,80.8629,-12.4025,19.4617,111.125,-10.2972,48.2438,
15.3004,23.3685,-8.77327,27.3259,105.949,20.2333,-85.6959,90.6483,-4.17547,27.092,82.5802,-4.2163,7.66273,81.875,-12.3777,20.3498,109.906,-10.3304,48.4734,
15.3004,23.3685,-8.77327,27.3259,105.949,20.2333,-85.6959,90.6483,-4.17547,27.092,82.5802,-4.2163,7.66273,81.875,-12.3777,20.3498,109.906,-10.3304,48.4734,
15.9218,19.755,-7.47088,22.0974,105.564,20.6684,-85.7522,89.6425,-4.76264,25.3349,85.8094,-3.96144,8.78549,82.1717,-12.095,21.2095,107.907,-10.0382,48.625,
15.9218,19.755,-7.47088,22.0974,105.564,20.6684,-85.7522,89.6425,-4.76264,25.3349,85.8094,-3.96144,8.78549,82.1717,-12.095,21.2095,107.907,-10.0382,48.625,
15.9505,18.6534,-5.98978,16.2276,105.011,21.1927,-86.8048,89.0607,-5.49978,23.1772,86.3579,-3.7648,9.02573,83.071,-11.3001,22.7745,102.585,-8.54806,48.2324,
15.9505,18.6534,-5.98978,16.2276,105.011,21.1927,-86.8048,89.0607,-5.49978,23.1772,86.3579,-3.7648,9.02573,83.071,-11.3001,22.7745,102.585,-8.54806,48.2324,
15.3685,17.3248,-4.82481,4.02069,104.429,21.2176,-86.8357,89.0607,-5.49978,23.1772,87.1044,-3.76648,8.83594,84.2359,-10.6179,23.3721,91.1251,-4.11791,44.7493,
15.3685,17.3248,-4.82481,4.02069,104.429,21.2176,-86.8357,89.0607,-5.49978,23.1772,87.1044,-3.76648,8.83594,84.2359,-10.6179,23.3721,91.1251,-4.11791,44.7493,
15.5924,18.2953,-5.02756,-0.775447,105.4,20.8195,-85.0344,89.8074,-6.47999,21.2449,87.1044,-3.76648,8.83594,84.7798,-10.3225,23.476,86.329,-2.67642,43.5619,
15.5924,18.2953,-5.02756,-0.775447,105.4,20.8195,-85.0344,89.8074,-6.47999,21.2449,87.1044,-3.76648,8.83594,84.7798,-10.3225,23.476,86.329,-2.67642,43.5619,
