37.6287,46.035,9.48234,48.2667,119.411,13.286,156.204,81.7822,-5.76896,-99.8767,73.3758,5.42516,-105.507,91.2646,-9.31688,-118.906,121.643,-3.30999,151.39,
37.6287,46.035,9.48234,48.2667,119.411,13.286,156.204,81.7822,-5.76896,-99.8767,73.3758,5.42516,-105.507,91.2646,-9.31688,-118.906,121.643,-3.30999,151.39,
37.8357,39.3896,13.538,37.4206,117.454,12.2479,158.719,79.6182,-4.58346,-99.0613,78.0643,5.31931,-104.826,93.1562,-8.93359,-117.666,115.485,0.397357,151.644,
37.8357,39.3896,13.538,37.4206,117.454,12.2479,158.719,79.6182,-4.58346,-99.0613,78.0643,5.31931,-104.826,93.1562,-8.93359,-117.666,115.485,0.397357,151.644,
38.8339,40.3878,14.4785,32.9566,118.452,11.3493,161.175,79.6182,-4.58346,-99.0613,78.0643,5.31931,-104.826,94.0967,-8.90747,-117.599,111.021,3.09862,149.642,
38.8339,40.3878,14.4785,32.9566,118.452,11.3493,161.175,79.6182,-4.58346,-99.0613,78.0643,5.31931,-104.826,94.0967,-8.90747,-117.599,111.021,3.09862,149.642,
44.6565,41.3804,20.2783,32.9566,119.445,11.4803,161.468,74.7882,-2.27428,-99.6209,78.0643,5.31931,-104.826,95.0665,-9.11382,-117.777,111.021,3.09862,149.642,
44.6565,41.3804,20.2783,32.9566,119.445,11.4803,161.468,74.7882,-2.27428,-99.6209,78.0643,5.31931,-104.826,95.0665,-9.11382,-117.777,111.021,3.09862,149.642,
50.6672,33.802,28.4993,7.51022,119.355,11.0932,162.245,68.6882,-1.45158,-103.014,85.5533,4.10908,-104.972,97.1874,-9.1924,-117.32,93.0635,8.71972,143.125,
50.6672,33.802,28.4993,7.51022,119.355,11.0932,162.245,68.6882,-1.45158,-103.014,85.5533,4.10908,-104.972,97.1874,-9.1924,-117.32,93.0635,8.71972,143.125,
51.7935,31.8079,31.3807,-8.71584,119.9,10.2943,163.613,68.1069,-1.99672,-104.403,88.0924,4.19066,-105.721,99.4875,-8.85897,-117.323,79.3766,10.4709,143.098,
51.7935,31.8079,31.3807,-8.71584,119.9,10.2943,163.613,68.1069,-1.99672,-104.403,88.0924,4.19066,-105.721,99.4875,-8.85897,-117.323,79.3766,10.4709,143.098,
54.5402,34.5546,32.7359,-15.7062,122.647,10.2191,163.983,68.1069,-1.99672,-104.403,88.0924,4.19066,-105.721,100.843,-8.62476,-117.342,72.3863,11.4047,143.868,
54.5402,34.5546,32.7359,-15.7062,122.647,10.2191,163.983,68.1069,-1.99672,-104.403,88.0924,4.19066,-105.721,100.843,-8.62476,-117.342,72.3863,11.4047,143.868,
57.7413,28.1358,36.8514,-29.5906,123.177,10.9241,162.756,65.4362,-2.45614,-106.646,95.0417,4.87196,-107.516,102.288,-8.22428,-117.307,65.4512,12.8728,144.769,
57.7413,28.1358,36.8514,-29.5906,123.177,10.9241,162.756,65.4362,-2.45614,-106.646,95.0417,4.87196,-107.516,102.288,-8.22428,-117.307,65.4512,12.8728,144.769,
59.1777,26.486,44.5047,-47.9623,122.286,11.1698,161.879,63.1084,-3.09355,-107.499,95.8002,4.24358,-107.333,107.613,-6.661,-117.375,47.8379,15.4078,141.552,
59.1777,26.486,44.5047,-47.9623,122.286,11.1698,161.879,63.1084,-3.09355,-107.499,95.8002,4.24358,-107.333,107.613,-6.661,-117.375,47.8379,15.4078,141.552,
62.7968,27.1264,50.6491,-49.3093,122.159,11.9144,161.002,59.3622,-3.72482,-108.761,95.0326,4.24317,-107.289,110.011,-6.00653,-117.018,45.7232,15.9936,141.066,
62.7968,27.1264,50.6491,-49.3093,122.159,11.9144,161.002,59.3622,-3.72482,-108.761,95.0326,4.24317,-107.289,110.011,-6.00653,-117.018,45.7232,15.9936,141.066,
62.8454,27.1751,53.3507,-46.0677,122.208,12.274,160.706,59.3622,-3.72482,-108.761,95.0326,4.24317,-107.289,112.713,-5.25506,-116.595,48.9649,17.9453,142.598,
62.8454,27.1751,53.3507,-46.0677,122.208,12.274,160.706,59.3622,-3.72482,-108.761,95.0326,4.24317,-107.289,112.713,-5.25506,-116.595,48.9649,17.9453,142.598,
60.7435,35.4405,54.2067,-31.536,122.276,13.8017,160.077,61.5325,-2.5692,-111.854,86.8356,8.15626,-109.206,115.739,-4.28753,-116.541,55.2996,17.646,143.378,
60.7435,35.4405,54.2067,-31.536,122.276,13.8017,160.077,61.5325,-2.5692,-111.854,86.8356,8.15626,-109.206,115.739,-4.28753,-116.541,55.2996,17.646,143.378,
58.3892,37.0371,60.4053,-23.0308,122.625,13.8637,160.503,64.2358,-3.20353,-114.953,85.5879,9.04259,-111.174,124.641,2.6784,-121.817,62.5571,9.02758,132.732,
58.3892,37.0371,60.4053,-23.0308,122.625,13.8637,160.503,64.2358,-3.20353,-114.953,85.5879,9.04259,-111.174,124.641,2.6784,-121.817,62.5571,9.02758,132.732,
58.2686,36.3305,66.5128,-18.5854,121.717,12.4719,162.105,63.4482,-6.20491,-119.474,85.3864,9.41733,-114.931,129.961,9.61183,-126.401,66.801,11.234,136.115,
58.2686,36.3305,66.5128,-18.5854,121.717,12.4719,162.105,63.4482,-6.20491,-119.474,85.3864,9.41733,-114.931,129.961,9.61183,-126.401,66.801,11.234,136.115,
55.4118,33.4736,68.3951,-18.5854,118.86,11.8942,163.588,63.4482,-6.20491,-119.474,85.3864,9.41733,-114.931,131.843,11.2926,-126.963,66.801,11.234,136.115,
55.4118,33.4736,68.3951,-18.5854,118.86,11.8942,163.588,63.4482,-6.20491,-119.474,85.3864,9.41733,-114.931,131.843,11.2926,-126.963,66.801,11.234,136.115,
55.8495,42.7295,64.3067,-13.8556,123.386,13.0183,162.947,67.5366,-4.35288,-114.215,80.6567,5.72272,-118.947,131.843,11.2926,-126.963,66.801,11.234,136.115,
55.8495,42.7295,64.3067,-13.8556,123.386,13.0183,162.947,67.5366,-4.35288,-114.215,80.6567,5.72272,-118.947,131.843,11.2926,-126.963,66.801,11.234,136.115,
49.8972,43.8374,59.6526,-4.43123,122.466,13.0118,162.691,72.5688,-2.53304,-112.803,78.6286,5.81137,-116.681,132.221,5.93648,-120.738,74.1974,10.1863,134.508,
49.8972,43.8374,59.6526,-4.43123,122.466,13.0118,162.691,72.5688,-2.53304,-112.803,78.6286,5.81137,-116.681,132.221,5.93648,-120.738,74.1974,10.1863,134.508,
45.5634,43.6534,51.4766,0.850691,120.427,12.5549,162.667,74.8632,-2.4904,-112.776,76.7732,5.43096,-115.271,126.34,4.10697,-119.221,77.6239,10.9125,136.715,
45.5634,43.6534,51.4766,0.850691,120.427,12.5549,162.667,74.8632,-2.4904,-112.776,76.7732,5.43096,-115.271,126.34,4.10697,-119.221,77.6239,10.9125,136.715,
38.2469,46.6623,42.5253,7.50611,117.759,13.019,162.792,79.5123,-1.90239,-111.442,71.0969,3.91274,-114.905,122.038,2.99699,-118.245,78.603,10.9078,136.109,
38.2469,46.6623,42.5253,7.50611,117.759,13.019,162.792,79.5123,-1.90239,-111.442,71.0969,3.91274,-114.905,122.038,2.99699,-118.245,78.603,10.9078,136.109,
34.4462,52.488,33.2397,13.7423,118.348,14.5602,162.494,83.9022,-0.83725,-111.279,65.8604,2.52566,-113.739,117.142,1.78612,-117.591,79.6028,10.7406,135.586,
34.4462,52.488,33.2397,13.7423,118.348,14.5602,162.494,83.9022,-0.83725,-111.279,65.8604,2.52566,-113.739,117.142,1.78612,-117.591,79.6028,10.7406,135.586,
31.6335,54.7207,18.4209,19.7623,118.673,15.4131,164.002,87.0392,-0.508223,-111.317,63.9519,2.60073,-112.06,105.46,-1.76523,-114.44,83.7142,10.9153,136.465,
31.6335,54.7207,18.4209,19.7623,118.673,15.4131,164.002,87.0392,-0.508223,-111.317,63.9519,2.60073,-112.06,105.46,-1.76523,-114.44,83.7142,10.9153,136.465,
31.8525,56.3183,4.50036,22.1652,118.892,15.5836,165.175,87.0392,-0.508223,-111.317,62.5734,3.45371,-109.791,91.5395,-4.98456,-111.591,84.7385,10.9992,136.91,
31.8525,56.3183,4.50036,22.1652,118.892,15.5836,165.175,87.0392,-0.508223,-111.317,62.5734,3.45371,-109.791,91.5395,-4.98456,-111.591,84.7385,10.9992,136.91,
32.804,57.2698,-2.83239,22.1652,119.843,15.8566,165.89,87.0392,-0.508223,-111.317,62.5734,3.45371,-109.791,84.2068,-6.77669,-110.957,84.7385,10.9992,136.91,
32.804,57.2698,-2.83239,22.1652,119.843,15.8566,165.89,87.0392,-0.508223,-111.317,62.5734,3.45371,-109.791,84.2068,-6.77669,-110.957,84.7385,10.9992,136.91,
23.4547,57.2107,-12.1226,26.124,119.784,15.6059,166.671,96.3294,0.0511633,-107.038,62.5734,3.45371,-109.791,84.2068,-6.77669,-110.957,88.6973,11.1456,138.791,
23.4547,57.2107,-12.1226,26.124,119.784,15.6059,166.671,96.3294,0.0511633,-107.038,62.5734,3.45371,-109.791,84.2068,-6.77669,-110.957,88.6973,11.1456,138.791,
22.2067,60.5784,-36.8097,32.0219,119.386,15.1472,167.707,97.1798,0.293157,-106.632,58.8081,9.63344,-100.463,60.3701,-12.0861,-103.726,90.83,11.0151,138.995,
22.2067,60.5784,-36.8097,32.0219,119.386,15.1472,167.707,97.1798,0.293157,-106.632,58.8081,9.63344,-100.463,60.3701,-12.0861,-103.726,90.83,11.0151,138.995,
22.4658,67.6943,-39.5842,43.2052,120.397,14.8787,168.666,97.9317,0.781242,-106.328,52.7032,10.3162,-98.6144,58.3475,-13.0259,-103.376,95.9083,10.5837,138.736,
22.4658,67.6943,-39.5842,43.2052,120.397,14.8787,168.666,97.9317,0.781242,-106.328,52.7032,10.3162,-98.6144,58.3475,-13.0259,-103.376,95.9083,10.5837,138.736,
22.5032,76.8211,-35.794,52.6791,120.05,14.3035,169.697,97.5471,-0.142363,-106.369,43.2292,11.7355,-95.8666,61.7531,-13.7903,-104.432,95.9083,10.5837,138.736,
22.5032,76.8211,-35.794,52.6791,120.05,14.3035,169.697,97.5471,-0.142363,-106.369,43.2292,11.7355,-95.8666,61.7531,-13.7903,-104.432,95.9083,10.5837,138.736,
27.2928,63.5552,-20.2687,50.1797,118.892,13.9311,170.19,91.5993,-4.4573,-105.412,55.3368,7.66171,-96.0083,71.3306,-14.8958,-110.322,105.517,9.9428,138.968,
27.2928,63.5552,-20.2687,50.1797,118.892,13.9311,170.19,91.5993,-4.4573,-105.412,55.3368,7.66171,-96.0083,71.3306,-14.8958,-110.322,105.517,9.9428,138.968,
26.9092,60.6267,-17.5432,55.628,117.79,14.6334,168.915,90.8806,-5.25545,-102.555,57.163,7.90212,-95.24,73.3374,-12.7486,-106.89,112.791,8.2529,144.045,
26.9092,60.6267,-17.5432,55.628,117.79,14.6334,168.915,90.8806,-5.25545,-102.555,57.163,7.90212,-95.24,73.3374,-12.7486,-106.89,112.791,8.2529,144.045,
26.5715,60.2891,-14.6501,55.628,117.452,14.892,168.656,90.8806,-5.25545,-102.555,57.163,7.90212,-95.24,76.2305,-11.0055,-105.701,112.791,8.2529,144.045,
26.5715,60.2891,-14.6501,55.628,117.452,14.892,168.656,90.8806,-5.25545,-102.555,57.163,7.90212,-95.24,76.2305,-11.0055,-105.701,112.791,8.2529,144.045,
27.5131,58.3137,-9.29134,62.3261,116.774,15.0114,168.261,89.2604,-6.6342,-87.6671,58.4598,11.1375,-90.2919,79.9691,-11.5503,-107.738,120.786,1.21602,157.05,
27.5131,58.3137,-9.29134,62.3261,116.774,15.0114,168.261,89.2604,-6.6342,-87.6671,58.4598,11.1375,-90.2919,79.9691,-11.5503,-107.738,120.786,1.21602,157.05,
31.3794,50.0915,-2.98763,58.861,117.258,15.3313,167.132,85.8786,-5.64423,-85.0545,67.1666,5.77092,-92.3031,82.8909,-11.6457,-107.424,126.028,-1.53003,160.003,
31.3794,50.0915,-2.98763,58.861,117.258,15.3313,167.132,85.8786,-5.64423,-85.0545,67.1666,5.77092,-92.3031,82.8909,-11.6457,-107.424,126.028,-1.53003,160.003,
34.5666,48.6796,5.9631,54.507,118.274,16.296,167.079,83.7077,-5.61828,-86.5988,69.5947,5.26843,-92.8259,89.6708,-9.88162,-109.34,124.102,-0.0298495,158.63,
34.5666,48.6796,5.9631,54.507,118.274,16.296,167.079,83.7077,-5.61828,-86.5988,69.5947,5.26843,-92.8259,89.6708,-9.88162,-109.34,124.102,-0.0298495,158.63,
34.0198,48.1328,7.64437,51.4458,117.728,16.1212,168.868,83.7077,-5.61828,-86.5988,69.5947,5.26843,-92.8259,91.3521,-9.46768,-110.405,121.04,1.08821,159.091,
34.0198,48.1328,7.64437,51.4458,117.728,16.1212,168.868,83.7077,-5.61828,-86.5988,69.5947,5.26843,-92.8259,91.3521,-9.46768,-110.405,121.04,1.08821,159.091,
41.9639,37.5146,18.1903,38.7959,116.393,14.6811,170.347,74.4287,-3.35527,-83.3356,78.8779,5.03002,-92.8409,92.6189,-9.4071,-110.471,117.674,2.64602,159.17,
41.9639,37.5146,18.1903,38.7959,116.393,14.6811,170.347,74.4287,-3.35527,-83.3356,78.8779,5.03002,-92.8409,92.6189,-9.4071,-110.471,117.674,2.64602,159.17,
42.6538,38.2045,18.1903,29.2676,117.082,14.5552,170.647,74.4287,-3.35527,-83.3356,78.8779,5.03002,-92.8409,92.6189,-9.4071,-110.471,108.146,6.47951,156.467,
42.6538,38.2045,18.1903,29.2676,117.082,14.5552,170.647,74.4287,-3.35527,-83.3356,78.8779,5.03002,-92.8409,92.6189,-9.4071,-110.471,108.146,6.47951,156.467,
48.7839,35.6367,26.36,5.86358,118.465,14.5326,170.888,69.6815,-1.7469,-83.8224,82.8287,4.45474,-93.0305,96.0415,-9.22417,-108.345,88.6923,10.2822,152.33,
48.7839,35.6367,26.36,5.86358,118.465,14.5326,170.888,69.6815,-1.7469,-83.8224,82.8287,4.45474,-93.0305,96.0415,-9.22417,-108.345,88.6923,10.2822,152.33,
50.9188,35.1676,31.2333,5.86358,117.996,14.032,171.405,67.0775,-2.97795,-87.118,82.8287,4.45474,-93.0305,98.3108,-8.9545,-106.836,88.6923,10.2822,152.33,
50.9188,35.1676,31.2333,5.86358,117.996,14.032,171.405,67.0775,-2.97795,-87.118,82.8287,4.45474,-93.0305,98.3108,-8.9545,-106.836,88.6923,10.2822,152.33,
53.0799,30.3914,31.9067,-14.8664,119.484,12.9695,172.258,66.4041,-4.33104,-89.699,89.0926,4.85781,-94.7382,98.3108,-8.9545,-106.836,74.2261,11.8972,151.62,
53.0799,30.3914,31.9067,-14.8664,119.484,12.9695,172.258,66.4041,-4.33104,-89.699,89.0926,4.85781,-94.7382,98.3108,-8.9545,-106.836,74.2261,11.8972,151.62,
54.9696,28.6712,36.8589,-32.3664,120.85,13.385,171.626,65.8804,-4.37983,-90.5555,92.1788,5.09627,-95.9911,102.739,-8.33888,-107.202,59.8124,13.4223,150.852,
54.9696,28.6712,36.8589,-32.3664,120.85,13.385,171.626,65.8804,-4.37983,-90.5555,92.1788,5.09627,-95.9911,102.739,-8.33888,-107.202,59.8124,13.4223,150.852,
55.3425,25.6127,41.7218,-46.5693,120.279,13.6156,171.044,64.936,-4.70655,-91.988,94.6659,5.12554,-96.7932,106.658,-7.35132,-107.541,48.0966,13.1816,147.557,
55.3425,25.6127,41.7218,-46.5693,120.279,13.6156,171.044,64.936,-4.70655,-91.988,94.6659,5.12554,-96.7932,106.658,-7.35132,-107.541,48.0966,13.1816,147.557,
60.3354,24.7894,49.8566,-46.5693,119.455,14.2443,170.187,59.1199,-7.32195,-95.366,94.6659,5.12554,-96.7932,108.977,-6.61247,-107.715,48.0966,13.1816,147.557,
60.3354,24.7894,49.8566,-46.5693,119.455,14.2443,170.187,59.1199,-7.32195,-95.366,94.6659,5.12554,-96.7932,108.977,-6.61247,-107.715,48.0966,13.1816,147.557,
67.0376,24.6889,56.7014,-48.2664,119.313,14.5651,169.874,52.2751,-10.0747,-97.9958,94.6238,4.33893,-97.1482,108.977,-6.61247,-107.715,46.3574,12.7916,146.017,
67.0376,24.6889,56.7014,-48.2664,119.313,14.5651,169.874,52.2751,-10.0747,-97.9958,94.6238,4.33893,-97.1482,108.977,-6.61247,-107.715,46.3574,12.7916,146.017,
61.0425,28.3273,63.1747,-36.3307,119.101,15.549,169.167,58.0584,-7.96783,-97.4821,90.7737,5.52761,-97.9113,121.233,-2.1819,-108.667,54.4429,14.503,149.177,
61.0425,28.3273,63.1747,-36.3307,119.101,15.549,169.167,58.0584,-7.96783,-97.4821,90.7737,5.52761,-97.9113,121.233,-2.1819,-108.667,54.4429,14.503,149.177,
61.6528,31.443,65.9278,-28.7347,119.711,16.7796,169.424,58.0584,-7.96783,-97.4821,88.2682,6.99992,-99.1168,123.986,0.526876,-111.064,59.5335,12.0336,146.165,
61.6528,31.443,65.9278,-28.7347,119.711,16.7796,169.424,58.0584,-7.96783,-97.4821,88.2682,6.99992,-99.1168,123.986,0.526876,-111.064,59.5335,12.0336,146.165,
57.4252,31.6646,63.7413,-28.7347,119.933,15.9944,170.584,62.5076,-7.11236,-99.9224,88.2682,6.99992,-99.1168,126.249,4.36552,-114.766,59.5335,12.0336,146.165,
57.4252,31.6646,63.7413,-28.7347,119.933,15.9944,170.584,62.5076,-7.11236,-99.9224,88.2682,6.99992,-99.1168,126.249,4.36552,-114.766,59.5335,12.0336,146.165,
50.2284,34.637,61.8307,-12.7212,116.914,14.2916,172.581,66.6852,-8.01021,-102.054,82.2767,8.39622,-110.969,128.516,8.30851,-117.808,69.5555,10.7334,145.218,
50.2284,34.637,61.8307,-12.7212,116.914,14.2916,172.581,66.6852,-8.01021,-102.054,82.2767,8.39622,-110.969,128.516,8.30851,-117.808,69.5555,10.7334,145.218,
49.4114,37.2334,62.8972,-8.33664,117.53,14.4904,173.374,68.1183,-6.56518,-100.147,80.2963,5.96047,-110.943,131.015,11.1232,-120.518,71.9597,10.5252,143.997,
49.4114,37.2334,62.8972,-8.33664,117.53,14.4904,173.374,68.1183,-6.56518,-100.147,80.2963,5.96047,-110.943,131.015,11.1232,-120.518,71.9597,10.5252,143.997,
50.6997,38.5217,64.1718,-5.92017,118.818,14.8319,173.334,68.1183,-6.56518,-100.147,80.2963,5.96047,-110.943,132.29,9.52278,-119.335,74.3761,10.5515,144.801,
50.6997,38.5217,64.1718,-5.92017,118.818,14.8319,173.334,68.1183,-6.56518,-100.147,80.2963,5.96047,-110.943,132.29,9.52278,-119.335,74.3761,10.5515,144.801,
52.0161,39.8381,63.7934,-3.79363,120.134,15.574,172.144,68.1183,-6.56518,-100.147,80.2963,5.96047,-110.943,131.912,7.17191,-116.89,76.5027,10.5562,146.02,
52.0161,39.8381,63.7934,-3.79363,120.134,15.574,172.144,68.1183,-6.56518,-100.147,80.2963,5.96047,-110.943,131.912,7.17191,-116.89,76.5027,10.5562,146.02,
38.3292,46.1422,42.6511,7.74588,118.524,15.3341,172.107,80.1947,-4.80592,-100.22,72.3817,3.02266,-107.561,122.846,2.34978,-114.802,80.1276,10.6502,146.808,
38.3292,46.1422,42.6511,7.74588,118.524,15.3341,172.107,80.1947,-4.80592,-100.22,72.3817,3.02266,-107.561,122.846,2.34978,-114.802,80.1276,10.6502,146.808,
34.2701,49.3989,30.4793,14.794,116.577,15.3248,171.717,82.3066,-4.15792,-99.6647,67.1779,1.19459,-106.654,112.786,-2.3904,-112.127,81.9719,11.2534,147.878,
34.2701,49.3989,30.4793,14.794,116.577,15.3248,171.717,82.3066,-4.15792,-99.6647,67.1779,1.19459,-106.654,112.786,-2.3904,-112.127,81.9719,11.2534,147.878,
34.5474,49.6762,24.4433,15.6465,116.854,16.2624,171.346,82.3066,-4.15792,-99.6647,67.1779,1.19459,-106.654,106.75,-4.85426,-110.261,82.8244,11.2846,147.797,
34.5474,49.6762,24.4433,15.6465,116.854,16.2624,171.346,82.3066,-4.15792,-99.6647,67.1779,1.19459,-106.654,106.75,-4.85426,-110.261,82.8244,11.2846,147.797,
28.3021,53.0525,10.977,19.341,117.452,16.6638,171.595,89.1504,-3.12221,-99.6126,64.3999,1.72611,-103.056,100.127,-6.99018,-108.266,83.741,11.0481,147.283,
28.3021,53.0525,10.977,19.341,117.452,16.6638,171.595,89.1504,-3.12221,-99.6126,64.3999,1.72611,-103.056,100.127,-6.99018,-108.266,83.741,11.0481,147.283,
28.6679,54.6216,4.10766,22.7331,117.818,16.9009,171.803,89.1504,-3.12221,-99.6126,63.1966,3.59496,-99.7317,93.258,-8.71252,-107.385,85.9297,10.9832,147.623,
28.6679,54.6216,4.10766,22.7331,117.818,16.9009,171.803,89.1504,-3.12221,-99.6126,63.1966,3.59496,-99.7317,93.258,-8.71252,-107.385,85.9297,10.9832,147.623,
25.1556,55.5326,-20.4554,23.2833,118.179,17.0584,171.876,93.0233,-2.97031,-97.521,62.6464,3.93151,-98.7607,72.5679,-15.3823,-107.16,85.9297,10.9832,147.623,
25.1556,55.5326,-20.4554,23.2833,118.179,17.0584,171.876,93.0233,-2.97031,-97.521,62.6464,3.93151,-98.7607,72.5679,-15.3823,-107.16,85.9297,10.9832,147.623,
26.1453,57.3971,-26.893,28.2896,119.169,17.3569,172.347,93.0233,-2.97031,-97.521,61.7716,3.86711,-97.6575,66.1303,-16.7218,-104.529,90.0612,11.0006,148.629,
26.1453,57.3971,-26.893,28.2896,119.169,17.3569,172.347,93.0233,-2.97031,-97.521,61.7716,3.86711,-97.6575,66.1303,-16.7218,-104.529,90.0612,11.0006,148.629,
21.3547,62.7329,-36.6073,35.9547,118.981,16.9431,173.322,97.6263,-1.92861,-95.8737,56.2481,4.44582,-94.6441,61.0191,-17.3152,-102.211,92.2028,10.8181,148.56,
21.3547,62.7329,-36.6073,35.9547,118.981,16.9431,173.322,97.6263,-1.92861,-95.8737,56.2481,4.44582,-94.6441,61.0191,-17.3152,-102.211,92.2028,10.8181,148.56,
22.2601,71.5857,-39.1847,52.6655,119.201,16.6416,173.805,96.9407,-2.50888,-95.6775,47.6151,4.67225,-91.7838,57.7561,-18.3235,-101.774,100.281,10.1923,147.751,
22.2601,71.5857,-39.1847,52.6655,119.201,16.6416,173.805,96.9407,-2.50888,-95.6775,47.6151,4.67225,-91.7838,57.7561,-18.3235,-101.774,100.281,10.1923,147.751,
24.9438,68.9813,-27.3523,52.6758,119.772,15.9008,174.817,94.8284,-4.19713,-95.6546,50.7908,3.88098,-92.0212,67.4761,-20.8467,-108.13,103.467,9.98579,147.827,
24.9438,68.9813,-27.3523,52.6758,119.772,15.9008,174.817,94.8284,-4.19713,-95.6546,50.7908,3.88098,-92.0212,67.4761,-20.8467,-108.13,103.467,9.98579,147.827,
24.1924,68.23,-22.1903,56.282,119.021,15.4129,175.5,94.8284,-4.19713,-95.6546,50.7908,3.88098,-92.0212,72.6381,-19.076,-107.842,107.073,9.55754,148.903,
24.1924,68.23,-22.1903,56.282,119.021,15.4129,175.5,94.8284,-4.19713,-95.6546,50.7908,3.88098,-92.0212,72.6381,-19.076,-107.842,107.073,9.55754,148.903,
23.8408,67.8784,-22.1903,56.282,118.669,15.3849,175.484,94.8284,-4.19713,-95.6546,50.7908,3.88098,-92.0212,72.6381,-19.076,-107.842,107.073,9.55754,148.903,
23.8408,67.8784,-22.1903,56.282,118.669,15.3849,175.484,94.8284,-4.19713,-95.6546,50.7908,3.88098,-92.0212,72.6381,-19.076,-107.842,107.073,9.55754,148.903,
27.4395,55.6862,-8.09125,59.2587,117.015,15.5786,175.151,89.5756,-9.10011,-80.143,61.3288,6.86433,-84.3734,81.4843,-15.9515,-107.245,120.587,-0.918993,166.365,
27.4395,55.6862,-8.09125,59.2587,117.015,15.5786,175.151,89.5756,-9.10011,-80.143,61.3288,6.86433,-84.3734,81.4843,-15.9515,-107.245,120.587,-0.918993,166.365,
28.1401,52.3284,-1.92093,58.8075,116.229,15.7319,175.132,88.089,-8.8813,-76.7292,63.9007,4.87492,-86.2395,86.168,-15.1996,-107.505,122.708,-3.09187,168.564,
28.1401,52.3284,-1.92093,58.8075,116.229,15.7319,175.132,88.089,-8.8813,-76.7292,63.9007,4.87492,-86.2395,86.168,-15.1996,-107.505,122.708,-3.09187,168.564,
32.3849,54.1189,2.84696,59.9279,118.02,16.5008,174.572,85.6346,-7.38238,-81.5982,63.9007,4.87492,-86.2395,88.4816,-14.3883,-108.83,123.829,-2.09622,167.061,
32.3849,54.1189,2.84696,59.9279,118.02,16.5008,174.572,85.6346,-7.38238,-81.5982,63.9007,4.87492,-86.2395,88.4816,-14.3883,-108.83,123.829,-2.09622,167.061,
36.9632,45.9842,6.13806,48.2882,119.307,17.945,173.364,82.3435,-7.48509,-84.9724,73.3225,2.17515,-88.8335,88.4816,-14.3883,-108.83,121.611,0.482395,162.721,
36.9632,45.9842,6.13806,48.2882,119.307,17.945,173.364,82.3435,-7.48509,-84.9724,73.3225,2.17515,-88.8335,88.4816,-14.3883,-108.83,121.611,0.482395,162.721,
36.6583,41.3422,12.2868,39.9543,116.9,17.2009,173.301,80.2418,-7.23051,-85.5008,75.558,2.17742,-88.7345,92.5286,-13.0559,-109.184,115.512,3.10647,160.928,
36.6583,41.3422,12.2868,39.9543,116.9,17.2009,173.301,80.2418,-7.23051,-85.5008,75.558,2.17742,-88.7345,92.5286,-13.0559,-109.184,115.512,3.10647,160.928,
38.8545,38.9694,15.2777,33.439,116.692,16.5395,173.953,77.8372,-6.87475,-85.6825,77.7222,2.16316,-88.5078,93.1149,-12.7404,-108.136,111.161,4.41083,159.048,
38.8545,38.9694,15.2777,33.439,116.692,16.5395,173.953,77.8372,-6.87475,-85.6825,77.7222,2.16316,-88.5078,93.1149,-12.7404,-108.136,111.161,4.41083,159.048,
45.7546,41.0962,22.2147,28.4626,118.818,16.6429,174.104,73.0638,-6.17121,-89.5717,77.7222,2.16316,-88.5078,95.2785,-12.7984,-108.397,106.185,4.95674,158.15,
45.7546,41.0962,22.2147,28.4626,118.818,16.6429,174.104,73.0638,-6.17121,-89.5717,77.7222,2.16316,-88.5078,95.2785,-12.7984,-108.397,106.185,4.95674,158.15,
49.477,33.8487,27.2161,3.82261,118.554,16.4182,173.805,69.0767,-7.01726,-91.7544,84.7051,1.37517,-90.0258,96.2928,-12.5627,-107.714,88.5277,6.89961,157.594,
49.477,33.8487,27.2161,3.82261,118.554,16.4182,173.805,69.0767,-7.01726,-91.7544,84.7051,1.37517,-90.0258,96.2928,-12.5627,-107.714,88.5277,6.89961,157.594,
51.0181,32.2671,31.7034,-3.9513,118.055,15.4356,174.065,67.0372,-8.39673,-94.116,85.7882,1.75714,-90.5234,98.7407,-11.8945,-106.931,81.8369,7.94731,157.286,
51.0181,32.2671,31.7034,-3.9513,118.055,15.4356,174.065,67.0372,-8.39673,-94.116,85.7882,1.75714,-90.5234,98.7407,-11.8945,-106.931,81.8369,7.94731,157.286,
52.0825,31.3019,34.6412,-20.4525,119.12,14.9544,174.243,67.0372,-8.39673,-94.116,87.8178,2.01751,-91.7923,101.678,-11.2604,-107.487,67.3653,9.63487,154.937,
52.0825,31.3019,34.6412,-20.4525,119.12,14.9544,174.243,67.0372,-8.39673,-94.116,87.8178,2.01751,-91.7923,101.678,-11.2604,-107.487,67.3653,9.63487,154.937,
55.3423,33.9507,36.9284,-20.4525,121.769,16.1991,172.428,66.4262,-7.96387,-97.3844,87.8178,2.01751,-91.7923,103.355,-10.8112,-107.742,67.3653,9.63487,154.937,
55.3423,33.9507,36.9284,-20.4525,121.769,16.1991,172.428,66.4262,-7.96387,-97.3844,87.8178,2.01751,-91.7923,103.355,-10.8112,-107.742,67.3653,9.63487,154.937,
56.4323,26.7784,39.3296,-44.5064,120.457,16.1586,171.866,64.0251,-8.58602,-100.232,93.679,2.56839,-95.2908,103.355,-10.8112,-107.742,49.1726,11.5329,151.853,
56.4323,26.7784,39.3296,-44.5064,120.457,16.1586,171.866,64.0251,-8.58602,-100.232,93.679,2.56839,-95.2908,103.355,-10.8112,-107.742,49.1726,11.5329,151.853,
56.0944,25.6983,39.3296,-48.3559,120.119,16.2561,171.656,64.0251,-8.58602,-100.232,94.4212,1.91183,-96.2376,103.355,-10.8112,-107.742,46.0652,11.899,150.849,
56.0944,25.6983,39.3296,-48.3559,120.119,16.2561,171.656,64.0251,-8.58602,-100.232,94.4212,1.91183,-96.2376,103.355,-10.8112,-107.742,46.0652,11.899,150.849,
63.8594,27.8643,59.2288,-40.6625,120.138,16.9649,171.054,56.2782,-10.6771,-104.364,92.2733,2.40379,-96.2966,115.507,-6.59559,-108.749,51.6108,13.4278,152.118,
63.8594,27.8643,59.2288,-40.6625,120.138,16.9649,171.054,56.2782,-10.6771,-104.364,92.2733,2.40379,-96.2966,115.507,-6.59559,-108.749,51.6108,13.4278,152.118,
60.8573,33.1576,59.6045,-35.3351,120.104,17.6087,170.73,59.2462,-9.17897,-104.517,86.9459,6.36128,-98.8507,118.851,-5.20849,-109.274,51.6108,13.4278,152.118,
60.8573,33.1576,59.6045,-35.3351,120.104,17.6087,170.73,59.2462,-9.17897,-104.517,86.9459,6.36128,-98.8507,118.851,-5.20849,-109.274,51.6108,13.4278,152.118,
56.8268,34.2741,61.1973,-25.9269,120.057,18.013,171.183,63.2298,-9.87466,-108.595,85.7825,7.50555,-102.53,124.427,0.14427,-114.052,59.8556,9.75231,148.11,
56.8268,34.2741,61.1973,-25.9269,120.057,18.013,171.183,63.2298,-9.87466,-108.595,85.7825,7.50555,-102.53,124.427,0.14427,-114.052,59.8556,9.75231,148.11,
56.2231,36.2778,65.5232,-16.5158,119.709,17.2036,172.081,63.4856,-11.6951,-111.303,83.4308,7.71612,-109.814,129.009,8.00235,-120.3,66.9151,8.69503,147.57,
56.2231,36.2778,65.5232,-16.5158,119.709,17.2036,172.081,63.4856,-11.6951,-111.303,83.4308,7.71612,-109.814,129.009,8.00235,-120.3,66.9151,8.69503,147.57,
52.3023,32.357,67.2406,-13.2982,115.788,15.98,174.212,63.4856,-11.6951,-111.303,83.4308,7.71612,-109.814,130.726,10.7107,-121.848,70.1326,9.59377,147.857,
52.3023,32.357,67.2406,-13.2982,115.788,15.98,174.212,63.4856,-11.6951,-111.303,83.4308,7.71612,-109.814,130.726,10.7107,-121.848,70.1326,9.59377,147.857,
52.8036,32.8583,67.6214,-13.2982,116.289,15.9456,174.743,63.4856,-11.6951,-111.303,83.4308,7.71612,-109.814,131.107,10.1902,-122.901,70.1326,9.59377,147.857,
52.8036,32.8583,67.6214,-13.2982,116.289,15.9456,174.743,63.4856,-11.6951,-111.303,83.4308,7.71612,-109.814,131.107,10.1902,-122.901,70.1326,9.59377,147.857,
45.9222,39.4991,57.3232,-3.82092,120.249,16.9084,174.505,74.3272,-7.39521,-107.246,80.7503,5.45941,-108.265,131.65,6.65168,-120.011,76.9293,8.63224,147.709,
45.9222,39.4991,57.3232,-3.82092,120.249,16.9084,174.505,74.3272,-7.39521,-107.246,80.7503,5.45941,-108.265,131.65,6.65168,-120.011,76.9293,8.63224,147.709,
41.5052,41.9787,49.1467,3.15177,118.696,16.7955,173.646,77.1907,-7.30844,-107.662,76.7172,3.53954,-107.535,126.337,3.44254,-119.342,79.8689,8.64217,147.271,
41.5052,41.9787,49.1467,3.15177,118.696,16.7955,173.646,77.1907,-7.30844,-107.662,76.7172,3.53954,-107.535,126.337,3.44254,-119.342,79.8689,8.64217,147.271,
38.5931,39.0666,40.6387,4.10193,115.784,16.4316,172.883,77.1907,-7.30844,-107.662,76.7172,3.53954,-107.535,117.829,-1.07647,-117.695,80.8191,8.22683,145.829,
38.5931,39.0666,40.6387,4.10193,115.784,16.4316,172.883,77.1907,-7.30844,-107.662,76.7172,3.53954,-107.535,117.829,-1.07647,-117.695,80.8191,8.22683,145.829,
29.1025,43.6522,32.0044,9.54376,114.928,17.2344,172.264,85.825,-5.72287,-107.622,71.2753,1.44734,-110.912,117.829,-1.07647,-117.695,80.8191,8.22683,145.829,
29.1025,43.6522,32.0044,9.54376,114.928,17.2344,172.264,85.825,-5.72287,-107.622,71.2753,1.44734,-110.912,117.829,-1.07647,-117.695,80.8191,8.22683,145.829,
28.8482,50.697,12.5888,19.0185,116.453,18.7896,171.602,87.605,-5.30883,-107.981,65.7563,0.947214,-107.949,100.194,-8.57128,-113.916,84.7748,8.43272,146.05,
28.8482,50.697,12.5888,19.0185,116.453,18.7896,171.602,87.605,-5.30883,-107.981,65.7563,0.947214,-107.949,100.194,-8.57128,-113.916,84.7748,8.43272,146.05,
27.0719,50.9101,4.25792,20.3666,116.253,18.9052,171.537,89.1807,-5.24754,-108.35,65.3425,1.77186,-106.493,93.4387,-10.6528,-113.662,85.7092,8.40343,145.98,
27.0719,50.9101,4.25792,20.3666,116.253,18.9052,171.537,89.1807,-5.24754,-108.35,65.3425,1.77186,-106.493,93.4387,-10.6528,-113.662,85.7092,8.40343,145.98,
26.9638,50.802,-2.55565,21.381,116.145,19.0027,171.518,89.1807,-5.24754,-108.35,65.3425,1.77186,-106.493,86.6251,-12.9023,-114.227,86.7235,8.42966,146.439,
26.9638,50.802,-2.55565,21.381,116.145,19.0027,171.518,89.1807,-5.24754,-108.35,65.3425,1.77186,-106.493,86.6251,-12.9023,-114.227,86.7235,8.42966,146.439,
20.0638,55.0058,-17.327,25.678,117.116,19.6568,171.783,97.0522,-4.96706,-107.111,62.1102,2.48702,-100.577,79.7252,-15.4356,-114.518,87.7882,8.57805,147.225,
20.0638,55.0058,-17.327,25.678,117.116,19.6568,171.783,97.0522,-4.96706,-107.111,62.1102,2.48702,-100.577,79.7252,-15.4356,-114.518,87.7882,8.57805,147.225,
19.5967,58.7151,-36.2831,33.9558,117.584,19.6299,172.449,97.9868,-4.6065,-106.663,58.8684,2.93677,-99.0041,61.7037,-19.9779,-108.841,92.8242,8.33184,148.174,
19.5967,58.7151,-36.2831,33.9558,117.584,19.6299,172.449,97.9868,-4.6065,-106.663,58.8684,2.93677,-99.0041,61.7037,-19.9779,-108.841,92.8242,8.33184,148.174,
19.0638,63.4893,-38.3348,41.0394,117.707,19.1094,173.476,98.6436,-4.14898,-106.517,54.218,3.88373,-96.5495,60.3088,-20.905,-108.232,95.2574,8.1081,148.151,
19.0638,63.4893,-38.3348,41.0394,117.707,19.1094,173.476,98.6436,-4.14898,-106.517,54.218,3.88373,-96.5495,60.3088,-20.905,-108.232,95.2574,8.1081,148.151,
20.0023,64.3029,-33.4825,43.7369,118.521,18.635,174.424,98.5186,-4.53941,-106.179,54.218,3.88373,-96.5495,65.036,-21.2128,-110.402,97.9549,7.8613,147.947,
20.0023,64.3029,-33.4825,43.7369,118.521,18.635,174.424,98.5186,-4.53941,-106.179,54.218,3.88373,-96.5495,65.036,-21.2128,-110.402,97.9549,7.8613,147.947,
25.3264,60.6086,-24.1331,43.0639,118.452,18.2085,175.009,93.1254,-7.72725,-105.489,57.8432,3.52862,-93.9436,68.9923,-21.7815,-113.67,100.907,7.61424,147.65,
25.3264,60.6086,-24.1331,43.0639,118.452,18.2085,175.009,93.1254,-7.72725,-105.489,57.8432,3.52862,-93.9436,68.9923,-21.7815,-113.67,100.907,7.61424,147.65,
25.1194,57.4655,-20.8918,50.5089,118.245,18.1308,175.049,93.1254,-7.72725,-105.489,60.7793,3.1872,-92.9252,72.2336,-22.3164,-116.838,111.288,5.93807,151.115,
25.1194,57.4655,-20.8918,50.5089,118.245,18.1308,175.049,93.1254,-7.72725,-105.489,60.7793,3.1872,-92.9252,72.2336,-22.3164,-116.838,111.288,5.93807,151.115,
25.9419,55.2073,-10.6875,57.0369,116.347,18.3043,174.328,90.4051,-9.62789,-100.813,61.1397,4.49293,-91.1315,79.7176,-17.7498,-113.663,118.177,0.656074,160.686,
25.9419,55.2073,-10.6875,57.0369,116.347,18.3043,174.328,90.4051,-9.62789,-100.813,61.1397,4.49293,-91.1315,79.7176,-17.7498,-113.663,118.177,0.656074,160.686,
25.4721,53.8577,-6.18943,57.0369,114.997,18.8141,173.839,89.5253,-10.4946,-91.4796,61.1397,4.49293,-91.1315,83.3359,-17.9544,-116.022,118.177,0.656074,160.686,
25.4721,53.8577,-6.18943,57.0369,114.997,18.8141,173.839,89.5253,-10.4946,-91.4796,61.1397,4.49293,-91.1315,83.3359,-17.9544,-116.022,118.177,0.656074,160.686,
28.5594,47.3845,-1.8405,55.7133,115.908,19.1901,173.225,87.3482,-8.23764,-87.2363,68.5231,2.24589,-92.8157,85.5077,-17.613,-115.373,124.236,-3.66462,165.775,
28.5594,47.3845,-1.8405,55.7133,115.908,19.1901,173.225,87.3482,-8.23764,-87.2363,68.5231,2.24589,-92.8157,85.5077,-17.613,-115.373,124.236,-3.66462,165.775,
33.681,46.617,8.08786,53.6315,117.114,20.2286,172.257,83.4326,-7.94205,-90.6362,70.4966,1.82933,-93.2772,91.5205,-14.9027,-118.487,124.128,-1.90205,162.539,
33.681,46.617,8.08786,53.6315,117.114,20.2286,172.257,83.4326,-7.94205,-90.6362,70.4966,1.82933,-93.2772,91.5205,-14.9027,-118.487,124.128,-1.90205,162.539,
34.105,44.7047,9.40511,46.4038,117.538,21.2572,170.986,83.4326,-7.94205,-90.6362,72.8329,1.81155,-93.5105,92.8377,-14.4147,-119.006,119.237,-0.552064,161.178,
34.105,44.7047,9.40511,46.4038,117.538,21.2572,170.986,83.4326,-7.94205,-90.6362,72.8329,1.81155,-93.5105,92.8377,-14.4147,-119.006,119.237,-0.552064,161.178,
33.2917,43.8913,10.2748,46.4038,116.724,21.072,170.85,83.4326,-7.94205,-90.6362,72.8329,1.81155,-93.5105,93.7074,-14.0874,-118.826,119.237,-0.552064,161.178,
33.2917,43.8913,10.2748,46.4038,116.724,21.072,170.85,83.4326,-7.94205,-90.6362,72.8329,1.81155,-93.5105,93.7074,-14.0874,-118.826,119.237,-0.552064,161.178,
40.7417,35.2088,20.8348,26.4432,114.936,20.3779,171.327,74.1943,-5.77632,-89.5209,79.7272,1.67373,-94.0779,95.0291,-13.7119,-118.831,106.17,3.07643,157.552,
40.7417,35.2088,20.8348,26.4432,114.936,20.3779,171.327,74.1943,-5.77632,-89.5209,79.7272,1.67373,-94.0779,95.0291,-13.7119,-118.831,106.17,3.07643,157.552,
46.9083,33.4069,26.9983,10.552,116.788,19.9983,171.902,69.8793,-5.86295,-92.6232,83.3807,0.950058,-95.432,96.8777,-13.7191,-118.782,93.9327,5.03952,152.964,
46.9083,33.4069,26.9983,10.552,116.788,19.9983,171.902,69.8793,-5.86295,-92.6232,83.3807,0.950058,-95.432,96.8777,-13.7191,-118.782,93.9327,5.03952,152.964,
