6.639,29.5735,8.86464,10.923,105.765,-6.69715,-176.878,99.1259,5.36831,155.545,76.1914,-5.52984,140.824,107.991,5.58933,127.298,87.1144,9.27276,-179.626,
6.639,29.5735,8.86464,10.923,105.765,-6.69715,-176.878,99.1259,5.36831,155.545,76.1914,-5.52984,140.824,107.991,5.58933,127.298,87.1144,9.27276,-179.626,
6.14727,33.2826,14.007,13.3617,106.636,-6.56868,-177.568,100.488,5.63984,155.595,73.353,-5.91748,142.085,114.495,8.79452,127.252,86.7148,9.31834,-179.291,
6.14727,33.2826,14.007,13.3617,106.636,-6.56868,-177.568,100.488,5.63984,155.595,73.353,-5.91748,142.085,114.495,8.79452,127.252,86.7148,9.31834,-179.291,
5.62483,33.5749,13.3845,13.3617,106.928,-6.45587,-178.775,101.303,5.63317,156.217,73.353,-5.91748,142.085,114.688,8.46732,127.642,86.7148,9.31834,-179.291,
5.62483,33.5749,13.3845,13.3617,106.928,-6.45587,-178.775,101.303,5.63317,156.217,73.353,-5.91748,142.085,114.688,8.46732,127.642,86.7148,9.31834,-179.291,
5.85104,40.6984,12.928,19.5594,107.154,-6.21303,-179.882,101.303,5.63317,156.217,66.4557,-7.16684,144.219,114.231,7.88571,127.795,86.0151,9.20927,-178.977,
5.85104,40.6984,12.928,19.5594,107.154,-6.21303,-179.882,101.303,5.63317,156.217,66.4557,-7.16684,144.219,114.231,7.88571,127.795,86.0151,9.20927,-178.977,
-0.57422,41.3524,-16.6135,20.2407,108.313,-3.76371,176.203,108.887,6.93558,159.496,66.9608,-5.23811,146.751,92.2739,-2.67345,130.59,87.2016,7.7105,179.23,
-0.57422,41.3524,-16.6135,20.2407,108.313,-3.76371,176.203,108.887,6.93558,159.496,66.9608,-5.23811,146.751,92.2739,-2.67345,130.59,87.2016,7.7105,179.23,
-0.674517,40.6367,-23.9372,20.2339,108.312,-3.68884,176.664,108.987,7.14734,159.15,67.6755,-4.77655,147.025,85.0495,-6.08557,132.104,87.9094,7.45823,179.088,
-0.674517,40.6367,-23.9372,20.2339,108.312,-3.68884,176.664,108.987,7.14734,159.15,67.6755,-4.77655,147.025,85.0495,-6.08557,132.104,87.9094,7.45823,179.088,
-0.336543,40.8472,-29.3733,20.2339,108.523,-3.54951,177.888,108.859,7.25264,158.969,67.6755,-4.77655,147.025,79.4859,-8.29627,134.253,87.9094,7.45823,179.088,
-0.336543,40.8472,-29.3733,20.2339,108.523,-3.54951,177.888,108.859,7.25264,158.969,67.6755,-4.77655,147.025,79.4859,-8.29627,134.253,87.9094,7.45823,179.088,
-0.295512,39.5491,-29.3733,18.8948,108.564,-3.14998,177.809,108.859,7.25264,158.969,69.0146,-4.6808,147.323,79.4859,-8.29627,134.253,87.9094,7.45823,179.088,
-0.295512,39.5491,-29.3733,18.8948,108.564,-3.14998,177.809,108.859,7.25264,158.969,69.0146,-4.6808,147.323,79.4859,-8.29627,134.253,87.9094,7.45823,179.088,
-0.556353,36.0104,-31.3432,20.4343,108.271,-3.0372,177.682,108.828,7.56537,159.199,72.2608,-4.88342,148.124,77.4844,-9.8784,135.53,92.6951,6.25339,178.176,
-0.556353,36.0104,-31.3432,20.4343,108.271,-3.0372,177.682,108.828,7.56537,159.199,72.2608,-4.88342,148.124,77.4844,-9.8784,135.53,92.6951,6.25339,178.176,
-0.0930427,32.1403,-30.2121,20.2881,107.596,-3.17427,177.811,107.689,7.49383,159.153,75.4557,-5.49633,148.039,77.4769,-10.791,134.623,95.7439,5.37687,177.604,
-0.0930427,32.1403,-30.2121,20.2881,107.596,-3.17427,177.811,107.689,7.49383,159.153,75.4557,-5.49633,148.039,77.4769,-10.791,134.623,95.7439,5.37687,177.604,
-0.987223,31.2461,-29.4888,20.2881,106.702,-3.33529,178.351,107.689,7.49383,159.153,75.4557,-5.49633,148.039,78.2002,-10.6471,134.793,95.7439,5.37687,177.604,
-0.987223,31.2461,-29.4888,20.2881,106.702,-3.33529,178.351,107.689,7.49383,159.153,75.4557,-5.49633,148.039,78.2002,-10.6471,134.793,95.7439,5.37687,177.604,
-2.0585,21.532,-29.4888,19.7607,105.631,-3.24295,179.317,107.689,7.49383,159.153,84.0986,-6.29424,146.675,78.2002,-10.6471,134.793,103.859,3.28563,177.488,
-2.0585,21.532,-29.4888,19.7607,105.631,-3.24295,179.317,107.689,7.49383,159.153,84.0986,-6.29424,146.675,78.2002,-10.6471,134.793,103.859,3.28563,177.488,
7.69522,21.2692,-16.8678,21.3029,106.118,-2.81019,179.123,98.4228,4.57325,156.574,84.8488,-5.55238,147.532,81.555,-11.2776,132.929,106.152,2.66647,177.979,
7.69522,21.2692,-16.8678,21.3029,106.118,-2.81019,179.123,98.4228,4.57325,156.574,84.8488,-5.55238,147.532,81.555,-11.2776,132.929,106.152,2.66647,177.979,
10.8053,20.9291,-14.0561,22.8948,106.416,-2.46672,178.473,95.6111,3.5621,155.33,85.4873,-5.2118,146.683,81.555,-11.2776,132.929,108.382,1.90671,178.943,
10.8053,20.9291,-14.0561,22.8948,106.416,-2.46672,178.473,95.6111,3.5621,155.33,85.4873,-5.2118,146.683,81.555,-11.2776,132.929,108.382,1.90671,178.943,
13.6263,10.6904,-9.05463,12.666,106.407,-2.11192,177.532,92.7802,2.36261,155.155,95.7161,-7.26857,141.181,83.7256,-11.82,132.248,108.382,1.90671,178.943,
13.6263,10.6904,-9.05463,12.666,106.407,-2.11192,177.532,92.7802,2.36261,155.155,95.7161,-7.26857,141.181,83.7256,-11.82,132.248,108.382,1.90671,178.943,
17.8903,9.37978,-4.55546,20.1625,106.171,-1.89488,176.3,88.281,0.582213,158.949,96.7915,-7.31118,141.496,83.7256,-11.82,132.248,116.954,-3.1789,-173.17,
17.8903,9.37978,-4.55546,20.1625,106.171,-1.89488,176.3,88.281,0.582213,158.949,96.7915,-7.31118,141.496,83.7256,-11.82,132.248,116.954,-3.1789,-173.17,
19.9657,8.4722,2.33268,24.519,105.989,-2.2281,175.076,86.0237,1.54693,165.272,97.5172,-7.11776,141.638,88.3563,-11.1529,132.463,122.036,-5.34952,-172.162,
19.9657,8.4722,2.33268,24.519,105.989,-2.2281,175.076,86.0237,1.54693,165.272,97.5172,-7.11776,141.638,88.3563,-11.1529,132.463,122.036,-5.34952,-172.162,
23.4518,9.17774,5.89521,25.4056,106.695,-2.27757,174.073,83.2431,3.72131,165.76,97.5172,-7.11776,141.638,89.1383,-11.1361,133.115,122.923,-5.09581,-173.548,
23.4518,9.17774,5.89521,25.4056,106.695,-2.27757,174.073,83.2431,3.72131,165.76,97.5172,-7.11776,141.638,89.1383,-11.1361,133.115,122.923,-5.09581,-173.548,
23.0071,5.45478,6.53106,22.1274,106.25,-2.37864,176.514,83.2431,3.72131,165.76,100.795,-6.42715,141.809,89.7741,-10.8042,133.805,122.923,-5.09581,-173.548,
23.0071,5.45478,6.53106,22.1274,106.25,-2.37864,176.514,83.2431,3.72131,165.76,100.795,-6.42715,141.809,89.7741,-10.8042,133.805,122.923,-5.09581,-173.548,
25.8435,0.920028,14.9277,15.7675,102.477,-2.98451,-178.044,76.634,3.64268,162.555,101.557,-6.35586,140.93,91.5617,-10.3378,133.61,117.325,-4.0525,-175.638,
25.8435,0.920028,14.9277,15.7675,102.477,-2.98451,-178.044,76.634,3.64268,162.555,101.557,-6.35586,140.93,91.5617,-10.3378,133.61,117.325,-4.0525,-175.638,
25.966,1.04259,14.9277,15.7675,102.6,-3.30658,-177.626,76.634,3.64268,162.555,101.557,-6.35586,140.93,91.5617,-10.3378,133.61,117.325,-4.0525,-175.638,
25.966,1.04259,14.9277,15.7675,102.6,-3.30658,-177.626,76.634,3.64268,162.555,101.557,-6.35586,140.93,91.5617,-10.3378,133.61,117.325,-4.0525,-175.638,
34.5904,0.58897,25.9911,11.6182,103.07,-3.91359,-178.405,68.4801,2.12487,156.979,102.481,-6.25344,140.134,94.4712,-9.28276,134.823,114.1,-3.42246,-176.016,
34.5904,0.58897,25.9911,11.6182,103.07,-3.91359,-178.405,68.4801,2.12487,156.979,102.481,-6.25344,140.134,94.4712,-9.28276,134.823,114.1,-3.42246,-176.016,
32.991,-3.61428,27.0973,-3.91803,101.471,-4.95039,-178.034,68.4801,2.12487,156.979,105.085,-6.08498,138.191,95.5774,-8.93519,134.822,101.167,-1.27743,-177.026,
32.991,-3.61428,27.0973,-3.91803,101.471,-4.95039,-178.034,68.4801,2.12487,156.979,105.085,-6.08498,138.191,95.5774,-8.93519,134.822,101.167,-1.27743,-177.026,
31.8099,-3.92844,25.6561,-15.146,101.731,-5.82553,-178.116,69.9213,-0.630208,151.874,105.66,-5.83628,137.843,95.5774,-8.93519,134.822,90.5137,0.743684,-175.791,
31.8099,-3.92844,25.6561,-15.146,101.731,-5.82553,-178.116,69.9213,-0.630208,151.874,105.66,-5.83628,137.843,95.5774,-8.93519,134.822,90.5137,0.743684,-175.791,
30.6339,-4.25396,29.3667,-21.4645,102.087,-6.23159,179.407,71.4526,-1.36077,151.032,106.34,-5.52204,137.31,100.819,-7.14634,134.642,84.876,2.17682,-174.61,
30.6339,-4.25396,29.3667,-21.4645,102.087,-6.23159,179.407,71.4526,-1.36077,151.032,106.34,-5.52204,137.31,100.819,-7.14634,134.642,84.876,2.17682,-174.61,
27.7578,-6.80334,28.5785,-22.9331,101.006,-7.13538,-179.984,73.248,-1.62738,151.082,107.809,-4.98365,136.406,101.826,-6.88967,134.553,84.876,2.17682,-174.61,
27.7578,-6.80334,28.5785,-22.9331,101.006,-7.13538,-179.984,73.248,-1.62738,151.082,107.809,-4.98365,136.406,101.826,-6.88967,134.553,84.876,2.17682,-174.61,
27.6495,-7.57718,28.5785,-23.5988,100.898,-7.24847,-179.915,73.248,-1.62738,151.082,108.475,-4.79946,136.11,101.826,-6.88967,134.553,84.876,2.17682,-174.61,
27.6495,-7.57718,28.5785,-23.5988,100.898,-7.24847,-179.915,73.248,-1.62738,151.082,108.475,-4.79946,136.11,101.826,-6.88967,134.553,84.876,2.17682,-174.61,
23.6285,-8.65235,26.4545,-52.8719,101.013,-6.72236,-178.248,77.3849,0.791183,154.666,109.666,-4.687,135.15,103.839,-6.23961,134.284,56.7938,9.42006,-179.206,
23.6285,-8.65235,26.4545,-52.8719,101.013,-6.72236,-178.248,77.3849,0.791183,154.666,109.666,-4.687,135.15,103.839,-6.23961,134.284,56.7938,9.42006,-179.206,
25.3538,-8.18153,31.4372,-56.8501,101.484,-6.65689,-176.624,76.1304,1.16875,153.486,109.666,-4.687,135.15,107.568,-5.19297,133.949,52.8156,9.06888,178.386,
25.3538,-8.18153,31.4372,-56.8501,101.484,-6.65689,-176.624,76.1304,1.16875,153.486,109.666,-4.687,135.15,107.568,-5.19297,133.949,52.8156,9.06888,178.386,
27.5297,-7.28564,34.7963,-56.3926,101.923,-6.90069,-177.29,74.3929,0.784485,150.411,109.208,-5.15758,134.8,109.189,-4.5477,134.078,52.8156,9.06888,178.386,
27.5297,-7.28564,34.7963,-56.3926,101.923,-6.90069,-177.29,74.3929,0.784485,150.411,109.208,-5.15758,134.8,109.189,-4.5477,134.078,52.8156,9.06888,178.386,
27.7242,-6.61884,34.7963,-54.3798,102.117,-6.20098,-178.344,74.3929,0.784485,150.411,108.736,-5.21901,133.356,109.189,-4.5477,134.078,54.3562,9.97345,179.462,
27.7242,-6.61884,34.7963,-54.3798,102.117,-6.20098,-178.344,74.3929,0.784485,150.411,108.736,-5.21901,133.356,109.189,-4.5477,134.078,54.3562,9.97345,179.462,
18.4711,-5.20379,31.707,-51.605,102.348,-5.20191,-177.833,83.8764,1.66355,154.319,107.551,-5.22232,132.78,115.583,-1.76961,134.63,55.9463,10.3679,179.998,
18.4711,-5.20379,31.707,-51.605,102.348,-5.20191,-177.833,83.8764,1.66355,154.319,107.551,-5.22232,132.78,115.583,-1.76961,134.63,55.9463,10.3679,179.998,
16.5462,-2.40744,34.431,-47.8553,102.68,-5.15133,-177.517,86.1341,1.95207,151.422,105.088,-5.30966,132.986,120.565,0.949242,133.418,57.2325,9.40207,179.408,
16.5462,-2.40744,34.431,-47.8553,102.68,-5.15133,-177.517,86.1341,1.95207,151.422,105.088,-5.30966,132.986,120.565,0.949242,133.418,57.2325,9.40207,179.408,
17.5773,5.05162,37.8349,-40.51,102.794,-5.21723,-177.151,85.2168,1.97972,148.781,97.7424,-5.25119,134.308,123.052,2.50104,132.734,57.2325,9.40207,179.408,
17.5773,5.05162,37.8349,-40.51,102.794,-5.21723,-177.151,85.2168,1.97972,148.781,97.7424,-5.25119,134.308,123.052,2.50104,132.734,57.2325,9.40207,179.408,
17.9898,12.8888,38.8665,-24.8765,102.175,-5.28444,-175.861,84.1852,1.45176,149.534,89.2861,-4.43119,134.818,123.052,2.50104,132.734,64.4096,8.82299,178.645,
17.9898,12.8888,38.8665,-24.8765,102.175,-5.28444,-175.861,84.1852,1.45176,149.534,89.2861,-4.43119,134.818,123.052,2.50104,132.734,64.4096,8.82299,178.645,
11.869,13.6547,42.3575,-21.1794,100.731,-5.38088,-174.722,88.8619,3.38351,149.611,87.0762,-4.83086,133.041,131.219,12.8956,126.036,65.8967,8.35156,178.036,
11.869,13.6547,42.3575,-21.1794,100.731,-5.38088,-174.722,88.8619,3.38351,149.611,87.0762,-4.83086,133.041,131.219,12.8956,126.036,65.8967,8.35156,178.036,
5.45843,13.8077,36.3644,-19.8566,100.884,-5.14572,-174.954,95.4254,4.73945,150.773,87.0762,-4.83086,133.041,131.79,14.5198,125.429,67.2196,7.88529,177.607,
5.45843,13.8077,36.3644,-19.8566,100.884,-5.14572,-174.954,95.4254,4.73945,150.773,87.0762,-4.83086,133.041,131.79,14.5198,125.429,67.2196,7.88529,177.607,
6.02136,16.4241,36.3145,-17.8032,101.447,-5.27218,-176.172,95.4254,4.73945,150.773,85.0227,-9.40851,129.119,131.74,15.6273,125.387,67.2196,7.88529,177.607,
6.02136,16.4241,36.3145,-17.8032,101.447,-5.27218,-176.172,95.4254,4.73945,150.773,85.0227,-9.40851,129.119,131.74,15.6273,125.387,67.2196,7.88529,177.607,
3.29053,23.3571,33.1852,-8.48535,101.845,-5.72569,-178.55,98.5547,6.20354,151.487,78.4882,-10.7986,132.95,131.74,15.6273,125.387,70.0028,8.02915,176.355,
3.29053,23.3571,33.1852,-8.48535,101.845,-5.72569,-178.55,98.5547,6.20354,151.487,78.4882,-10.7986,132.95,131.74,15.6273,125.387,70.0028,8.02915,176.355,
3.29053,23.3571,33.1852,-8.48535,101.845,-5.72569,-178.55,98.5547,6.20354,151.487,78.4882,-10.7986,132.95,131.74,15.6273,125.387,70.0028,8.02915,176.355,
3.29053,23.3571,33.1852,-8.48535,101.845,-5.72569,-178.55,98.5547,6.20354,151.487,78.4882,-10.7986,132.95,131.74,15.6273,125.387,70.0028,8.02915,176.355,
2.92476,26.4587,27.6555,-4.90626,102.157,-5.55117,-179.741,99.2325,6.25386,151.473,75.6985,-11.2887,134.296,126.888,11.3715,129.386,70.7923,7.80459,175.401,
2.92476,26.4587,27.6555,-4.90626,102.157,-5.55117,-179.741,99.2325,6.25386,151.473,75.6985,-11.2887,134.296,126.888,11.3715,129.386,70.7923,7.80459,175.401,
1.63467,28.4453,24.16,0.188102,100.867,-5.16645,-178.986,99.2325,6.25386,151.473,72.4219,-11.938,137.213,123.392,10.1072,128.756,72.61,7.36273,174.928,
1.63467,28.4453,24.16,0.188102,100.867,-5.16645,-178.986,99.2325,6.25386,151.473,72.4219,-11.938,137.213,123.392,10.1072,128.756,72.61,7.36273,174.928,
0.379058,30.9231,14.3673,5.5492,100.624,-4.68522,-178.788,100.245,6.29733,153.123,69.7008,-10.8963,141.201,114.612,5.80443,127.91,75.25,7.10941,175.185,
0.379058,30.9231,14.3673,5.5492,100.624,-4.68522,-178.788,100.245,6.29733,153.123,69.7008,-10.8963,141.201,114.612,5.80443,127.91,75.25,7.10941,175.185,
-2.8802,31.2172,0.947519,8.45087,100.47,-4.28881,-178.81,103.35,7.02434,155.834,69.2529,-9.07462,144.497,104.298,0.591772,130.172,77.7038,6.94364,175.519,
-2.8802,31.2172,0.947519,8.45087,100.47,-4.28881,-178.81,103.35,7.02434,155.834,69.2529,-9.07462,144.497,104.298,0.591772,130.172,77.7038,6.94364,175.519,
-2.02681,32.6436,-4.98938,8.45087,101.897,-3.62172,-179.767,103.923,7.14305,156.138,69.2529,-9.07462,144.497,98.934,-1.58437,130.252,77.7038,6.94364,175.519,
-2.02681,32.6436,-4.98938,8.45087,101.897,-3.62172,-179.767,103.923,7.14305,156.138,69.2529,-9.07462,144.497,98.934,-1.58437,130.252,77.7038,6.94364,175.519,
-1.78043,30.3986,-10.2052,5.95946,102.143,-3.40227,-179.893,103.923,7.14305,156.138,71.7444,-5.95783,146.864,93.7181,-3.93834,129.335,77.7038,6.94364,175.519,
-1.78043,30.3986,-10.2052,5.95946,102.143,-3.40227,-179.893,103.923,7.14305,156.138,71.7444,-5.95783,146.864,93.7181,-3.93834,129.335,77.7038,6.94364,175.519,
-3.0272,29.1144,-21.2496,9.51213,102.17,-2.86836,-178.535,105.198,6.82317,156.812,73.0561,-5.5399,145.962,83.9481,-9.93806,128.005,82.5682,6.83026,176.888,
-3.0272,29.1144,-21.2496,9.51213,102.17,-2.86836,-178.535,105.198,6.82317,156.812,73.0561,-5.5399,145.962,83.9481,-9.93806,128.005,82.5682,6.83026,176.888,
-4.68716,28.7685,-31.5118,12.5845,101.508,-2.62494,-177.353,106.195,7.14598,157.219,72.7393,-6.05181,144.871,74.6832,-14.1962,132.761,85.3238,6.50261,176.81,
-4.68716,28.7685,-31.5118,12.5845,101.508,-2.62494,-177.353,106.195,7.14598,157.219,72.7393,-6.05181,144.871,74.6832,-14.1962,132.761,85.3238,6.50261,176.81,
-4.77332,29.0159,-38.3105,12.5845,101.755,-2.344,-177.958,106.528,7.1262,157.837,72.7393,-6.05181,144.871,68.218,-15.4001,137.339,85.3238,6.50261,176.81,
-4.77332,29.0159,-38.3105,12.5845,101.755,-2.344,-177.958,106.528,7.1262,157.837,72.7393,-6.05181,144.871,68.218,-15.4001,137.339,85.3238,6.50261,176.81,
-4.5022,30.4179,-38.3105,18.6431,102.026,-2.38543,-178.22,106.528,7.1262,157.837,71.6084,-9.27578,147.399,68.218,-15.4001,137.339,90.2514,5.89679,177.032,
-4.5022,30.4179,-38.3105,18.6431,102.026,-2.38543,-178.22,106.528,7.1262,157.837,71.6084,-9.27578,147.399,68.218,-15.4001,137.339,90.2514,5.89679,177.032,
-4.94841,28.4433,-36.8482,20.4778,102.271,-2.51016,-177.794,107.219,7.57463,158.566,73.8276,-8.16281,146.82,70.3711,-15.0976,136.684,94.3054,5.07825,176.817,
-4.94841,28.4433,-36.8482,20.4778,102.271,-2.51016,-177.794,107.219,7.57463,158.566,73.8276,-8.16281,146.82,70.3711,-15.0976,136.684,94.3054,5.07825,176.817,
-5.03074,28.1903,-32.0013,22.6322,102.018,-2.66808,-176.885,107.049,7.35743,159.053,73.8276,-8.16281,146.82,75.0473,-16.194,131.245,96.4598,4.6156,176.844,
-5.03074,28.1903,-32.0013,22.6322,102.018,-2.66808,-176.885,107.049,7.35743,159.053,73.8276,-8.16281,146.82,75.0473,-16.194,131.245,96.4598,4.6156,176.844,
-3.50447,28.1223,-30.4071,22.6322,101.95,-2.65933,-176.389,105.454,6.67032,158.938,73.8276,-8.16281,146.82,75.0473,-16.194,131.245,96.4598,4.6156,176.844,
-3.50447,28.1223,-30.4071,22.6322,101.95,-2.65933,-176.389,105.454,6.67032,158.938,73.8276,-8.16281,146.82,75.0473,-16.194,131.245,96.4598,4.6156,176.844,
-3.16131,20.742,-28.9941,23.9715,102.293,-2.41074,-176.233,105.454,6.67032,158.938,81.5511,-7.008,144.414,76.4603,-15.9632,130.864,105.523,2.26977,179.435,
-3.16131,20.742,-28.9941,23.9715,102.293,-2.41074,-176.233,105.454,6.67032,158.938,81.5511,-7.008,144.414,76.4603,-15.9632,130.864,105.523,2.26977,179.435,
2.86494,21.1116,-19.7961,26.5128,102.223,-2.06393,-177.022,99.3578,4.90016,156.651,81.1111,-6.08544,147.076,79.5617,-14.9799,130.393,107.624,1.19444,-178.424,
2.86494,21.1116,-19.7961,26.5128,102.223,-2.06393,-177.022,99.3578,4.90016,156.651,81.1111,-6.08544,147.076,79.5617,-14.9799,130.393,107.624,1.19444,-178.424,
10.2184,18.8312,-6.58245,27.909,101.242,-1.36919,-178.628,91.0235,0.698668,157.369,82.4106,-5.83401,146.369,84.441,-14.5079,130.584,110.32,-0.619139,-174.906,
10.2184,18.8312,-6.58245,27.909,101.242,-1.36919,-178.628,91.0235,0.698668,157.369,82.4106,-5.83401,146.369,84.441,-14.5079,130.584,110.32,-0.619139,-174.906,
12.8001,19.361,-3.37968,27.909,101.772,-0.928655,-179.432,88.9715,-0.13293,160.302,82.4106,-5.83401,146.369,85.5918,-14.3958,130.851,110.32,-0.619139,-174.906,
12.8001,19.361,-3.37968,27.909,101.772,-0.928655,-179.432,88.9715,-0.13293,160.302,82.4106,-5.83401,146.369,85.5918,-14.3958,130.851,110.32,-0.619139,-174.906,
14.4164,8.41795,-3.37968,23.1452,103.388,-0.307572,179.342,88.9715,-0.13293,160.302,94.97,-7.2831,154.745,85.5918,-14.3958,130.851,118.115,-7.94896,-168.316,
14.4164,8.41795,-3.37968,23.1452,103.388,-0.307572,179.342,88.9715,-0.13293,160.302,94.97,-7.2831,154.745,85.5918,-14.3958,130.851,118.115,-7.94896,-168.316,
17.8089,8.37566,0.012766,23.1029,103.388,-0.307572,179.342,85.5791,1.757,168.406,95.0123,-7.62244,154.89,85.5918,-14.3958,130.851,118.115,-7.94896,-168.316,
17.8089,8.37566,0.012766,23.1029,103.388,-0.307572,179.342,85.5791,1.757,168.406,95.0123,-7.62244,154.89,85.5918,-14.3958,130.851,118.115,-7.94896,-168.316,
25.1189,8.85875,11.7759,23.6443,104.396,0.272113,176.998,79.2773,3.02611,165.45,95.5375,-7.69976,154.9,91.0532,-13.4346,129.494,119.182,-8.04003,-170.168,
25.1189,8.85875,11.7759,23.6443,104.396,0.272113,176.998,79.2773,3.02611,165.45,95.5375,-7.69976,154.9,91.0532,-13.4346,129.494,119.182,-8.04003,-170.168,
25.4241,6.87312,12.6184,19.0376,104.701,0.74777,177.215,79.2773,3.02611,165.45,97.8283,-7.09038,156.166,91.8958,-13.0219,129.494,116.866,-5.9644,-174.29,
25.4241,6.87312,12.6184,19.0376,104.701,0.74777,177.215,79.2773,3.02611,165.45,97.8283,-7.09038,156.166,91.8958,-13.0219,129.494,116.866,-5.9644,-174.29,
29.2853,3.86509,17.9586,12.1463,103.222,0.403774,-179.764,73.9371,2.86335,161.325,99.3573,-6.91125,155.257,91.8958,-13.0219,129.494,111.504,-4.79583,-177.624,
29.2853,3.86509,17.9586,12.1463,103.222,0.403774,-179.764,73.9371,2.86335,161.325,99.3573,-6.91125,155.257,91.8958,-13.0219,129.494,111.504,-4.79583,-177.624,
32.1178,1.06592,25.4683,6.42609,102.367,-1.69154e-05,-178.546,70.2495,1.27145,156.081,101.301,-6.97996,153.582,95.7178,-11.7679,130.262,107.727,-4.40563,-178.597,
32.1178,1.06592,25.4683,6.42609,102.367,-1.69154e-05,-178.546,70.2495,1.27145,156.081,101.301,-6.97996,153.582,95.7178,-11.7679,130.262,107.727,-4.40563,-178.597,
35.4232,2.09117,28.701,1.87883,103.393,-0.121081,-179.949,67.9693,-0.931067,151.065,101.301,-6.97996,153.582,96.6703,-11.2311,131.135,103.18,-4.08377,-178.553,
35.4232,2.09117,28.701,1.87883,103.393,-0.121081,-179.949,67.9693,-0.931067,151.065,101.301,-6.97996,153.582,96.6703,-11.2311,131.135,103.18,-4.08377,-178.553,
35.5562,0.226011,29.8101,-0.119306,103.526,-0.307298,178.227,67.9693,-0.931067,151.065,103.3,-7.058,136.267,97.7794,-10.9882,131.66,103.18,-4.08377,-178.553,
35.5562,0.226011,29.8101,-0.119306,103.526,-0.307298,178.227,67.9693,-0.931067,151.065,103.3,-7.058,136.267,97.7794,-10.9882,131.66,103.18,-4.08377,-178.553,
34.4358,-1.68362,29.3282,-11.1563,102.887,-0.497145,178.377,68.4512,-3.08321,147.429,104.571,-7.17202,135.854,97.7794,-10.9882,131.66,93.4143,-3.41181,-178.26,
34.4358,-1.68362,29.3282,-11.1563,102.887,-0.497145,178.377,68.4512,-3.08321,147.429,104.571,-7.17202,135.854,97.7794,-10.9882,131.66,93.4143,-3.41181,-178.26,
30.362,-3.4682,30.5252,-33.1896,102.563,-1.32333,177.349,72.2012,-3.65378,148.17,106.031,-6.75153,135.616,102.726,-9.07417,134.616,72.8419,1.53524,-177.392,
30.362,-3.4682,30.5252,-33.1896,102.563,-1.32333,177.349,72.2012,-3.65378,148.17,106.031,-6.75153,135.616,102.726,-9.07417,134.616,72.8419,1.53524,-177.392,
30.3553,-2.25503,30.4769,-33.1896,103.776,-1.35881,175.182,73.4211,-3.17631,149.476,106.031,-6.75153,135.616,103.898,-8.68817,134.536,72.8419,1.53524,-177.392,
30.3553,-2.25503,30.4769,-33.1896,103.776,-1.35881,175.182,73.4211,-3.17631,149.476,106.031,-6.75153,135.616,103.898,-8.68817,134.536,72.8419,1.53524,-177.392,
30.4851,-2.80221,31.8437,-33.8665,103.906,-1.23385,174.332,73.4211,-3.17631,149.476,106.708,-6.05744,134.782,105.265,-8.5029,134.483,72.8419,1.53524,-177.392,
30.4851,-2.80221,31.8437,-33.8665,103.906,-1.23385,174.332,73.4211,-3.17631,149.476,106.708,-6.05744,134.782,105.265,-8.5029,134.483,72.8419,1.53524,-177.392,
28.961,-5.57784,30.7597,-55.0356,103.466,-1.10549,176.036,74.505,-2.74855,150.871,109.044,-6.0759,133.308,105.265,-8.5029,134.483,54.0083,7.10925,177.026,
28.961,-5.57784,30.7597,-55.0356,103.466,-1.10549,176.036,74.505,-2.74855,150.871,109.044,-6.0759,133.308,105.265,-8.5029,134.483,54.0083,7.10925,177.026,
32.8528,-4.84345,38.9838,-60.6804,104.669,-0.650205,176.447,71.8163,-0.181893,149.401,109.513,-6.10429,132.824,110.8,-6.87711,134.348,48.8322,7.76466,175.406,
32.8528,-4.84345,38.9838,-60.6804,104.669,-0.650205,176.447,71.8163,-0.181893,149.401,109.513,-6.10429,132.824,110.8,-6.87711,134.348,48.8322,7.76466,175.406,
33.0701,-4.62618,40.5054,-60.6804,104.886,-0.706259,176.27,71.8163,-0.181893,149.401,109.513,-6.10429,132.824,112.322,-6.24535,134.384,48.8322,7.76466,175.406,
33.0701,-4.62618,40.5054,-60.6804,104.886,-0.706259,176.27,71.8163,-0.181893,149.401,109.513,-6.10429,132.824,112.322,-6.24535,134.384,48.8322,7.76466,175.406,
34.8577,-4.2642,43.9778,-57.4226,104.848,-0.546284,175.618,69.9899,-0.128807,148.104,109.112,-5.53228,131.225,113.968,-5.60033,134.545,51.6892,7.15585,175.42,
34.8577,-4.2642,43.9778,-57.4226,104.848,-0.546284,175.618,69.9899,-0.128807,148.104,109.112,-5.53228,131.225,113.968,-5.60033,134.545,51.6892,7.15585,175.42,
22.9859,-3.1639,32.8681,-51.8874,104.085,-0.0295263,175.042,81.0995,0.745364,150.525,107.249,-5.45283,131.125,113.968,-5.60033,134.545,55.3619,8.98383,178.054,
22.9859,-3.1639,32.8681,-51.8874,104.085,-0.0295263,175.042,81.0995,0.745364,150.525,107.249,-5.45283,131.125,113.968,-5.60033,134.545,55.3619,8.98383,178.054,
21.0685,-1.12283,39.655,-48.1707,103.717,0.242198,175.92,82.6484,0.572805,149.212,104.84,-5.38151,131.469,122.303,-1.48575,133.069,56.669,8.75358,177.913,
21.0685,-1.12283,39.655,-48.1707,103.717,0.242198,175.92,82.6484,0.572805,149.212,104.84,-5.38151,131.469,122.303,-1.48575,133.069,56.669,8.75358,177.913,
22.3596,-0.435916,44.2823,-48.1707,104.404,0.172481,177.01,82.0442,0.0969619,147.786,104.84,-5.38151,131.469,126.326,2.42636,130.145,56.669,8.75358,177.913,
22.3596,-0.435916,44.2823,-48.1707,104.404,0.172481,177.01,82.0442,0.0969619,147.786,104.84,-5.38151,131.469,126.326,2.42636,130.145,56.669,8.75358,177.913,
20.8914,9.36705,44.2823,-33.1224,102.936,-0.174823,179.966,82.0442,0.0969619,147.786,93.5686,-3.56461,131.202,126.326,2.42636,130.145,60.4462,9.30774,178.335,
20.8914,9.36705,44.2823,-33.1224,102.936,-0.174823,179.966,82.0442,0.0969619,147.786,93.5686,-3.56461,131.202,126.326,2.42636,130.145,60.4462,9.30774,178.335,
17.723,10.6172,45.4156,-27.8321,102.203,-0.204691,-178.965,84.48,1.33248,148.879,91.5858,-3.30102,129.544,129.896,9.82247,124.012,63.7537,9.19324,177.849,
17.723,10.6172,45.4156,-27.8321,102.203,-0.204691,-178.965,84.48,1.33248,148.879,91.5858,-3.30102,129.544,129.896,9.82247,124.012,63.7537,9.19324,177.849,
14.8319,12.8955,46.1509,-23.488,102.895,-0.0491468,179.805,88.0632,2.72193,150.271,89.9996,-3.84449,127.393,134.214,14.095,123.681,66.5116,9.97193,178.404,
14.8319,12.8955,46.1509,-23.488,102.895,-0.0491468,179.805,88.0632,2.72193,150.271,89.9996,-3.84449,127.393,134.214,14.095,123.681,66.5116,9.97193,178.404,
9.61161,14.4489,41.7449,-22.3548,103.315,-0.0271755,177.09,93.7037,5.12143,151.606,88.8664,-7.01693,125.542,135.449,15.2304,127.009,66.5116,9.97193,178.404,
9.61161,14.4489,41.7449,-22.3548,103.315,-0.0271755,177.09,93.7037,5.12143,151.606,88.8664,-7.01693,125.542,135.449,15.2304,127.009,66.5116,9.97193,178.404,
9.59919,18.7385,41.7449,-16.0062,103.303,-0.466271,176.762,93.7037,5.12143,151.606,84.5644,-8.93866,128.39,135.449,15.2304,127.009,68.5582,8.79164,176.551,
9.59919,18.7385,41.7449,-16.0062,103.303,-0.466271,176.762,93.7037,5.12143,151.606,84.5644,-8.93866,128.39,135.449,15.2304,127.009,68.5582,8.79164,176.551,
7.68929,24.0031,38.0057,-9.40842,104.896,-0.516105,177.357,97.2068,5.32213,151.462,80.8931,-9.0307,130.862,135.213,16.1365,127.251,71.4846,7.97151,174.987,
7.68929,24.0031,38.0057,-9.40842,104.896,-0.516105,177.357,97.2068,5.32213,151.462,80.8931,-9.0307,130.862,135.213,16.1365,127.251,71.4846,7.97151,174.987,
6.30958,26.0094,32.0751,-5.89026,104.212,0.219729,178.173,97.9023,5.45099,151.301,78.2025,-9.38533,132.274,129.977,14.0805,128.675,72.3123,7.60333,174.241,
6.30958,26.0094,32.0751,-5.89026,104.212,0.219729,178.173,97.9023,5.45099,151.301,78.2025,-9.38533,132.274,129.977,14.0805,128.675,72.3123,7.60333,174.241,
5.01393,28.227,28.774,-2.48305,103.022,0.550548,178.983,98.0084,5.48493,151.15,74.7953,-9.90042,135.595,126.782,12.7181,128.906,72.3123,7.60333,174.241,
5.01393,28.227,28.774,-2.48305,103.022,0.550548,178.983,98.0084,5.48493,151.15,74.7953,-9.90042,135.595,126.782,12.7181,128.906,72.3123,7.60333,174.241,
5.01393,29.9508,28.774,-0.759171,103.022,0.550548,178.983,98.0084,5.48493,151.15,73.0715,-9.67673,137.881,126.782,12.7181,128.906,72.3123,7.60333,174.241,
5.01393,29.9508,28.774,-0.759171,103.022,0.550548,178.983,98.0084,5.48493,151.15,73.0715,-9.67673,137.881,126.782,12.7181,128.906,72.3123,7.60333,174.241,
-0.339064,30.4942,6.52985,8.01119,101.112,0.46075,179.532,101.451,6.12254,154.191,70.6179,-8.65229,142.041,107.981,3.11079,131.644,78.6291,6.76806,174.094,
-0.339064,30.4942,6.52985,8.01119,101.112,0.46075,179.532,101.451,6.12254,154.191,70.6179,-8.65229,142.041,107.981,3.11079,131.644,78.6291,6.76806,174.094,
-1.39147,30.5418,-0.0583725,9.37833,101.15,0.828639,178.938,102.542,6.25336,154.955,70.6084,-7.62096,143.612,102.483,1.31123,130.057,79.9867,6.63646,174.333,
-1.39147,30.5418,-0.0583725,9.37833,101.15,0.828639,178.938,102.542,6.25336,154.955,70.6084,-7.62096,143.612,102.483,1.31123,130.057,79.9867,6.63646,174.333,
-1.60019,30.0592,-6.39881,8.00952,102.036,1.72283,177.814,103.637,6.28357,155.681,71.9772,-5.41565,145.182,97.2377,-0.892055,127.613,79.9867,6.63646,174.333,
-1.60019,30.0592,-6.39881,8.00952,102.036,1.72283,177.814,103.637,6.28357,155.681,71.9772,-5.41565,145.182,97.2377,-0.892055,127.613,79.9867,6.63646,174.333,
-3.80032,27.255,-8.21646,10.3881,101.654,1.84954,179.765,105.454,6.30634,156.358,74.3989,-4.17973,144.217,97.2377,-0.892055,127.613,84.787,6.41229,175.33,
-3.80032,27.255,-8.21646,10.3881,101.654,1.84954,179.765,105.454,6.30634,156.358,74.3989,-4.17973,144.217,97.2377,-0.892055,127.613,84.787,6.41229,175.33,
-5.89378,25.8242,-28.6835,11.9375,101.095,1.74825,-178.484,106.989,6.06147,157.605,75.2712,-4.95823,141.976,78.3058,-13.2795,128.887,87.2087,6.17843,175.917,
-5.89378,25.8242,-28.6835,11.9375,101.095,1.74825,-178.484,106.989,6.06147,157.605,75.2712,-4.95823,141.976,78.3058,-13.2795,128.887,87.2087,6.17843,175.917,
-5.88335,25.8347,-28.6835,11.9375,101.106,1.83436,-178.479,106.989,6.06147,157.605,75.2712,-4.95823,141.976,78.3058,-13.2795,128.887,87.2087,6.17843,175.917,
-5.88335,25.8347,-28.6835,11.9375,101.106,1.83436,-178.479,106.989,6.06147,157.605,75.2712,-4.95823,141.976,78.3058,-13.2795,128.887,87.2087,6.17843,175.917,
-6.24957,26.6848,-35.6856,17.4526,100.898,1.81349,-178.414,107.148,6.21979,157.853,74.2135,-8.87125,145.68,71.4622,-15.0992,133.383,91.6661,5.65889,176.158,
-6.24957,26.6848,-35.6856,17.4526,100.898,1.81349,-178.414,107.148,6.21979,157.853,74.2135,-8.87125,145.68,71.4622,-15.0992,133.383,91.6661,5.65889,176.158,
-6.11053,26.9133,-35.8118,19.3706,101.163,1.68649,-178.665,107.274,6.58921,158.145,74.2502,-7.28351,147.325,71.4622,-15.0992,133.383,93.6207,5.27558,176.021,
-6.11053,26.9133,-35.8118,19.3706,101.163,1.68649,-178.665,107.274,6.58921,158.145,74.2502,-7.28351,147.325,71.4622,-15.0992,133.383,93.6207,5.27558,176.021,
-5.73708,23.6114,-29.9621,18.2689,101.036,1.34212,-177.137,106.773,6.10865,158.927,77.4244,-7.02908,144.49,76.8107,-14.5775,129.077,95.6933,4.83972,175.892,
-5.73708,23.6114,-29.9621,18.2689,101.036,1.34212,-177.137,106.773,6.10865,158.927,77.4244,-7.02908,144.49,76.8107,-14.5775,129.077,95.6933,4.83972,175.892,
-3.19052,23.7554,-26.3401,20.4374,101.18,1.38993,-176.29,104.37,5.39558,158.631,77.4244,-7.02908,144.49,78.0302,-14.2988,128.476,97.8618,4.36564,175.912,
-3.19052,23.7554,-26.3401,20.4374,101.18,1.38993,-176.29,104.37,5.39558,158.631,77.4244,-7.02908,144.49,78.0302,-14.2988,128.476,97.8618,4.36564,175.912,
-2.79275,17.8312,-25.2763,21.0527,101.578,1.57685,-176.547,104.37,5.39558,158.631,83.7463,-5.48478,143.46,79.094,-13.5923,127.719,104.799,2.50925,178.298,
-2.79275,17.8312,-25.2763,21.0527,101.578,1.57685,-176.547,104.37,5.39558,158.631,83.7463,-5.48478,143.46,79.094,-13.5923,127.719,104.799,2.50925,178.298,
4.62111,17.5932,-12.5639,23.6211,100.971,2.17161,-178.156,96.3497,2.16168,155.828,83.3776,-5.45772,143.923,83.7859,-13.6633,126.251,106.999,1.4966,-179.949,
4.62111,17.5932,-12.5639,23.6211,100.971,2.17161,-178.156,96.3497,2.16168,155.828,83.3776,-5.45772,143.923,83.7859,-13.6633,126.251,106.999,1.4966,-179.949,
8.45472,15.0578,-5.61143,24.0379,100.641,2.3039,-178.514,92.1862,-0.532293,160.753,85.5831,-5.7832,143.686,86.5747,-11.9699,129.146,109.621,-0.11968,-176.766,
8.45472,15.0578,-5.61143,24.0379,100.641,2.3039,-178.514,92.1862,-0.532293,160.753,85.5831,-5.7832,143.686,86.5747,-11.9699,129.146,109.621,-0.11968,-176.766,
9.57854,14.6687,-1.23733,27.3308,100.252,2.52503,-178.998,90.6733,-0.832335,165.111,85.5831,-5.7832,143.686,89.436,-12.0003,128.754,112.914,-2.29224,-173.22,
9.57854,14.6687,-1.23733,27.3308,100.252,2.52503,-178.998,90.6733,-0.832335,165.111,85.5831,-5.7832,143.686,89.436,-12.0003,128.754,112.914,-2.29224,-173.22,
9.71348,8.58924,-1.23733,26.7048,100.387,2.83494,-178.752,90.6733,-0.832335,165.111,91.7976,-6.14105,140.337,89.436,-12.0003,128.754,118.502,-6.57096,-168.679,
9.71348,8.58924,-1.23733,26.7048,100.387,2.83494,-178.752,90.6733,-0.832335,165.111,91.7976,-6.14105,140.337,89.436,-12.0003,128.754,118.502,-6.57096,-168.679,
13.4307,3.34403,4.50608,23.0933,100.538,3.76298,-178.919,87.1068,1.66553,170.709,97.1935,-7.53151,138.007,91.6129,-12.0873,128.099,120.287,-7.97009,-169.713,
13.4307,3.34403,4.50608,23.0933,100.538,3.76298,-178.919,87.1068,1.66553,170.709,97.1935,-7.53151,138.007,91.6129,-12.0873,128.099,120.287,-7.97009,-169.713,
19.7634,3.12042,13.2624,22.0457,100.694,3.95445,-178.415,80.9306,1.904,167.457,97.5736,-8.02458,138.296,94.193,-11.1997,129.3,119.619,-8.14377,-169.416,
19.7634,3.12042,13.2624,22.0457,100.694,3.95445,-178.415,80.9306,1.904,167.457,97.5736,-8.02458,138.296,94.193,-11.1997,129.3,119.619,-8.14377,-169.416,
22.5963,2.74791,17.3883,22.0457,100.322,3.91205,-176.806,77.7252,1.72314,165.328,97.5736,-8.02458,138.296,95.1135,-10.6146,129.977,119.619,-8.14377,-169.416,
22.5963,2.74791,17.3883,22.0457,100.322,3.91205,-176.806,77.7252,1.72314,165.328,97.5736,-8.02458,138.296,95.1135,-10.6146,129.977,119.619,-8.14377,-169.416,
22.4538,1.8142,17.3883,21.2544,100.179,3.87804,-176.685,77.7252,1.72314,165.328,98.3649,-7.40365,138.716,95.1135,-10.6146,129.977,119.619,-8.14377,-169.416,
22.4538,1.8142,17.3883,21.2544,100.179,3.87804,-176.685,77.7252,1.72314,165.328,98.3649,-7.40365,138.716,95.1135,-10.6146,129.977,119.619,-8.14377,-169.416,
30.7606,0.147136,29.0424,6.22833,100.178,3.7888,-177.052,69.417,-0.377179,155.565,100.03,-6.61254,137.497,98.4594,-9.59326,131.873,106.259,-4.41586,-174.297,
30.7606,0.147136,29.0424,6.22833,100.178,3.7888,-177.052,69.417,-0.377179,155.565,100.03,-6.61254,137.497,98.4594,-9.59326,131.873,106.259,-4.41586,-174.297,
31.7916,-1.79739,33.278,0.702533,99.4502,3.42045,-176.688,67.6587,-2.29184,151.676,101.248,-6.6844,136.724,100.937,-8.60713,133.044,101.95,-3.35447,-175.978,
31.7916,-1.79739,33.278,0.702533,99.4502,3.42045,-176.688,67.6587,-2.29184,151.676,101.248,-6.6844,136.724,100.937,-8.60713,133.044,101.95,-3.35447,-175.978,
31.7706,-4.25509,34.443,-1.73416,99.4292,2.86993,-175.838,67.6587,-2.29184,151.676,103.684,-6.87131,135.598,102.102,-8.03715,133.244,101.95,-3.35447,-175.978,
31.7706,-4.25509,34.443,-1.73416,99.4292,2.86993,-175.838,67.6587,-2.29184,151.676,103.684,-6.87131,135.598,102.102,-8.03715,133.244,101.95,-3.35447,-175.978,
30.2787,-5.89584,33.1048,-23.0877,99.2755,2.00813,-177.938,68.9968,-4.10152,149.398,105.171,-6.12014,134.77,102.102,-8.03715,133.244,82.0836,0.0995332,-176.852,
30.2787,-5.89584,33.1048,-23.0877,99.2755,2.00813,-177.938,68.9968,-4.10152,149.398,105.171,-6.12014,134.77,102.102,-8.03715,133.244,82.0836,0.0995332,-176.852,
27.1395,-7.21866,31.9596,-30.0351,99.3672,1.83678,-177.542,72.2277,-3.77967,150.464,106.586,-5.33067,134.614,104.187,-7.22791,133.442,76.5508,1.54867,-176.695,
27.1395,-7.21866,31.9596,-30.0351,99.3672,1.83678,-177.542,72.2277,-3.77967,150.464,106.586,-5.33067,134.614,104.187,-7.22791,133.442,76.5508,1.54867,-176.695,
25.6986,-6.81455,33.1269,-35.5909,99.7713,1.67815,-176.413,74.0728,-3.15573,151.822,106.586,-5.33067,134.614,107.2,-5.93459,133.654,70.995,3.22507,-176.951,
25.6986,-6.81455,33.1269,-35.5909,99.7713,1.67815,-176.413,74.0728,-3.15573,151.822,106.586,-5.33067,134.614,107.2,-5.93459,133.654,70.995,3.22507,-176.951,
24.07,-8.48575,32.4952,-37.3278,99.8371,1.72585,-176.512,75.7671,-2.44005,153.195,108.323,-4.60975,133.928,108.262,-5.52245,133.481,70.995,3.22507,-176.951,
24.07,-8.48575,32.4952,-37.3278,99.8371,1.72585,-176.512,75.7671,-2.44005,153.195,108.323,-4.60975,133.928,108.262,-5.52245,133.481,70.995,3.22507,-176.951,
23.6876,-9.55351,31.6911,-58.9171,100.259,1.34723,-176.693,76.5712,-2.22067,153.71,109.812,-4.56431,133.214,108.262,-5.52245,133.481,50.8952,7.78434,177.649,
23.6876,-9.55351,31.6911,-58.9171,100.259,1.34723,-176.693,76.5712,-2.22067,153.71,109.812,-4.56431,133.214,108.262,-5.52245,133.481,50.8952,7.78434,177.649,
27.8124,-9.78948,40.7485,-61.9858,100.505,1.26342,-176.913,72.6922,-0.633507,151.593,110.294,-4.5441,132.805,113.441,-3.60871,133.328,48.3082,7.77441,176.802,
27.8124,-9.78948,40.7485,-61.9858,100.505,1.26342,-176.913,72.6922,-0.633507,151.593,110.294,-4.5441,132.805,113.441,-3.60871,133.328,48.3082,7.77441,176.802,
30.0439,-9.64667,44.3001,-62.0533,100.647,1.48057,-176.34,70.6035,-0.915273,149.562,110.294,-4.5441,132.805,114.904,-2.78985,133.456,48.2407,6.84596,176.026,
30.0439,-9.64667,44.3001,-62.0533,100.647,1.48057,-176.34,70.6035,-0.915273,149.562,110.294,-4.5441,132.805,114.904,-2.78985,133.456,48.2407,6.84596,176.026,
30.2291,-9.62032,46.2512,-62.2122,100.833,1.94547,-176.191,70.6035,-0.915273,149.562,110.453,-4.3585,131.92,116.855,-1.85611,133.609,48.2407,6.84596,176.026,
30.2291,-9.62032,46.2512,-62.2122,100.833,1.94547,-176.191,70.6035,-0.915273,149.562,110.453,-4.3585,131.92,116.855,-1.85611,133.609,48.2407,6.84596,176.026,
21.0145,-2.72478,36.8879,-48.4912,100.981,2.26897,-177.175,79.9668,0.287807,154.054,103.706,-4.59997,132.863,116.855,-1.85611,133.609,55.2148,9.26374,-179.954,
21.0145,-2.72478,36.8879,-48.4912,100.981,2.26897,-177.175,79.9668,0.287807,154.054,103.706,-4.59997,132.863,116.855,-1.85611,133.609,55.2148,9.26374,-179.954,
21.0145,-2.72478,41.2549,-48.4912,100.981,2.26897,-177.175,79.9668,0.287807,154.054,103.706,-4.59997,132.863,121.222,0.306613,133.68,55.2148,9.26374,-179.954,
21.0145,-2.72478,41.2549,-48.4912,100.981,2.26897,-177.175,79.9668,0.287807,154.054,103.706,-4.59997,132.863,121.222,0.306613,133.68,55.2148,9.26374,-179.954,
17.8181,1.48126,43.8097,-40.6411,101.681,2.21155,-176.78,83.8629,0.54674,149.795,100.2,-4.47719,133.608,127.673,6.52092,130.764,59.5586,9.33375,-179.995,
17.8181,1.48126,43.8097,-40.6411,101.681,2.21155,-176.78,83.8629,0.54674,149.795,100.2,-4.47719,133.608,127.673,6.52092,130.764,59.5586,9.33375,-179.995,
17.3902,7.24578,45.4134,-30.949,101.253,1.98188,-174.896,83.8629,0.54674,149.795,94.0073,-3.61751,134.967,129.276,10.3669,127.69,63.0584,8.04071,178.326,
17.3902,7.24578,45.4134,-30.949,101.253,1.98188,-174.896,83.8629,0.54674,149.795,94.0073,-3.61751,134.967,129.276,10.3669,127.69,63.0584,8.04071,178.326,
11.8647,11.5881,40.7371,-22.7141,100.404,1.70937,-172.845,88.5392,2.15499,151.038,88.8158,-4.55647,128.93,129.276,10.3669,127.69,66.1016,8.0666,178.519,
11.8647,11.5881,40.7371,-22.7141,100.404,1.70937,-172.845,88.5392,2.15499,151.038,88.8158,-4.55647,128.93,129.276,10.3669,127.69,66.1016,8.0666,178.519,
6.05709,13.7151,40.9751,-20.4193,101.938,1.81196,-174.702,95.8809,4.36957,153.086,88.2229,-6.21049,127.943,136.856,17.5402,127.898,67.8036,8.34293,178.126,
6.05709,13.7151,40.9751,-20.4193,101.938,1.81196,-174.702,95.8809,4.36957,153.086,88.2229,-6.21049,127.943,136.856,17.5402,127.898,67.8036,8.34293,178.126,
6.56904,14.6031,41.2969,-20.4193,102.826,1.08663,-177.349,96.2569,4.79502,152.735,88.2229,-6.21049,127.943,137.554,16.6543,129.91,67.8036,8.34293,178.126,
6.56904,14.6031,41.2969,-20.4193,102.826,1.08663,-177.349,96.2569,4.79502,152.735,88.2229,-6.21049,127.943,137.554,16.6543,129.91,67.8036,8.34293,178.126,
6.86675,18.4286,41.1035,-16.8915,103.124,1.00112,-177.866,96.2569,4.79502,152.735,84.6951,-8.84544,129.597,137.36,16.4744,130.706,67.8036,8.34293,178.126,
6.86675,18.4286,41.1035,-16.8915,103.124,1.00112,-177.866,96.2569,4.79502,152.735,84.6951,-8.84544,129.597,137.36,16.4744,130.706,67.8036,8.34293,178.126,
6.33746,29.1669,36.8484,-3.88756,103.884,1.523,-179.219,97.5465,4.48618,152.636,74.717,-9.49119,135.989,134.395,16.0046,130.236,70.8295,7.78931,177.113,
6.33746,29.1669,36.8484,-3.88756,103.884,1.523,-179.219,97.5465,4.48618,152.636,74.717,-9.49119,135.989,134.395,16.0046,130.236,70.8295,7.78931,177.113,
3.25073,29.5076,30.5413,0.799709,101.912,1.80437,-178.58,98.6614,4.44955,153.991,72.4045,-9.55925,137.752,129.203,14.3337,129.694,73.2042,7.43021,177.248,
3.25073,29.5076,30.5413,0.799709,101.912,1.80437,-178.58,98.6614,4.44955,153.991,72.4045,-9.55925,137.752,129.203,14.3337,129.694,73.2042,7.43021,177.248,
1.67037,28.9262,22.0778,0.799709,101.331,2.189,-178.619,99.6603,4.7191,155.147,72.4045,-9.55925,137.752,121.738,11.0614,129.152,73.2042,7.43021,177.248,
1.67037,28.9262,22.0778,0.799709,101.331,2.189,-178.619,99.6603,4.7191,155.147,72.4045,-9.55925,137.752,121.738,11.0614,129.152,73.2042,7.43021,177.248,
0.751101,32.9161,22.0778,9.84205,100.411,2.62902,-178.609,99.6603,4.7191,155.147,67.4954,-7.30743,144.168,121.738,11.0614,129.152,77.3374,6.90922,177.597,
0.751101,32.9161,22.0778,9.84205,100.411,2.62902,-178.609,99.6603,4.7191,155.147,67.4954,-7.30743,144.168,121.738,11.0614,129.152,77.3374,6.90922,177.597,
-3.09727,32.5389,8.84295,12.2553,100.384,3.09113,178.65,103.481,5.86248,157.652,67.845,-6.5627,144.988,112.324,6.47928,128.8,80.1003,6.35251,177.555,
-3.09727,32.5389,8.84295,12.2553,100.384,3.09113,178.65,103.481,5.86248,157.652,67.845,-6.5627,144.988,112.324,6.47928,128.8,80.1003,6.35251,177.555,
-1.87754,33.7147,-2.59598,12.7075,102.413,3.80729,179.777,104.29,5.87892,157.731,68.6978,-5.59335,145.472,101.694,1.41481,127.095,81.4053,6.13849,177.549,
-1.87754,33.7147,-2.59598,12.7075,102.413,3.80729,179.777,104.29,5.87892,157.731,68.6978,-5.59335,145.472,101.694,1.41481,127.095,81.4053,6.13849,177.549,
-2.78218,33.4658,-8.52181,12.7075,102.164,4.1202,-178.338,104.946,5.89608,157.748,68.6978,-5.59335,145.472,96.424,-1.49595,126.164,81.4053,6.13849,177.549,
-2.78218,33.4658,-8.52181,12.7075,102.164,4.1202,-178.338,104.946,5.89608,157.748,68.6978,-5.59335,145.472,96.424,-1.49595,126.164,81.4053,6.13849,177.549,
-3.22694,26.831,-13.7228,10.4279,101.719,4.0683,-176.882,104.946,5.89608,157.748,74.8878,-5.61332,142.594,91.2231,-4.7322,125.719,85.3158,5.5101,177.667,
-3.22694,26.831,-13.7228,10.4279,101.719,4.0683,-176.882,104.946,5.89608,157.748,74.8878,-5.61332,142.594,91.2231,-4.7322,125.719,85.3158,5.5101,177.667,
-4.13392,27.9542,-29.6145,14.2558,101.963,4.36231,-177.52,106.097,5.89553,158.329,74.0088,-6.08191,142.79,76.4824,-12.5346,132.135,88.2646,5.11378,177.77,
-4.13392,27.9542,-29.6145,14.2558,101.963,4.36231,-177.52,106.097,5.89553,158.329,74.0088,-6.08191,142.79,76.4824,-12.5346,132.135,88.2646,5.11378,177.77,
-4.04481,28.1046,-34.99,15.9673,102.113,4.42863,-177.818,106.158,6.00413,158.841,74.0088,-6.08191,142.79,71.1682,-13.8991,135.593,89.9761,4.85087,177.888,
-4.04481,28.1046,-34.99,15.9673,102.113,4.42863,-177.818,106.158,6.00413,158.841,74.0088,-6.08191,142.79,71.1682,-13.8991,135.593,89.9761,4.85087,177.888,
-4.24494,31.2728,-33.9062,21.0581,102.214,4.52611,-178.287,106.459,6.1581,159.619,70.9408,-8.16858,146.525,72.5524,-13.8661,135.179,91.9989,4.45759,177.98,
-4.24494,31.2728,-33.9062,21.0581,102.214,4.52611,-178.287,106.459,6.1581,159.619,70.9408,-8.16858,146.525,72.5524,-13.8661,135.179,91.9989,4.45759,177.98,
-4.68737,26.2004,-33.8743,23.1379,101.739,4.36584,-177.444,106.427,6.24993,161.124,75.5389,-7.49175,146.93,72.5524,-13.8661,135.179,98.6768,2.90516,178.239,
-4.68737,26.2004,-33.8743,23.1379,101.739,4.36584,-177.444,106.427,6.24993,161.124,75.5389,-7.49175,146.93,72.5524,-13.8661,135.179,98.6768,2.90516,178.239,
-4.94638,21.896,-32.9221,19.0924,101.48,4.33499,-176.906,106.427,6.24993,161.124,79.5843,-7.59734,142.027,73.5046,-14.9211,130.849,98.6768,2.90516,178.239,
-4.94638,21.896,-32.9221,19.0924,101.48,4.33499,-176.906,106.427,6.24993,161.124,79.5843,-7.59734,142.027,73.5046,-14.9211,130.849,98.6768,2.90516,178.239,
1.93984,19.3883,-19.3525,22.7328,100.687,4.3966,-174.873,98.7469,4.64314,157.633,81.2984,-7.48333,139.83,79.3943,-13.9276,130.015,104.031,1.47319,178.825,
1.93984,19.3883,-19.3525,22.7328,100.687,4.3966,-174.873,98.7469,4.64314,157.633,81.2984,-7.48333,139.83,79.3943,-13.9276,130.015,104.031,1.47319,178.825,
4.85016,16.6642,-15.1052,24.6311,100.85,4.80562,-174.983,96.0001,3.63352,156.127,84.1861,-6.88369,144.47,80.895,-12.5039,131.509,108.817,-0.896456,-177.94,
4.85016,16.6642,-15.1052,24.6311,100.85,4.80562,-174.983,96.0001,3.63352,156.127,84.1861,-6.88369,144.47,80.895,-12.5039,131.509,108.817,-0.896456,-177.94,
9.66842,8.59908,-10.1941,19.5164,100.757,5.7461,-179.231,91.0891,0.96965,157.211,92.1584,-6.55851,141.07,80.895,-12.5039,131.509,111.675,-3.06481,-174.573,
9.66842,8.59908,-10.1941,19.5164,100.757,5.7461,-179.231,91.0891,0.96965,157.211,92.1584,-6.55851,141.07,80.895,-12.5039,131.509,111.675,-3.06481,-174.573,
12.7332,5.12875,-2.30121,22.6831,100.861,6.89788,176.425,88.128,0.304555,165.457,95.7325,-6.51102,140.471,85.8268,-12.5335,131.408,118.416,-7.95024,-169.649,
12.7332,5.12875,-2.30121,22.6831,100.861,6.89788,176.425,88.128,0.304555,165.457,95.7325,-6.51102,140.471,85.8268,-12.5335,131.408,118.416,-7.95024,-169.649,
14.4891,4.89193,1.38707,24.8784,100.624,7.5537,174.734,86.1353,2.33664,169.925,95.7325,-6.51102,140.471,87.5224,-12.1292,132.055,120.611,-9.1584,-169.18,
14.4891,4.89193,1.38707,24.8784,100.624,7.5537,174.734,86.1353,2.33664,169.925,95.7325,-6.51102,140.471,87.5224,-12.1292,132.055,120.611,-9.1584,-169.18,
20.8973,2.73766,7.91362,22.6989,101.346,7.7139,176.87,80.449,2.98116,167.838,98.6086,-5.91018,142.75,88.3626,-12.187,131.689,121.308,-8.70894,-170.853,
20.8973,2.73766,7.91362,22.6989,101.346,7.7139,176.87,80.449,2.98116,167.838,98.6086,-5.91018,142.75,88.3626,-12.187,131.689,121.308,-8.70894,-170.853,
28.3465,1.52939,19.4048,16.0132,100.571,7.34969,-176.757,72.2249,2.29999,161.691,99.042,-5.9064,142.133,91.6297,-11.3407,130.588,115.055,-6.24174,-173.464,
28.3465,1.52939,19.4048,16.0132,100.571,7.34969,-176.757,72.2249,2.29999,161.691,99.042,-5.9064,142.133,91.6297,-11.3407,130.588,115.055,-6.24174,-173.464,
30.4137,1.38602,22.7595,16.0132,100.428,7.28194,-176.802,70.0143,1.54452,159.006,99.042,-5.9064,142.133,92.7738,-11.0141,130.079,115.055,-6.24174,-173.464,
30.4137,1.38602,22.7595,16.0132,100.428,7.28194,-176.802,70.0143,1.54452,159.006,99.042,-5.9064,142.133,92.7738,-11.0141,130.079,115.055,-6.24174,-173.464,
30.4406,-2.79876,23.9546,4.6574,100.455,6.8825,-177.997,70.0143,1.54452,159.006,103.254,-6.51642,136.743,93.969,-10.6467,129.893,107.911,-4.10954,-175.563,
30.4406,-2.79876,23.9546,4.6574,100.455,6.8825,-177.997,70.0143,1.54452,159.006,103.254,-6.51642,136.743,93.969,-10.6467,129.893,107.911,-4.10954,-175.563,
32.4672,-4.90044,27.4222,-9.72547,99.014,6.03556,-178.174,66.5468,-0.390814,154.528,103.914,-6.44375,136.043,93.969,-10.6467,129.893,94.1889,-1.58233,-177.622,
32.4672,-4.90044,27.4222,-9.72547,99.014,6.03556,-178.174,66.5468,-0.390814,154.528,103.914,-6.44375,136.043,93.969,-10.6467,129.893,94.1889,-1.58233,-177.622,
32.1077,-5.42639,32.1221,-15.1829,98.9886,5.15984,179.605,66.881,-2.52942,151.107,104.415,-6.32919,135.608,99.0031,-8.68355,131.615,89.2322,-0.710835,-176.762,
32.1077,-5.42639,32.1221,-15.1829,98.9886,5.15984,179.605,66.881,-2.52942,151.107,104.415,-6.32919,135.608,99.0031,-8.68355,131.615,89.2322,-0.710835,-176.762,
32.1077,-5.42639,32.1221,-15.1829,98.9886,5.15984,179.605,66.881,-2.52942,151.107,104.415,-6.32919,135.608,99.0031,-8.68355,131.615,89.2322,-0.710835,-176.762,
32.1077,-5.42639,32.1221,-15.1829,98.9886,5.15984,179.605,66.881,-2.52942,151.107,104.415,-6.32919,135.608,99.0031,-8.68355,131.615,89.2322,-0.710835,-176.762,
31.2608,-7.49571,33.4499,-28.1742,99.3337,4.82322,179.431,68.0729,-2.35749,150.883,106.829,-5.28834,134.313,101.523,-7.66171,132.174,78.6552,1.80351,-175.761,
31.2608,-7.49571,33.4499,-28.1742,99.3337,4.82322,179.431,68.0729,-2.35749,150.883,106.829,-5.28834,134.313,101.523,-7.66171,132.174,78.6552,1.80351,-175.761,
25.4438,-9.29956,31.0848,-44.9719,98.2317,4.30438,-179.35,72.7879,-0.198306,153.628,107.531,-5.09055,133.904,103.873,-6.73994,132.314,62.5593,6.49531,-178.257,
25.4438,-9.29956,31.0848,-44.9719,98.2317,4.30438,-179.35,72.7879,-0.198306,153.628,107.531,-5.09055,133.904,103.873,-6.73994,132.314,62.5593,6.49531,-178.257,
25.2104,-8.72396,33.3953,-50.7129,99.3997,4.83708,-175.111,74.1893,0.158866,155.022,108.124,-4.90344,133.52,107.585,-5.49084,132.112,57.4108,7.86522,-179.808,
25.2104,-8.72396,33.3953,-50.7129,99.3997,4.83708,-175.111,74.1893,0.158866,155.022,108.124,-4.90344,133.52,107.585,-5.49084,132.112,57.4108,7.86522,-179.808,
26.4016,-8.4381,35.7381,-50.7129,99.6856,4.75477,-175.447,73.284,0.271372,154.989,108.124,-4.90344,133.52,109.022,-5.05695,132.152,57.4108,7.86522,-179.808,
26.4016,-8.4381,35.7381,-50.7129,99.6856,4.75477,-175.447,73.284,0.271372,154.989,108.124,-4.90344,133.52,109.022,-5.05695,132.152,57.4108,7.86522,-179.808,
26.561,-10.8557,35.7381,-63.9452,99.845,4.79484,-175.864,73.284,0.271372,154.989,110.701,-4.27623,130.897,109.022,-5.05695,132.152,46.7555,9.45473,177.264,
26.561,-10.8557,35.7381,-63.9452,99.845,4.79484,-175.864,73.284,0.271372,154.989,110.701,-4.27623,130.897,109.022,-5.05695,132.152,46.7555,9.45473,177.264,
29.4,-10.8355,38.5569,-63.5684,99.8652,5.35539,-175.751,70.4652,1.9215,151.953,110.701,-4.27623,130.897,109.022,-5.05695,132.152,47.1323,8.86903,176.828,
29.4,-10.8355,38.5569,-63.5684,99.8652,5.35539,-175.751,70.4652,1.9215,151.953,110.701,-4.27623,130.897,109.022,-5.05695,132.152,47.1323,8.86903,176.828,
30.285,-11.1176,45.4379,-59.3882,99.7084,5.68922,-175.381,69.4234,1.25514,151.164,110.826,-4.19964,130.444,114.861,-2.25154,132.138,51.4377,11.7173,-179.555,
30.285,-11.1176,45.4379,-59.3882,99.7084,5.68922,-175.381,69.4234,1.25514,151.164,110.826,-4.19964,130.444,114.861,-2.25154,132.138,51.4377,11.7173,-179.555,
21.5061,-11.0625,40.5677,-59.3882,99.7635,5.37614,-175.261,78.2574,2.17223,154.43,110.826,-4.19964,130.444,118.825,-0.272357,132.109,51.4377,11.7173,-179.555,
21.5061,-11.0625,40.5677,-59.3882,99.7635,5.37614,-175.261,78.2574,2.17223,154.43,110.826,-4.19964,130.444,118.825,-0.272357,132.109,51.4377,11.7173,-179.555,
21.8585,-2.45519,40.5677,-48.1299,100.116,5.08831,-174.48,78.2574,2.17223,154.43,102.571,-4.06585,131.815,118.825,-0.272357,132.109,54.4412,10.3028,179.179,
21.8585,-2.45519,40.5677,-48.1299,100.116,5.08831,-174.48,78.2574,2.17223,154.43,102.571,-4.06585,131.815,118.825,-0.272357,132.109,54.4412,10.3028,179.179,
18.0522,2.80931,44.0843,-37.3863,99.1252,5.06599,-171.803,81.073,1.06501,149.515,96.3159,-3.12378,132.611,125.157,4.82153,129.878,58.9296,11.1343,-179.703,
18.0522,2.80931,44.0843,-37.3863,99.1252,5.06599,-171.803,81.073,1.06501,149.515,96.3159,-3.12378,132.611,125.157,4.82153,129.878,58.9296,11.1343,-179.703,
16.7478,2.81849,46.065,-35.7054,99.1344,5.19404,-172.449,82.3866,2.06378,150.409,96.3159,-3.12378,132.611,128.452,11.4292,124.781,60.6105,10.912,-180,
16.7478,2.81849,46.065,-35.7054,99.1344,5.19404,-172.449,82.3866,2.06378,150.409,96.3159,-3.12378,132.611,128.452,11.4292,124.781,60.6105,10.912,-180,
12.6739,6.53678,44.232,-30.4225,98.9931,4.66839,-173.968,86.3192,3.35313,150.898,92.4563,-2.37297,130.812,130.551,14.5401,123.571,62.0338,10.7679,179.687,
12.6739,6.53678,44.232,-30.4225,98.9931,4.66839,-173.968,86.3192,3.35313,150.898,92.4563,-2.37297,130.812,130.551,14.5401,123.571,62.0338,10.7679,179.687,
12.682,7.8298,44.232,-27.7579,99.0012,4.41829,-174.342,86.3192,3.35313,150.898,91.1714,-2.81009,127.745,130.551,14.5401,123.571,63.4135,10.8991,179.745,
12.682,7.8298,44.232,-27.7579,99.0012,4.41829,-174.342,86.3192,3.35313,150.898,91.1714,-2.81009,127.745,130.551,14.5401,123.571,63.4135,10.8991,179.745,
4.10648,11.113,40.0943,-21.9659,99.264,3.87216,-175.12,95.1576,6.61816,152.578,88.1511,-7.39729,127.217,135.252,16.7783,126.802,66.1852,11.0849,179.964,
4.10648,11.113,40.0943,-21.9659,99.264,3.87216,-175.12,95.1576,6.61816,152.578,88.1511,-7.39729,127.217,135.252,16.7783,126.802,66.1852,11.0849,179.964,
3.35603,11.3813,39.8243,-21.3421,99.5324,4.14711,-176.072,96.1763,6.76964,152.549,88.1511,-7.39729,127.217,136.001,15.3553,130.797,66.809,11.3012,-179.784,
3.35603,11.3813,39.8243,-21.3421,99.5324,4.14711,-176.072,96.1763,6.76964,152.549,88.1511,-7.39729,127.217,136.001,15.3553,130.797,66.809,11.3012,-179.784,
1.17773,19.9108,38.0613,-9.11789,98.2141,4.66057,-175.48,97.0364,6.64138,152.4,78.3033,-8.9299,135.084,135.098,14.9223,131.499,69.1854,11.3764,-178.675,
1.17773,19.9108,38.0613,-9.11789,98.2141,4.66057,-175.48,97.0364,6.64138,152.4,78.3033,-8.9299,135.084,135.098,14.9223,131.499,69.1854,11.3764,-178.675,
0.402049,24.0845,34.3368,-3.02418,97.4156,4.76761,-175.553,97.0135,6.49995,152.508,73.3311,-9.17109,139.227,131.35,13.7072,132.436,70.3069,11.1567,-178.439,
0.402049,24.0845,34.3368,-3.02418,97.4156,4.76761,-175.553,97.0135,6.49995,152.508,73.3311,-9.17109,139.227,131.35,13.7072,132.436,70.3069,11.1567,-178.439,
-1.68057,25.9387,26.5902,1.48632,97.1122,4.87763,-175.824,98.7928,6.80001,154.692,71.1735,-9.13499,141.32,125.383,11.488,133.04,72.6598,10.541,-178.35,
-1.68057,25.9387,26.5902,1.48632,97.1122,4.87763,-175.824,98.7928,6.80001,154.692,71.1735,-9.13499,141.32,125.383,11.488,133.04,72.6598,10.541,-178.35,
-2.53462,26.3496,21.3842,1.48632,97.5231,5.47108,-176.076,100.058,7.19842,155.815,71.1735,-9.13499,141.32,121.442,9.89499,133.312,72.6598,10.541,-178.35,
-2.53462,26.3496,21.3842,1.48632,97.5231,5.47108,-176.076,100.058,7.19842,155.815,71.1735,-9.13499,141.32,121.442,9.89499,133.312,72.6598,10.541,-178.35,
-2.87885,29.2639,15.918,7.66393,98.1172,5.94224,-176.542,100.996,7.63326,156.818,68.8532,-8.1254,145.027,116.914,8.06753,133.562,76.5172,9.68924,-178.446,
-2.87885,29.2639,15.918,7.66393,98.1172,5.94224,-176.542,100.996,7.63326,156.818,68.8532,-8.1254,145.027,116.914,8.06753,133.562,76.5172,9.68924,-178.446,
-4.64832,28.7348,3.31846,8.19756,98.4079,6.3261,-175.582,103.056,8.19151,158.481,69.6731,-6.08724,148.254,106.375,3.95062,133.119,77.8706,9.27429,-178.825,
-4.64832,28.7348,3.31846,8.19756,98.4079,6.3261,-175.582,103.056,8.19151,158.481,69.6731,-6.08724,148.254,106.375,3.95062,133.119,77.8706,9.27429,-178.825,
-5.07734,27.6189,-8.4645,8.2643,98.6293,6.44532,-174.507,103.707,8.26857,158.693,71.0104,-5.47652,148.192,95.2421,-1.50139,131.297,79.2747,8.95636,-179.189,
-5.07734,27.6189,-8.4645,8.2643,98.6293,6.44532,-174.507,103.707,8.26857,158.693,71.0104,-5.47652,148.192,95.2421,-1.50139,131.297,79.2747,8.95636,-179.189,
-6.52811,27.9752,-15.617,9.7411,98.9856,6.76772,-174.808,105.514,8.26191,159.243,71.0104,-5.47652,148.192,89.8968,-4.90372,130.806,80.7515,8.56819,-179.669,
-6.52811,27.9752,-15.617,9.7411,98.9856,6.76772,-174.808,105.514,8.26191,159.243,71.0104,-5.47652,148.192,89.8968,-4.90372,130.806,80.7515,8.56819,-179.669,
-6.11689,24.2391,-20.8918,8.53703,99.3969,6.9457,-175.163,105.514,8.26191,159.243,75.1578,-5.26821,145.36,84.6219,-8.58684,131.274,83.6948,7.78958,179.32,
-6.11689,24.2391,-20.8918,8.53703,99.3969,6.9457,-175.163,105.514,8.26191,159.243,75.1578,-5.26821,145.36,84.6219,-8.58684,131.274,83.6948,7.78958,179.32,
-7.11646,26.1024,-32.4412,13.0124,99.6552,6.97189,-175.316,106.772,8.23088,159.571,73.5528,-6.20622,144.931,74.3305,-14.1514,136.064,86.5652,7.47318,178.881,
-7.11646,26.1024,-32.4412,13.0124,99.6552,6.97189,-175.316,106.772,8.23088,159.571,73.5528,-6.20622,144.931,74.3305,-14.1514,136.064,86.5652,7.47318,178.881,
-7.02006,28.6491,-37.9313,17.1332,99.7262,6.95521,-175.348,106.746,8.63244,159.672,71.0771,-7.90324,144.973,68.8149,-17.4675,135.413,88.2103,7.25339,178.825,
-7.02006,28.6491,-37.9313,17.1332,99.7262,6.95521,-175.348,106.746,8.63244,159.672,71.0771,-7.90324,144.973,68.8149,-17.4675,135.413,88.2103,7.25339,178.825,
-7.86477,28.626,-36.0418,19.0846,99.7031,6.33141,-175.218,107.568,8.5402,160.896,71.0771,-7.90324,144.973,71.526,-18.3476,131.64,90.1617,6.89883,178.808,
-7.86477,28.626,-36.0418,19.0846,99.7031,6.33141,-175.218,107.568,8.5402,160.896,71.0771,-7.90324,144.973,71.526,-18.3476,131.64,90.1617,6.89883,178.808,
-7.54545,22.3335,-36.0418,19.2057,100.022,6.47901,-174.667,107.568,8.5402,160.896,77.689,-11.502,139.288,71.526,-18.3476,131.64,96.8946,5.56023,179.25,
-7.54545,22.3335,-36.0418,19.2057,100.022,6.47901,-174.667,107.568,8.5402,160.896,77.689,-11.502,139.288,71.526,-18.3476,131.64,96.8946,5.56023,179.25,
0.601417,18.6094,-24.709,20.4462,100.33,6.80707,-175.191,99.7286,6.70709,158.371,81.7206,-10.9745,138.64,75.0196,-20.2026,127.286,102.167,4.39355,-179.925,
0.601417,18.6094,-24.709,20.4462,100.33,6.80707,-175.191,99.7286,6.70709,158.371,81.7206,-10.9745,138.64,75.0196,-20.2026,127.286,102.167,4.39355,-179.925,
2.19975,16.8097,-17.7578,22.4863,99.1284,7.53426,-177.414,96.9287,5.79998,156.074,82.3188,-10.1955,142.729,79.1709,-16.1851,129.78,104.805,3.53225,-179.158,
2.19975,16.8097,-17.7578,22.4863,99.1284,7.53426,-177.414,96.9287,5.79998,156.074,82.3188,-10.1955,142.729,79.1709,-16.1851,129.78,104.805,3.53225,-179.158,
4.21406,17.9907,-13.4385,24.0105,98.7852,7.93371,-178.753,94.5711,4.35813,156.088,80.7945,-8.1557,147.199,81.1326,-15.525,130.168,104.805,3.53225,-179.158,
4.21406,17.9907,-13.4385,24.0105,98.7852,7.93371,-178.753,94.5711,4.35813,156.088,80.7945,-8.1557,147.199,81.1326,-15.525,130.168,104.805,3.53225,-179.158,
4.21406,17.9907,-13.4385,29.1734,98.7852,7.93371,-178.753,94.5711,4.35813,156.088,80.7945,-8.1557,147.199,81.1326,-15.525,130.168,109.968,0.147287,-173.415,
4.21406,17.9907,-13.4385,29.1734,98.7852,7.93371,-178.753,94.5711,4.35813,156.088,80.7945,-8.1557,147.199,81.1326,-15.525,130.168,109.968,0.147287,-173.415,
10.1629,8.58281,-4.26505,29.3916,99.5109,8.36432,-179.028,89.3481,2.21369,172.567,90.9281,-7.36466,143.533,85.083,-15.3101,132.527,120.32,-6.7245,-166.813,
10.1629,8.58281,-4.26505,29.3916,99.5109,8.36432,-179.028,89.3481,2.21369,172.567,90.9281,-7.36466,143.533,85.083,-15.3101,132.527,120.32,-6.7245,-166.813,
12.4748,6.52433,-1.89296,26.4066,100.919,9.33866,179.421,88.4441,3.57265,172.791,94.3946,-7.61599,143.722,86.5512,-13.8497,134.337,120.801,-6.22692,-168.454,
12.4748,6.52433,-1.89296,26.4066,100.919,9.33866,179.421,88.4441,3.57265,172.791,94.3946,-7.61599,143.722,86.5512,-13.8497,134.337,120.801,-6.22692,-168.454,
15.1354,6.55489,2.07612,27.1805,100.728,9.5564,-179.522,85.5929,4.09985,170.85,94.1733,-8.09429,146.818,87.669,-13.4885,133.91,121.354,-5.62663,-171.203,
15.1354,6.55489,2.07612,27.1805,100.728,9.5564,-179.522,85.5929,4.09985,170.85,94.1733,-8.09429,146.818,87.669,-13.4885,133.91,121.354,-5.62663,-171.203,
21.2146,2.31503,8.99019,20.5222,99.8934,9.01467,-176.384,78.6788,3.89494,166.233,97.5784,-6.99184,144.533,87.669,-13.4885,133.91,118.101,-5.63258,-173.68,
21.2146,2.31503,8.99019,20.5222,99.8934,9.01467,-176.384,78.6788,3.89494,166.233,97.5784,-6.99184,144.533,87.669,-13.4885,133.91,118.101,-5.63258,-173.68,
27.1882,2.40542,16.1998,17.2224,100.678,9.05292,-176.007,73.4894,2.85193,162.05,98.2722,-7.04238,144.053,89.6892,-13.0153,133.476,115.495,-5.67403,-173.999,
27.1882,2.40542,16.1998,17.2224,100.678,9.05292,-176.007,73.4894,2.85193,162.05,98.2722,-7.04238,144.053,89.6892,-13.0153,133.476,115.495,-5.67403,-173.999,
29.5501,2.45254,21.5022,13.9724,100.725,8.94337,-176.622,71.1747,2.09342,159.971,98.2722,-7.04238,144.053,92.6769,-11.6204,133.093,112.245,-5.68838,-173.834,
29.5501,2.45254,21.5022,13.9724,100.725,8.94337,-176.622,71.1747,2.09342,159.971,98.2722,-7.04238,144.053,92.6769,-11.6204,133.093,112.245,-5.68838,-173.834,
30.8429,-0.0536565,24.6729,8.33176,99.9059,8.50457,-176.814,69.063,1.19181,157.858,99.9596,-7.29056,142.242,93.7359,-11.0101,133.083,108.291,-5.41663,-173.762,
30.8429,-0.0536565,24.6729,8.33176,99.9059,8.50457,-176.814,69.063,1.19181,157.858,99.9596,-7.29056,142.242,93.7359,-11.0101,133.083,108.291,-5.41663,-173.762,
33.0535,-2.09825,27.2556,-2.56749,99.5338,7.04618,-178.418,66.4803,-0.908157,154.377,101.632,-6.89982,140.572,93.7359,-11.0101,133.083,99.0645,-4.50091,-174.08,
33.0535,-2.09825,27.2556,-2.56749,99.5338,7.04618,-178.418,66.4803,-0.908157,154.377,101.632,-6.89982,140.572,93.7359,-11.0101,133.083,99.0645,-4.50091,-174.08,
34.1268,-2.2167,31.294,-14.1403,101.157,6.33765,179.736,67.0306,-3.06794,152.091,103.374,-6.21146,139.063,98.3246,-8.84929,134.719,89.2338,-2.5789,-172.688,
34.1268,-2.2167,31.294,-14.1403,101.157,6.33765,179.736,67.0306,-3.06794,152.091,103.374,-6.21146,139.063,98.3246,-8.84929,134.719,89.2338,-2.5789,-172.688,
30.8144,-2.42073,29.3904,-19.4887,100.953,6.12281,179.629,70.139,-3.53299,152.166,103.374,-6.21146,139.063,99.5294,-8.22939,135.302,83.8855,-1.11326,-172.726,
30.8144,-2.42073,29.3904,-19.4887,100.953,6.12281,179.629,70.139,-3.53299,152.166,103.374,-6.21146,139.063,99.5294,-8.22939,135.302,83.8855,-1.11326,-172.726,
29.9394,-5.55331,30.5179,-27.4796,100.078,5.95484,-179.425,70.139,-3.53299,152.166,105.632,-5.49297,138.17,100.657,-7.73491,135.582,78.1521,0.331634,-173.656,
29.9394,-5.55331,30.5179,-27.4796,100.078,5.95484,-179.425,70.139,-3.53299,152.166,105.632,-5.49297,138.17,100.657,-7.73491,135.582,78.1521,0.331634,-173.656,
26.7912,-7.03764,25.8876,-48.546,101.56,6.6062,-177.43,74.7693,-2.79683,154.314,108.598,-4.38437,137.341,100.657,-7.73491,135.582,60.0521,3.91034,-178.01,
26.7912,-7.03764,25.8876,-48.546,101.56,6.6062,-177.43,74.7693,-2.79683,154.314,108.598,-4.38437,137.341,100.657,-7.73491,135.582,60.0521,3.91034,-178.01,
23.9048,-6.87449,24.7795,-48.546,101.724,6.71536,-178.268,77.8188,-1.90723,155.405,108.598,-4.38437,137.341,102.598,-7.01181,135.768,60.0521,3.91034,-178.01,
23.9048,-6.87449,24.7795,-48.546,101.724,6.71536,-178.268,77.8188,-1.90723,155.405,108.598,-4.38437,137.341,102.598,-7.01181,135.768,60.0521,3.91034,-178.01,
27.6734,-6.91191,31.6158,-58.7448,101.964,6.21749,-178.579,74.2902,-2.99432,150.684,108.875,-4.40274,137.349,105.906,-6.08006,135.411,50.1307,4.36597,178.493,
27.6734,-6.91191,31.6158,-58.7448,101.964,6.21749,-178.579,74.2902,-2.99432,150.684,108.875,-4.40274,137.349,105.906,-6.08006,135.411,50.1307,4.36597,178.493,
27.8834,-7.41113,33.1486,-63.3439,102.174,6.29811,-179.066,74.2902,-2.99432,150.684,109.585,-4.7523,135.801,107.439,-5.50991,135.538,46.2408,3.55601,176.788,
27.8834,-7.41113,33.1486,-63.3439,102.174,6.29811,-179.066,74.2902,-2.99432,150.684,109.585,-4.7523,135.801,107.439,-5.50991,135.538,46.2408,3.55601,176.788,
26.068,-8.80594,31.6206,-63.2271,101.886,6.96358,-179.727,75.8182,-3.48647,153.441,110.692,-4.55125,133.919,107.439,-5.50991,135.538,47.465,8.05023,-178.745,
26.068,-8.80594,31.6206,-63.2271,101.886,6.96358,-179.727,75.8182,-3.48647,153.441,110.692,-4.55125,133.919,107.439,-5.50991,135.538,47.465,8.05023,-178.745,
16.9497,-7.76789,31.8966,-58.428,102.023,7.5895,178.233,85.0732,-2.3777,153.754,109.791,-4.39347,133.229,116.97,-0.216748,135.262,51.3628,8.87918,-176.875,
16.9497,-7.76789,31.8966,-58.428,102.023,7.5895,178.233,85.0732,-2.3777,153.754,109.791,-4.39347,133.229,116.97,-0.216748,135.262,51.3628,8.87918,-176.875,
18.0446,-7.44035,35.0591,-58.428,102.35,7.14241,179.763,84.3058,-2.13844,151.298,109.791,-4.39347,133.229,119.365,1.32692,134.878,51.3628,8.87918,-176.875,
18.0446,-7.44035,35.0591,-58.428,102.35,7.14241,179.763,84.3058,-2.13844,151.298,109.791,-4.39347,133.229,119.365,1.32692,134.878,51.3628,8.87918,-176.875,
16.9083,-3.99328,35.0591,-53.8446,101.214,6.00625,-177.002,84.3058,-2.13844,151.298,105.207,-4.64968,132.882,119.365,1.32692,134.878,51.3628,8.87918,-176.875,
16.9083,-3.99328,35.0591,-53.8446,101.214,6.00625,-177.002,84.3058,-2.13844,151.298,105.207,-4.64968,132.882,119.365,1.32692,134.878,51.3628,8.87918,-176.875,
14.5975,5.73604,38.3243,-35.1527,100.418,5.78814,-175.508,85.8205,-1.04441,152.648,94.6819,-3.9586,133.449,124.145,4.69194,133.898,59.5293,7.16456,175.706,
14.5975,5.73604,38.3243,-35.1527,100.418,5.78814,-175.508,85.8205,-1.04441,152.648,94.6819,-3.9586,133.449,124.145,4.69194,133.898,59.5293,7.16456,175.706,
11.1948,10.918,36.1237,-30.1877,103.139,6.39828,-178.14,91.9438,0.533112,154.369,92.2206,-3.53757,133.111,128.068,10.0698,129.612,62.0329,8.79664,177.135,
11.1948,10.918,36.1237,-30.1877,103.139,6.39828,-178.14,91.9438,0.533112,154.369,92.2206,-3.53757,133.111,128.068,10.0698,129.612,62.0329,8.79664,177.135,
8.0648,14.643,36.9137,-26.3746,103.05,5.71243,-179.253,94.9857,1.14455,155.437,88.4075,-3.94354,129.487,131.899,15.641,126.481,62.0329,8.79664,177.135,
8.0648,14.643,36.9137,-26.3746,103.05,5.71243,-179.253,94.9857,1.14455,155.437,88.4075,-3.94354,129.487,131.899,15.641,126.481,62.0329,8.79664,177.135,
7.50994,15.5648,36.9137,-22.7967,102.496,5.41458,-179.129,94.9857,1.14455,155.437,86.9308,-6.24497,127.7,131.899,15.641,126.481,64.1341,9.54294,-179.681,
7.50994,15.5648,36.9137,-22.7967,102.496,5.41458,-179.129,94.9857,1.14455,155.437,86.9308,-6.24497,127.7,131.899,15.641,126.481,64.1341,9.54294,-179.681,
7.08904,19.7086,36.1304,-19.205,104.467,6.42232,179.886,97.3779,3.36132,155.808,84.7583,-7.26512,128.444,133.508,18.1364,125.781,65.5533,9.9258,-179.445,
7.08904,19.7086,36.1304,-19.205,104.467,6.42232,179.886,97.3779,3.36132,155.808,84.7583,-7.26512,128.444,133.508,18.1364,125.781,65.5533,9.9258,-179.445,
5.4469,22.17,34.4747,-15.1441,103.734,6.57594,-179.749,98.2871,3.43102,155.632,81.564,-7.91925,130.092,132.762,17.5972,125.738,66.42,9.66616,-179.621,
5.4469,22.17,34.4747,-15.1441,103.734,6.57594,-179.749,98.2871,3.43102,155.632,81.564,-7.91925,130.092,132.762,17.5972,125.738,66.42,9.66616,-179.621,
4.47419,27.0243,32.9745,-9.31704,102.761,6.59054,-179.425,98.2871,3.43102,155.632,75.737,-8.85923,133.158,131.262,16.5082,125.714,66.42,9.66616,-179.621,
4.47419,27.0243,32.9745,-9.31704,102.761,6.59054,-179.425,98.2871,3.43102,155.632,75.737,-8.85923,133.158,131.262,16.5082,125.714,66.42,9.66616,-179.621,
2.74533,30.4707,32.3729,-2.71815,101.634,6.89855,178.521,98.8887,3.5544,155.587,71.1633,-9.38295,136.596,131.262,16.5082,125.714,68.4451,9.12017,-177.736,
2.74533,30.4707,32.3729,-2.71815,101.634,6.89855,178.521,98.8887,3.5544,155.587,71.1633,-9.38295,136.596,131.262,16.5082,125.714,68.4451,9.12017,-177.736,
-0.787973,32.4954,21.3517,3.58959,101.118,7.44293,178.96,101.906,4.34534,157.825,68.623,-8.69197,140.04,123.258,10.2054,126.939,72.2126,7.86004,-179.116,
-0.787973,32.4954,21.3517,3.58959,101.118,7.44293,178.96,101.906,4.34534,157.825,68.623,-8.69197,140.04,123.258,10.2054,126.939,72.2126,7.86004,-179.116,
-1.80449,32.2145,12.3115,5.13665,100.838,7.14869,-177.868,102.642,4.64014,158.356,68.623,-8.69197,140.04,114.954,4.49482,129.242,73.7597,7.39263,-179.513,
-1.80449,32.2145,12.3115,5.13665,100.838,7.14869,-177.868,102.642,4.64014,158.356,68.623,-8.69197,140.04,114.954,4.49482,129.242,73.7597,7.39263,-179.513,
-1.9677,33.452,6.64571,5.73491,101.477,8.0457,-177.599,103.444,4.8181,158.916,68.0248,-7.52408,142.651,110.09,2.15295,129.72,73.7597,7.39263,-179.513,
-1.9677,33.452,6.64571,5.73491,101.477,8.0457,-177.599,103.444,4.8181,158.916,68.0248,-7.52408,142.651,110.09,2.15295,129.72,73.7597,7.39263,-179.513,
-4.69671,29.6078,4.66831,8.76088,100.725,8.27929,-178.041,105.422,5.02405,159.881,71.1173,-6.27889,142.713,110.09,2.15295,129.72,79.8782,5.74847,179.493,
-4.69671,29.6078,4.66831,8.76088,100.725,8.27929,-178.041,105.422,5.02405,159.881,71.1173,-6.27889,142.713,110.09,2.15295,129.72,79.8782,5.74847,179.493,
-4.89086,29.4137,-6.0054,8.76088,100.531,8.2781,-178.036,105.422,5.02405,159.881,71.1173,-6.27889,142.713,99.4165,-2.37827,128.703,79.8782,5.74847,179.493,
-4.89086,29.4137,-6.0054,8.76088,100.531,8.2781,-178.036,105.422,5.02405,159.881,71.1173,-6.27889,142.713,99.4165,-2.37827,128.703,79.8782,5.74847,179.493,
-7.5666,27.2966,-24.511,9.51884,100.315,8.29854,-177.766,107.882,4.99763,160.597,73.0189,-6.16527,141.666,83.3711,-11.5426,126.943,82.5377,5.29649,179.454,
-7.5666,27.2966,-24.511,9.51884,100.315,8.29854,-177.766,107.882,4.99763,160.597,73.0189,-6.16527,141.666,83.3711,-11.5426,126.943,82.5377,5.29649,179.454,
-8.05914,24.787,-30.4463,6.94599,100.379,8.34458,-177.055,108.438,5.02168,160.694,75.5917,-6.04844,140.432,77.9915,-14.2217,129.766,82.5377,5.29649,179.454,
-8.05914,24.787,-30.4463,6.94599,100.379,8.34458,-177.055,108.438,5.02168,160.694,75.5917,-6.04844,140.432,77.9915,-14.2217,129.766,82.5377,5.29649,179.454,
-8.63862,28.2025,-31.0392,12.9174,100.392,8.25219,-176.817,109.031,5.34632,161.103,72.1896,-8.30472,144.663,77.9915,-14.2217,129.766,85.1069,5.00057,-179.476,
-8.63862,28.2025,-31.0392,12.9174,100.392,8.25219,-176.817,109.031,5.34632,161.103,72.1896,-8.30472,144.663,77.9915,-14.2217,129.766,85.1069,5.00057,-179.476,
-10.4813,28.6534,-38.3977,20.052,99.87,7.96512,-175.295,110.351,6.08032,161.537,71.2166,-7.77879,148.465,71.9535,-15.336,134.662,91.2686,3.58454,-179.743,
-10.4813,28.6534,-38.3977,20.052,99.87,7.96512,-175.295,110.351,6.08032,161.537,71.2166,-7.77879,148.465,71.9535,-15.336,134.662,91.2686,3.58454,-179.743,
-10.3684,28.5542,-37.622,20.052,99.7707,7.9175,-174.891,110.139,6.02442,161.367,71.2166,-7.77879,148.465,72.5171,-15.6242,133.186,91.2686,3.58454,-179.743,
-10.3684,28.5542,-37.622,20.052,99.7707,7.9175,-174.891,110.139,6.02442,161.367,71.2166,-7.77879,148.465,72.5171,-15.6242,133.186,91.2686,3.58454,-179.743,
-9.66765,22.9569,-36.1592,13.754,100.472,8.1626,-174.541,110.139,6.02442,161.367,77.5146,-6.8543,144.083,73.9799,-16.7476,130.694,91.2686,3.58454,-179.743,
-9.66765,22.9569,-36.1592,13.754,100.472,8.1626,-174.541,110.139,6.02442,161.367,77.5146,-6.8543,144.083,73.9799,-16.7476,130.694,91.2686,3.58454,-179.743,
-8.2568,15.8214,-31.8547,10.6336,100.587,8.40248,-174.893,108.844,5.62154,161.294,84.7654,-6.38087,143.513,76.9888,-15.7717,128.859,95.399,2.42935,-179.299,
-8.2568,15.8214,-31.8547,10.6336,100.587,8.40248,-174.893,108.844,5.62154,161.294,84.7654,-6.38087,143.513,76.9888,-15.7717,128.859,95.399,2.42935,-179.299,
-0.313343,15.721,-17.8623,19.7301,98.7307,9.39861,-177.999,99.0441,2.78373,157.664,83.0098,-6.13901,144.878,81.1818,-15.1725,128.04,102.74,0.0472932,-177.714,
-0.313343,15.721,-17.8623,19.7301,98.7307,9.39861,-177.999,99.0441,2.78373,157.664,83.0098,-6.13901,144.878,81.1818,-15.1725,128.04,102.74,0.0472932,-177.714,
4.14569,14.9795,-9.82223,22.0218,97.9893,9.79608,-179.312,93.8436,-0.455589,159.115,83.0098,-6.13901,144.878,84.0213,-13.8945,130.816,105.032,-1.06838,-176.519,
4.14569,14.9795,-9.82223,22.0218,97.9893,9.79608,-179.312,93.8436,-0.455589,159.115,83.0098,-6.13901,144.878,84.0213,-13.8945,130.816,105.032,-1.06838,-176.519,
3.87027,4.53437,-9.82223,17.4514,97.7138,9.99922,-178.403,93.8436,-0.455589,159.115,93.1795,-6.45218,142.229,84.0213,-13.8945,130.816,110.631,-5.11542,-170.126,
3.87027,4.53437,-9.82223,17.4514,97.7138,9.99922,-178.403,93.8436,-0.455589,159.115,93.1795,-6.45218,142.229,84.0213,-13.8945,130.816,110.631,-5.11542,-170.126,
9.25097,2.39746,-2.25568,21.7969,98.0372,10.5601,-178.388,88.7862,-1.62835,169.761,95.6397,-6.4437,141.186,86.5305,-13.4649,131.56,117.437,-9.65794,-165.75,
9.25097,2.39746,-2.25568,21.7969,98.0372,10.5601,-178.388,88.7862,-1.62835,169.761,95.6397,-6.4437,141.186,86.5305,-13.4649,131.56,117.437,-9.65794,-165.75,
12.1567,1.78433,2.77803,23.813,98.2514,10.9804,-179.463,86.0947,0.339619,170.787,96.4671,-6.83535,141.856,88.8727,-13.4228,131.228,120.28,-10.0988,-167.736,
12.1567,1.78433,2.77803,23.813,98.2514,10.9804,-179.463,86.0947,0.339619,170.787,96.4671,-6.83535,141.856,88.8727,-13.4228,131.228,120.28,-10.0988,-167.736,
12.343,1.97061,3.69482,23.813,98.4377,11.095,-179.5,86.0947,0.339619,170.787,96.4671,-6.83535,141.856,89.7895,-13.2053,131.193,120.28,-10.0988,-167.736,
12.343,1.97061,3.69482,23.813,98.4377,11.095,-179.5,86.0947,0.339619,170.787,96.4671,-6.83535,141.856,89.7895,-13.2053,131.193,120.28,-10.0988,-167.736,
15.0482,-0.0714666,7.43661,21.7999,98.3093,11.4234,-177.78,83.2611,0.589005,169.415,98.3808,-6.67012,141.302,90.6977,-12.9754,130.876,120.181,-9.68347,-169.474,
15.0482,-0.0714666,7.43661,21.7999,98.3093,11.4234,-177.78,83.2611,0.589005,169.415,98.3808,-6.67012,141.302,90.6977,-12.9754,130.876,120.181,-9.68347,-169.474,
21.3214,-2.20761,17.5741,16.392,97.1439,11.5652,-175.38,75.8225,0.460733,164.344,99.3515,-6.79943,139.754,93.3967,-12.1367,128.851,115.744,-8.74775,-169.913,
21.3214,-2.20761,17.5741,16.392,97.1439,11.5652,-175.38,75.8225,0.460733,164.344,99.3515,-6.79943,139.754,93.3967,-12.1367,128.851,115.744,-8.74775,-169.913,
24.2124,-2.89525,22.5543,8.94039,97.0323,11.318,-175.95,72.82,-0.241705,161.049,99.9276,-6.83809,138.502,95.3743,-11.315,128.962,108.868,-6.9246,-171.029,
24.2124,-2.89525,22.5543,8.94039,97.0323,11.318,-175.95,72.82,-0.241705,161.049,99.9276,-6.83809,138.502,95.3743,-11.315,128.962,108.868,-6.9246,-171.029,
24.5044,-5.31518,25.1466,7.72857,95.8242,10.7399,-176.817,71.3198,-0.849352,159.095,101.139,-6.97674,136.083,96.4664,-10.826,129.568,108.868,-6.9246,-171.029,
24.5044,-5.31518,25.1466,7.72857,95.8242,10.7399,-176.817,71.3198,-0.849352,159.095,101.139,-6.97674,136.083,96.4664,-10.826,129.568,108.868,-6.9246,-171.029,
25.3311,-7.1587,26.2738,-3.16947,95.5237,10.518,-177.176,70.1926,-1.63294,156.921,102.682,-6.97126,134.028,96.4664,-10.826,129.568,99.5129,-4.6191,-173.007,
25.3311,-7.1587,26.2738,-3.16947,95.5237,10.518,-177.176,70.1926,-1.63294,156.921,102.682,-6.97126,134.028,96.4664,-10.826,129.568,99.5129,-4.6191,-173.007,
25.8121,-7.4869,26.3062,-14.9253,95.9723,10.2666,-177.24,70.1602,-3.61024,152.953,103.459,-6.83834,133.167,96.4664,-10.826,129.568,88.5338,-2.48359,-172.453,
25.8121,-7.4869,26.3062,-14.9253,95.9723,10.2666,-177.24,70.1602,-3.61024,152.953,103.459,-6.83834,133.167,96.4664,-10.826,129.568,88.5338,-2.48359,-172.453,
25.3026,-7.66515,30.7173,-27.0214,96.3938,9.84569,-177.526,71.0911,-4.55611,151.55,104.059,-6.74547,132.764,101.808,-8.72182,131.513,77.0375,0.786379,-170.473,
25.3026,-7.66515,30.7173,-27.0214,96.3938,9.84569,-177.526,71.0911,-4.55611,151.55,104.059,-6.74547,132.764,101.808,-8.72182,131.513,77.0375,0.786379,-170.473,
23.267,-9.32524,30.9425,-28.8789,96.5912,9.63134,-177.787,73.3241,-4.98358,151.706,105.916,-6.16031,132.316,104.267,-7.83924,132.041,77.0375,0.786379,-170.473,
23.267,-9.32524,30.9425,-28.8789,96.5912,9.63134,-177.787,73.3241,-4.98358,151.706,105.916,-6.16031,132.316,104.267,-7.83924,132.041,77.0375,0.786379,-170.473,
21.6606,-9.755,29.1568,-46.7734,96.7705,9.57207,-177.971,75.1099,-3.67582,154.843,106.526,-5.8632,132.154,104.267,-7.83924,132.041,59.7521,6.48195,-172.612,
21.6606,-9.755,29.1568,-46.7734,96.7705,9.57207,-177.971,75.1099,-3.67582,154.843,106.526,-5.8632,132.154,104.267,-7.83924,132.041,59.7521,6.48195,-172.612,
24.0381,-10.549,35.8738,-58.7178,96.9249,9.48233,-178.129,72.8868,-2.00115,157.772,107.474,-5.32467,131.681,108.761,-6.09326,132.112,48.7561,9.25045,-175.52,
24.0381,-10.549,35.8738,-58.7178,96.9249,9.48233,-178.129,72.8868,-2.00115,157.772,107.474,-5.32467,131.681,108.761,-6.09326,132.112,48.7561,9.25045,-175.52,
26.9373,-10.4015,39.8195,-63.0871,97.0724,9.43598,-178.125,70.1351,-0.891853,158.032,107.474,-5.32467,131.681,109.955,-5.63303,132.005,44.3868,9.75546,-176.829,
26.9373,-10.4015,39.8195,-63.0871,97.0724,9.43598,-178.125,70.1351,-0.891853,158.032,107.474,-5.32467,131.681,109.955,-5.63303,132.005,44.3868,9.75546,-176.829,
29.393,-11.6798,43.1964,-64.6571,97.3641,9.69235,-178.021,67.9711,-1.05014,155.536,109.044,-4.99128,130.452,111.167,-5.15759,131.937,44.3868,9.75546,-176.829,
29.393,-11.6798,43.1964,-64.6571,97.3641,9.69235,-178.021,67.9711,-1.05014,155.536,109.044,-4.99128,130.452,111.167,-5.15759,131.937,44.3868,9.75546,-176.829,
31.6291,-12.6251,45.2354,-65.7994,97.5611,9.90268,-178.135,65.9321,-2.00506,152.677,110.186,-4.88768,130.075,111.167,-5.15759,131.937,44.3868,9.75546,-176.829,
31.6291,-12.6251,45.2354,-65.7994,97.5611,9.90268,-178.135,65.9321,-2.00506,152.677,110.186,-4.88768,130.075,111.167,-5.15759,131.937,44.3868,9.75546,-176.829,
26.2028,-12.0091,44.8523,-60.533,97.743,10.2406,-178.984,71.5402,-1.63051,154.892,109.752,-4.74972,130.085,116.393,-3.15237,132.419,49.2191,9.97162,176.362,
26.2028,-12.0091,44.8523,-60.533,97.743,10.2406,-178.984,71.5402,-1.63051,154.892,109.752,-4.74972,130.085,116.393,-3.15237,132.419,49.2191,9.97162,176.362,
20.6309,-10.2882,42.3498,-58.2208,98.1111,10.5119,179.879,77.4801,-2.19204,152.078,108.399,-4.58914,129.933,119.83,-1.0655,131.584,50.1785,10.3767,176.738,
20.6309,-10.2882,42.3498,-58.2208,98.1111,10.5119,179.879,77.4801,-2.19204,152.078,108.399,-4.58914,129.933,119.83,-1.0655,131.584,50.1785,10.3767,176.738,
22.1004,-3.60011,42.3498,-53.0022,99.5806,10.4632,-179.737,77.4801,-2.19204,152.078,103.181,-4.83319,130.558,119.83,-1.0655,131.584,50.1785,10.3767,176.738,
22.1004,-3.60011,42.3498,-53.0022,99.5806,10.4632,-179.737,77.4801,-2.19204,152.078,103.181,-4.83319,130.558,119.83,-1.0655,131.584,50.1785,10.3767,176.738,
22.3947,2.21689,43.2992,-41.3291,98.9254,10.1798,-176.776,76.5307,-2.94198,151.599,96.7085,-3.62527,128.482,119.83,-1.0655,131.584,55.3794,7.85059,175.395,
22.3947,2.21689,43.2992,-41.3291,98.9254,10.1798,-176.776,76.5307,-2.94198,151.599,96.7085,-3.62527,128.482,119.83,-1.0655,131.584,55.3794,7.85059,175.395,
21.8077,3.5599,51.916,-37.6025,97.8645,9.99847,-176.528,76.0568,-5.28311,146.261,94.3046,-3.36679,127.683,127.973,5.39951,128,56.7021,7.50226,175.034,
21.8077,3.5599,51.916,-37.6025,97.8645,9.99847,-176.528,76.0568,-5.28311,146.261,94.3046,-3.36679,127.683,127.973,5.39951,128,56.7021,7.50226,175.034,
21.9172,3.66938,53.5718,-36.1247,97.974,10.2576,-178.865,76.0568,-5.28311,146.261,94.3046,-3.36679,127.683,129.629,8.01269,125.892,58.1799,8.0754,174.797,
21.9172,3.66938,53.5718,-36.1247,97.974,10.2576,-178.865,76.0568,-5.28311,146.261,94.3046,-3.36679,127.683,129.629,8.01269,125.892,58.1799,8.0754,174.797,
19.0456,6.60503,52.2127,-31.3209,98.1018,10.4768,178.57,79.0562,-2.9512,147.565,91.4968,-3.62655,122.424,131.269,10.684,124.061,60.1759,8.68904,173.885,
19.0456,6.60503,52.2127,-31.3209,98.1018,10.4768,178.57,79.0562,-2.9512,147.565,91.4968,-3.62655,122.424,131.269,10.684,124.061,60.1759,8.68904,173.885,
10.6823,7.12977,46.9926,-29.0494,98.1228,9.58459,177.083,87.4405,0.772413,149.752,90.993,-4.53263,123.431,134.433,14.8832,121.837,61.9436,8.05804,173.451,
10.6823,7.12977,46.9926,-29.0494,98.1228,9.58459,177.083,87.4405,0.772413,149.752,90.993,-4.53263,123.431,134.433,14.8832,121.837,61.9436,8.05804,173.451,
12.4227,10.8952,49.2614,-26.202,100.083,9.00289,178.122,87.6601,1.57222,151.21,89.1876,-4.85685,125.804,136.921,15.9402,122.888,62.9856,8.15223,173.915,
12.4227,10.8952,49.2614,-26.202,100.083,9.00289,178.122,87.6601,1.57222,151.21,89.1876,-4.85685,125.804,136.921,15.9402,122.888,62.9856,8.15223,173.915,
13.0111,11.8613,49.0443,-25.174,101.049,8.95644,178.298,88.0377,2.66076,153.214,89.1876,-4.85685,125.804,137.082,15.8274,123.988,64.0135,8.28957,174.253,
13.0111,11.8613,49.0443,-25.174,101.049,8.95644,178.298,88.0377,2.66076,153.214,89.1876,-4.85685,125.804,137.082,15.8274,123.988,64.0135,8.28957,174.253,
10.7367,11.842,49.0443,-22.9189,98.7744,9.63026,178.482,88.0377,2.66076,153.214,86.9324,-4.80939,130.412,137.082,15.8274,123.988,64.0135,8.28957,174.253,
10.7367,11.842,49.0443,-22.9189,98.7744,9.63026,178.482,88.0377,2.66076,153.214,86.9324,-4.80939,130.412,137.082,15.8274,123.988,64.0135,8.28957,174.253,
8.56335,11.4496,43.9306,-19.5736,98.4469,9.80128,177.222,89.8835,3.01134,153.331,86.9972,-4.99183,131.047,133.814,15.6267,123.428,67.4237,7.52056,174.209,
8.56335,11.4496,43.9306,-19.5736,98.4469,9.80128,177.222,89.8835,3.01134,153.331,86.9972,-4.99183,131.047,133.814,15.6267,123.428,67.4237,7.52056,174.209,
7.76722,12.1935,37.8172,-18.7917,99.1662,9.88898,176.028,91.399,2.84476,154.306,86.9727,-4.98529,131.949,129.216,13.6017,123.711,68.1809,7.16375,173.862,
7.76722,12.1935,37.8172,-18.7917,99.1662,9.88898,176.028,91.399,2.84476,154.306,86.9727,-4.98529,131.949,129.216,13.6017,123.711,68.1809,7.16375,173.862,
6.13864,11.8322,30.4436,-17.9928,98.8049,9.93444,176.566,92.6663,3.09108,154.668,86.9727,-4.98529,131.949,123.11,10.6015,123.823,68.9799,6.88251,173.365,
6.13864,11.8322,30.4436,-17.9928,98.8049,9.93444,176.566,92.6663,3.09108,154.668,86.9727,-4.98529,131.949,123.11,10.6015,123.823,68.9799,6.88251,173.365,
5.50965,10.5866,29.5545,-17.8803,99.065,10.6239,179.524,93.5553,3.21698,154.591,88.4784,-3.61924,134.143,123.11,10.6015,123.823,70.5981,6.41309,172.527,
5.50965,10.5866,29.5545,-17.8803,99.065,10.6239,179.524,93.5553,3.21698,154.591,88.4784,-3.61924,134.143,123.11,10.6015,123.823,70.5981,6.41309,172.527,
4.14928,9.96265,17.2619,-16.9622,99.311,11.1388,178.797,95.1617,3.30369,154.923,89.3483,-3.3507,133.866,112.424,6.99374,121.242,72.3861,5.98192,171.795,
4.14928,9.96265,17.2619,-16.9622,99.311,11.1388,178.797,95.1617,3.30369,154.923,89.3483,-3.3507,133.866,112.424,6.99374,121.242,72.3861,5.98192,171.795,
3.11783,9.38338,8.80575,-17.3237,99.5113,11.2967,177.608,96.3935,3.45659,155.189,90.128,-3.34392,133.247,105.199,3.2039,120.55,72.8043,5.90674,171.757,
3.11783,9.38338,8.80575,-17.3237,99.5113,11.2967,177.608,96.3935,3.45659,155.189,90.128,-3.34392,133.247,105.199,3.2039,120.55,72.8043,5.90674,171.757,
2.11264,9.08323,4.75033,-17.1554,99.043,11.2421,177.715,96.9303,3.48311,155.178,89.9597,-3.12471,132.758,101.681,0.904539,121.904,72.8043,5.90674,171.757,
2.11264,9.08323,4.75033,-17.1554,99.043,11.2421,177.715,96.9303,3.48311,155.178,89.9597,-3.12471,132.758,101.681,0.904539,121.904,72.8043,5.90674,171.757,
2.06292,10.2845,4.75033,-15.9045,98.9932,11.2682,177.863,96.9303,3.48311,155.178,88.7088,-2.59407,133.951,101.681,0.904539,121.904,72.8043,5.90674,171.757,
2.06292,10.2845,4.75033,-15.9045,98.9932,11.2682,177.863,96.9303,3.48311,155.178,88.7088,-2.59407,133.951,101.681,0.904539,121.904,72.8043,5.90674,171.757,
1.54296,16.8806,2.18605,-7.80815,99.4311,11.4528,177.535,97.8881,4.02572,154.695,82.5505,-2.21455,139.719,100.074,-1.65958,129.883,74.7423,5.29774,171.733,
1.54296,16.8806,2.18605,-7.80815,99.4311,11.4528,177.535,97.8881,4.02572,154.695,82.5505,-2.21455,139.719,100.074,-1.65958,129.883,74.7423,5.29774,171.733,
0.49084,12.7656,2.31308,-11.1029,99.0668,11.1831,177.297,98.5759,4.02247,154.46,86.3012,-1.77135,140.038,100.889,-2.45611,128.167,75.1983,5.07879,171.784,
0.49084,12.7656,2.31308,-11.1029,99.0668,11.1831,177.297,98.5759,4.02247,154.46,86.3012,-1.77135,140.038,100.889,-2.45611,128.167,75.1983,5.07879,171.784,
