1.93785,37.0938,-31.7682,26.4387,111.669,-8.96716,23.7991,109.731,7.44113,91.1072,74.5748,-16.1617,74.1723,77.9626,-16.2624,117.174,101.013,-2.89547,88.0873,
1.93785,37.0938,-31.7682,26.4387,111.669,-8.96716,23.7991,109.731,7.44113,91.1072,74.5748,-16.1617,74.1723,77.9626,-16.2624,117.174,101.013,-2.89547,88.0873,
2.60471,37.3446,-31.3521,27.3689,111.919,-8.05505,21.6584,109.315,7.53561,90.8985,74.5748,-16.1617,74.1723,77.9626,-16.2624,117.174,101.944,-3.19758,88.4763,
2.60471,37.3446,-31.3521,27.3689,111.919,-8.05505,21.6584,109.315,7.53561,90.8985,74.5748,-16.1617,74.1723,77.9626,-16.2624,117.174,101.944,-3.19758,88.4763,
2.66516,36.4243,-44.9917,26.3881,111.98,-7.5207,20.3525,109.315,7.53561,90.8985,75.5556,-17.6239,73.8106,64.323,-20.3932,122.453,101.944,-3.19758,88.4763,
2.66516,36.4243,-44.9917,26.3881,111.98,-7.5207,20.3525,109.315,7.53561,90.8985,75.5556,-17.6239,73.8106,64.323,-20.3932,122.453,101.944,-3.19758,88.4763,
3.9592,36.2663,-40.8092,32.9986,112.223,-7.34703,20.261,108.264,7.21622,93.371,75.9565,-17.5056,76.158,67.4544,-19.066,122.426,108.955,-5.32474,87.7752,
3.9592,36.2663,-40.8092,32.9986,112.223,-7.34703,20.261,108.264,7.21622,93.371,75.9565,-17.5056,76.158,67.4544,-19.066,122.426,108.955,-5.32474,87.7752,
5.25549,33.5146,-37.336,35.4042,111.927,-7.33927,20.2631,106.672,7.16813,93.5136,78.4124,-17.0631,76.7625,69.3355,-20.3544,119.116,113.817,-7.09286,87.7844,
5.25549,33.5146,-37.336,35.4042,111.927,-7.33927,20.2631,106.672,7.16813,93.5136,78.4124,-17.0631,76.7625,69.3355,-20.3544,119.116,113.817,-7.09286,87.7844,
8.61464,33.3041,-33.7664,35.4042,111.717,-7.42957,20.3302,103.102,6.82009,92.13,78.4124,-17.0631,76.7625,69.3355,-20.3544,119.116,113.817,-7.09286,87.7844,
8.61464,33.3041,-33.7664,35.4042,111.717,-7.42957,20.3302,103.102,6.82009,92.13,78.4124,-17.0631,76.7625,69.3355,-20.3544,119.116,113.817,-7.09286,87.7844,
14.3675,22.5079,-19.9618,25.3934,110.931,-7.6948,20.6436,96.5636,5.54671,87.279,88.4233,-15.5995,70.9429,76.6018,-21.9157,110.94,113.817,-7.09286,87.7844,
14.3675,22.5079,-19.9618,25.3934,110.931,-7.6948,20.6436,96.5636,5.54671,87.279,88.4233,-15.5995,70.9429,76.6018,-21.9157,110.94,113.817,-7.09286,87.7844,
18.0829,17.2039,-11.2238,32.9649,110.119,-7.96043,21.638,92.036,4.2761,93.7893,92.9149,-15.8166,70.4794,80.8122,-19.8667,110.449,125.88,-17.0226,93.4367,
18.0829,17.2039,-11.2238,32.9649,110.119,-7.96043,21.638,92.036,4.2761,93.7893,92.9149,-15.8166,70.4794,80.8122,-19.8667,110.449,125.88,-17.0226,93.4367,
20.0814,16.8749,-7.22907,37.1422,109.79,-7.64759,21.5413,89.7084,5.04521,97.3982,92.9149,-15.8166,70.4794,82.4793,-18.8753,110.656,130.057,-18.7556,93.2718,
20.0814,16.8749,-7.22907,37.1422,109.79,-7.64759,21.5413,89.7084,5.04521,97.3982,92.9149,-15.8166,70.4794,82.4793,-18.8753,110.656,130.057,-18.7556,93.2718,
23.282,10.7872,-2.25125,33.211,110.538,-6.6368,17.783,87.2561,6.37918,98.0993,99.7508,-15.8315,66.1489,85.0048,-17.5241,110.879,132.962,-19.5191,92.245,
23.282,10.7872,-2.25125,33.211,110.538,-6.6368,17.783,87.2561,6.37918,98.0993,99.7508,-15.8315,66.1489,85.0048,-17.5241,110.879,132.962,-19.5191,92.245,
24.281,10.0544,-0.0162837,31.4792,111.537,-6.43752,16.3624,87.2561,6.37918,98.0993,101.483,-16.0646,65.9586,87.2398,-16.6102,110.072,132.962,-19.5191,92.245,
24.281,10.0544,-0.0162837,31.4792,111.537,-6.43752,16.3624,87.2561,6.37918,98.0993,101.483,-16.0646,65.9586,87.2398,-16.6102,110.072,132.962,-19.5191,92.245,
36.2514,8.91607,13.4733,30.926,110.952,-6.37741,17.3415,74.7005,7.20004,87.1095,102.036,-15.6312,65.9509,88.1738,-16.0599,109.985,132.962,-19.5191,92.245,
36.2514,8.91607,13.4733,30.926,110.952,-6.37741,17.3415,74.7005,7.20004,87.1095,102.036,-15.6312,65.9509,88.1738,-16.0599,109.985,132.962,-19.5191,92.245,
38.6102,6.09289,18.8795,25.9774,108.817,-6.73663,19.2026,70.2068,6.97207,83.9825,102.724,-14.8005,65.5619,89.0863,-15.5397,110.206,128.701,-17.7646,89.8882,
38.6102,6.09289,18.8795,25.9774,108.817,-6.73663,19.2026,70.2068,6.97207,83.9825,102.724,-14.8005,65.5619,89.0863,-15.5397,110.206,128.701,-17.7646,89.8882,
38.048,4.37055,20.9067,17.7695,108.255,-7.18348,20.7727,70.2068,6.97207,83.9825,103.884,-13.657,64.8849,91.1135,-14.21,111.349,121.654,-14.9843,89.1081,
38.048,4.37055,20.9067,17.7695,108.255,-7.18348,20.7727,70.2068,6.97207,83.9825,103.884,-13.657,64.8849,91.1135,-14.21,111.349,121.654,-14.9843,89.1081,
39.546,0.964099,24.3911,4.84218,108.428,-7.33413,21.6581,68.8818,6.41872,80.5465,107.464,-12.8444,61.4921,93.2729,-12.6956,113.25,112.306,-11.3277,87.9573,
39.546,0.964099,24.3911,4.84218,108.428,-7.33413,21.6581,68.8818,6.41872,80.5465,107.464,-12.8444,61.4921,93.2729,-12.6956,113.25,112.306,-11.3277,87.9573,
39.2922,-0.242077,26.5065,-12.9617,107.222,-8.11898,22.6502,67.9294,4.71609,76.7608,107.464,-12.8444,61.4921,94.4359,-11.9194,114.205,94.502,-5.76257,89.1417,
39.2922,-0.242077,26.5065,-12.9617,107.222,-8.11898,22.6502,67.9294,4.71609,76.7608,107.464,-12.8444,61.4921,94.4359,-11.9194,114.205,94.502,-5.76257,89.1417,
36.7556,-1.5195,25.0949,-20.669,107.37,-8.43358,22.1582,70.6147,2.36035,75.315,108.89,-12.3463,60.3324,95.7096,-11.1701,114.824,88.2208,-3.13883,90.5955,
36.7556,-1.5195,25.0949,-20.669,107.37,-8.43358,22.1582,70.6147,2.36035,75.315,108.89,-12.3463,60.3324,95.7096,-11.1701,114.824,88.2208,-3.13883,90.5955,
37.1801,-3.95576,28.5781,-23.5298,107.795,-8.11555,21.711,70.6147,2.36035,75.315,111.751,-11.2341,59.1993,99.1928,-9.24892,114.966,88.2208,-3.13883,90.5955,
37.1801,-3.95576,28.5781,-23.5298,107.795,-8.11555,21.711,70.6147,2.36035,75.315,111.751,-11.2341,59.1993,99.1928,-9.24892,114.966,88.2208,-3.13883,90.5955,
37.1801,-3.95576,29.7581,-35.4408,107.795,-8.11555,21.711,70.6147,2.36035,75.315,111.751,-11.2341,59.1993,100.373,-8.49458,114.689,76.3097,3.19227,90.4534,
37.1801,-3.95576,29.7581,-35.4408,107.795,-8.11555,21.711,70.6147,2.36035,75.315,111.751,-11.2341,59.1993,100.373,-8.49458,114.689,76.3097,3.19227,90.4534,
35.3953,-4.931,30.5673,-50.051,108.024,-8.48855,22.9318,72.6283,7.48703,78.9574,112.955,-10.2727,59.2981,103.196,-6.8334,114.481,62.9036,9.0601,86.1821,
35.3953,-4.931,30.5673,-50.051,108.024,-8.48855,22.9318,72.6283,7.48703,78.9574,112.955,-10.2727,59.2981,103.196,-6.8334,114.481,62.9036,9.0601,86.1821,
36.6804,-4.73418,31.6555,-51.7351,108.22,-8.71798,21.9026,71.54,8.39422,76.3677,112.955,-10.2727,59.2981,103.196,-6.8334,114.481,61.2195,9.57854,84.9862,
36.6804,-4.73418,31.6555,-51.7351,108.22,-8.71798,21.9026,71.54,8.39422,76.3677,112.955,-10.2727,59.2981,103.196,-6.8334,114.481,61.2195,9.57854,84.9862,
36.6036,-4.16767,38.4581,-51.0918,108.144,-8.42994,22.8271,71.54,8.39422,76.3677,112.311,-10.05,57.8136,109.998,-3.00865,114.546,61.2195,9.57854,84.9862,
36.6036,-4.16767,38.4581,-51.0918,108.144,-8.42994,22.8271,71.54,8.39422,76.3677,112.311,-10.05,57.8136,109.998,-3.00865,114.546,61.2195,9.57854,84.9862,
23.7532,4.77903,30.4009,-35.9721,108.586,-7.56378,23.7184,84.8329,10.3859,80.1292,103.807,-9.82642,59.6414,115.234,1.40983,112.437,67.8349,9.234,86.4788,
23.7532,4.77903,30.4009,-35.9721,108.586,-7.56378,23.7184,84.8329,10.3859,80.1292,103.807,-9.82642,59.6414,115.234,1.40983,112.437,67.8349,9.234,86.4788,
23.4883,10.7075,31.558,-28.2159,109.331,-6.94842,23.2824,85.8423,9.8928,77.7887,98.6232,-9.51249,61.546,117.4,4.85154,109.853,70.4072,9.48014,88.4424,
23.4883,10.7075,31.558,-28.2159,109.331,-6.94842,23.2824,85.8423,9.8928,77.7887,98.6232,-9.51249,61.546,117.4,4.85154,109.853,70.4072,9.48014,88.4424,
23.4755,10.6947,31.558,-25.4903,109.318,-6.93284,23.7663,85.8423,9.8928,77.7887,98.6232,-9.51249,61.546,117.4,4.85154,109.853,73.1329,9.73574,89.7312,
23.4755,10.6947,31.558,-25.4903,109.318,-6.93284,23.7663,85.8423,9.8928,77.7887,98.6232,-9.51249,61.546,117.4,4.85154,109.853,73.1329,9.73574,89.7312,
23.763,14.3114,40.346,-20.5552,107.999,-7.14531,25.5761,84.2364,9.45408,76.8857,93.6881,-8.28693,60.2599,124.582,12.0118,105.327,73.1329,9.73574,89.7312,
23.763,14.3114,40.346,-20.5552,107.999,-7.14531,25.5761,84.2364,9.45408,76.8857,93.6881,-8.28693,60.2599,124.582,12.0118,105.327,73.1329,9.73574,89.7312,
20.5411,21.3765,42.9944,-9.57307,108.914,-6.45733,24.5156,88.3729,11.9346,78.7311,87.5375,-11.3214,54.5963,131.367,15.1288,108.961,77.9644,7.78134,88.0526,
20.5411,21.3765,42.9944,-9.57307,108.914,-6.45733,24.5156,88.3729,11.9346,78.7311,87.5375,-11.3214,54.5963,131.367,15.1288,108.961,77.9644,7.78134,88.0526,
18.2107,26.769,38.9666,-3.73715,110.637,-6.23236,23.2628,92.4266,13.4496,81.8468,83.8683,-12.0057,58.0095,131.393,14.7877,109.519,80.1312,7.31156,88.0484,
18.2107,26.769,38.9666,-3.73715,110.637,-6.23236,23.2628,92.4266,13.4496,81.8468,83.8683,-12.0057,58.0095,131.393,14.7877,109.519,80.1312,7.31156,88.0484,
16.6396,26.5772,34.3242,-2.86546,110.446,-7.04068,22.5661,93.806,13.59,82.9746,83.8683,-12.0057,58.0095,128.13,12.8829,110.363,81.0029,6.97468,87.7326,
16.6396,26.5772,34.3242,-2.86546,110.446,-7.04068,22.5661,93.806,13.59,82.9746,83.8683,-12.0057,58.0095,128.13,12.8829,110.363,81.0029,6.97468,87.7326,
15.9577,38.4684,27.7092,9.70756,109.764,-6.40636,22.6262,93.806,13.59,82.9746,71.2953,-13.1793,67.6815,121.515,10.0421,110.942,81.0029,6.97468,87.7326,
15.9577,38.4684,27.7092,9.70756,109.764,-6.40636,22.6262,93.806,13.59,82.9746,71.2953,-13.1793,67.6815,121.515,10.0421,110.942,81.0029,6.97468,87.7326,
12.7425,40.8557,18.7856,13.9743,111.141,-5.02763,21.6762,98.3984,12.4674,85.9403,70.2852,-13.8583,68.6357,117.184,7.94006,111.361,84.2595,5.22407,84.4276,
12.7425,40.8557,18.7856,13.9743,111.141,-5.02763,21.6762,98.3984,12.4674,85.9403,70.2852,-13.8583,68.6357,117.184,7.94006,111.361,84.2595,5.22407,84.4276,
11.5146,41.4327,12.7427,15.4592,111.181,-4.78037,21.3893,99.6667,12.073,86.1067,69.7486,-14.3143,69.9176,112.409,5.67764,111.583,85.2079,4.81837,83.6214,
11.5146,41.4327,12.7427,15.4592,111.181,-4.78037,21.3893,99.6667,12.073,86.1067,69.7486,-14.3143,69.9176,112.409,5.67764,111.583,85.2079,4.81837,83.6214,
6.73254,39.6243,10.1894,16.905,108.953,-4.73984,21.6503,102.22,11.7297,87.2715,69.3283,-14.1632,74.131,112.409,5.67764,111.583,86.2333,4.50765,82.9266,
6.73254,39.6243,10.1894,16.905,108.953,-4.73984,21.6503,102.22,11.7297,87.2715,69.3283,-14.1632,74.131,112.409,5.67764,111.583,86.2333,4.50765,82.9266,
6.2643,37.58,-11.9305,17.2538,108.484,-4.76753,22.3249,102.22,11.7297,87.2715,70.9044,-11.2288,76.0084,90.2896,-5.33445,110.656,88.1581,3.99294,90.5109,
6.2643,37.58,-11.9305,17.2538,108.484,-4.76753,22.3249,102.22,11.7297,87.2715,70.9044,-11.2288,76.0084,90.2896,-5.33445,110.656,88.1581,3.99294,90.5109,
2.47567,37.5288,-22.6367,17.4539,109.88,-3.86544,22.8624,107.404,11.2372,89.3672,72.3507,-10.3825,76.4713,84.7671,-8.7631,111.06,89.8046,3.52302,90.8362,
2.47567,37.5288,-22.6367,17.4539,109.88,-3.86544,22.8624,107.404,11.2372,89.3672,72.3507,-10.3825,76.4713,84.7671,-8.7631,111.06,89.8046,3.52302,90.8362,
2.8547,37.0407,-28.4936,18.2388,110.65,-3.02567,22.3659,107.795,11.1841,89.3681,73.6089,-10.2322,76.8264,79.3014,-11.9646,112.723,91.8477,3.01255,91.0642,
2.8547,37.0407,-28.4936,18.2388,110.65,-3.02567,22.3659,107.795,11.1841,89.3681,73.6089,-10.2322,76.8264,79.3014,-11.9646,112.723,91.8477,3.01255,91.0642,
2.40543,35.0666,-33.7591,16.5753,110.339,-2.72228,22.2962,107.934,11.1166,89.4843,75.2724,-10.8871,75.6736,74.1744,-14.3903,115.497,91.8477,3.01255,91.0642,
2.40543,35.0666,-33.7591,16.5753,110.339,-2.72228,22.2962,107.934,11.1166,89.4843,75.2724,-10.8871,75.6736,74.1744,-14.3903,115.497,91.8477,3.01255,91.0642,
2.31264,38.1395,-41.5516,19.7411,110.246,-2.75604,22.5104,107.934,11.1166,89.4843,72.1067,-11.9374,77.1563,66.3819,-16.6718,120.284,91.8477,3.01255,91.0642,
2.31264,38.1395,-41.5516,19.7411,110.246,-2.75604,22.5104,107.934,11.1166,89.4843,72.1067,-11.9374,77.1563,66.3819,-16.6718,120.284,91.8477,3.01255,91.0642,
2.74829,32.8713,-34.6248,25.421,109.866,-2.87461,23.2463,107.118,10.2984,91.3361,76.9946,-13.2129,78.2348,72.4929,-18.6966,114.439,102.416,-0.168143,92.3456,
2.74829,32.8713,-34.6248,25.421,109.866,-2.87461,23.2463,107.118,10.2984,91.3361,76.9946,-13.2129,78.2348,72.4929,-18.6966,114.439,102.416,-0.168143,92.3456,
8.14038,32.7384,-29.0998,28.2304,109.733,-2.70592,23.5753,101.593,9.38141,90.2617,76.9946,-13.2129,78.2348,72.4929,-18.6966,114.439,105.225,-1.23891,93.1399,
8.14038,32.7384,-29.0998,28.2304,109.733,-2.70592,23.5753,101.593,9.38141,90.2617,76.9946,-13.2129,78.2348,72.4929,-18.6966,114.439,105.225,-1.23891,93.1399,
8.39438,22.9996,-21.905,18.2376,109.987,-2.46697,23.7856,101.593,9.38141,90.2617,86.9874,-12.125,73.372,79.6876,-17.7579,110.01,105.225,-1.23891,93.1399,
8.39438,22.9996,-21.905,18.2376,109.987,-2.46697,23.7856,101.593,9.38141,90.2617,86.9874,-12.125,73.372,79.6876,-17.7579,110.01,105.225,-1.23891,93.1399,
15.3528,22.5365,-13.1688,22.5288,110.284,-2.26521,23.6193,94.9309,7.50777,87.9412,87.7472,-10.4367,75.7707,81.7621,-17.0494,109.896,110.276,-5.53077,100.098,
15.3528,22.5365,-13.1688,22.5288,110.284,-2.26521,23.6193,94.9309,7.50777,87.9412,87.7472,-10.4367,75.7707,81.7621,-17.0494,109.896,110.276,-5.53077,100.098,
22.8236,18.6723,-2.53642,21.9147,110.658,-1.88961,22.7102,87.8345,7.8569,98.3704,91.9858,-11.821,72.2302,85.2981,-15.9261,110.111,113.9,-8.78552,103.301,
22.8236,18.6723,-2.53642,21.9147,110.658,-1.88961,22.7102,87.8345,7.8569,98.3704,91.9858,-11.821,72.2302,85.2981,-15.9261,110.111,113.9,-8.78552,103.301,
27.2229,19.9479,0.587256,33.3343,111.934,-1.28293,20.7137,84.7108,8.72904,96.3511,91.9858,-11.821,72.2302,85.2981,-15.9261,110.111,125.32,-13.5328,103.474,
27.2229,19.9479,0.587256,33.3343,111.934,-1.28293,20.7137,84.7108,8.72904,96.3511,91.9858,-11.821,72.2302,85.2981,-15.9261,110.111,125.32,-13.5328,103.474,
27.7048,20.4298,2.90154,33.3343,112.416,-0.989117,19.8444,84.7108,8.72904,96.3511,91.9858,-11.821,72.2302,87.6124,-14.4641,110.352,125.32,-13.5328,103.474,
27.7048,20.4298,2.90154,33.3343,112.416,-0.989117,19.8444,84.7108,8.72904,96.3511,91.9858,-11.821,72.2302,87.6124,-14.4641,110.352,125.32,-13.5328,103.474,
36.32,13.0735,13.3087,20.3962,113.429,0.544133,16.0305,77.1088,8.4274,89.1897,100.355,-12.3875,68.4547,90.4175,-13.3569,111.593,120.752,-13.679,104.29,
36.32,13.0735,13.3087,20.3962,113.429,0.544133,16.0305,77.1088,8.4274,89.1897,100.355,-12.3875,68.4547,90.4175,-13.3569,111.593,120.752,-13.679,104.29,
42.576,10.8802,21.7491,15.6789,112.089,0.795489,15.9334,69.5134,8.03095,84.772,101.209,-11.7299,68.25,91.2624,-12.7571,112.823,116.888,-12.5859,104.197,
42.576,10.8802,21.7491,15.6789,112.089,0.795489,15.9334,69.5134,8.03095,84.772,101.209,-11.7299,68.25,91.2624,-12.7571,112.823,116.888,-12.5859,104.197,
43.2233,9.57815,24.7695,11.2881,110.787,0.300852,17.784,67.564,7.95686,83.5264,101.209,-11.7299,68.25,92.3335,-11.9706,113.903,112.497,-11.1406,104.076,
43.2233,9.57815,24.7695,11.2881,110.787,0.300852,17.784,67.564,7.95686,83.5264,101.209,-11.7299,68.25,92.3335,-11.9706,113.903,112.497,-11.1406,104.076,
45.2621,8.4278,27.3026,8.09907,112.826,-0.751487,21.5482,67.564,7.95686,83.5264,104.398,-10.3976,66.8769,94.8666,-10.3427,115.723,112.497,-11.1406,104.076,
45.2621,8.4278,27.3026,8.09907,112.826,-0.751487,21.5482,67.564,7.95686,83.5264,104.398,-10.3976,66.8769,94.8666,-10.3427,115.723,112.497,-11.1406,104.076,
45.0327,5.27095,31.0806,-15.7561,111.412,-1.07816,20.6305,66.3791,4.18605,77.0223,106.141,-9.8037,65.4341,97.4597,-8.86721,116.608,90.3848,-3.72166,109.514,
45.0327,5.27095,31.0806,-15.7561,111.412,-1.07816,20.6305,66.3791,4.18605,77.0223,106.141,-9.8037,65.4341,97.4597,-8.86721,116.608,90.3848,-3.72166,109.514,
43.3321,4.82119,29.8298,-21.8432,110.962,-1.2904,20.4011,67.63,2.69049,76.2754,106.141,-9.8037,65.4341,97.4597,-8.86721,116.608,84.2977,-0.916321,110.968,
43.3321,4.82119,29.8298,-21.8432,110.962,-1.2904,20.4011,67.63,2.69049,76.2754,106.141,-9.8037,65.4341,97.4597,-8.86721,116.608,84.2977,-0.916321,110.968,
41.999,3.07967,30.7828,-29.6385,111.056,-1.84201,19.9609,69.0573,2.19332,76.9007,107.977,-9.19344,64.1541,99.84,-7.61657,116.39,78.3381,2.37446,111.802,
41.999,3.07967,30.7828,-29.6385,111.056,-1.84201,19.9609,69.0573,2.19332,76.9007,107.977,-9.19344,64.1541,99.84,-7.61657,116.39,78.3381,2.37446,111.802,
43.4045,0.740823,32.8222,-33.3828,112.462,-2.09139,20.6168,69.0573,2.19332,76.9007,111.721,-8.01017,62.6437,101.879,-6.27465,115.952,78.3381,2.37446,111.802,
43.4045,0.740823,32.8222,-33.3828,112.462,-2.09139,20.6168,69.0573,2.19332,76.9007,111.721,-8.01017,62.6437,101.879,-6.27465,115.952,78.3381,2.37446,111.802,
38.7807,-0.472168,31.4636,-55.2443,111.611,-2.01976,21.5967,72.8305,6.63532,81.7853,112.083,-7.57635,62.7525,104.294,-4.72494,115.539,56.8391,10.4702,103.768,
38.7807,-0.472168,31.4636,-55.2443,111.611,-2.01976,21.5967,72.8305,6.63532,81.7853,112.083,-7.57635,62.7525,104.294,-4.72494,115.539,56.8391,10.4702,103.768,
40.6431,-0.203113,35.3519,-57.4502,111.499,-1.85008,21.5226,70.8558,8.08977,80.2924,111.702,-7.62967,62.9147,106.208,-3.71038,115.644,54.2518,11.3825,102.629,
40.6431,-0.203113,35.3519,-57.4502,111.499,-1.85008,21.5226,70.8558,8.08977,80.2924,111.702,-7.62967,62.9147,106.208,-3.71038,115.644,54.2518,11.3825,102.629,
40.5267,0.909168,42.0451,-55.6481,111.706,-1.54857,21.5771,71.1797,8.43047,77.4811,110.797,-7.51708,62.0096,113.225,0.435692,115.786,55.1492,9.73276,101.535,
40.5267,0.909168,42.0451,-55.6481,111.706,-1.54857,21.5771,71.1797,8.43047,77.4811,110.797,-7.51708,62.0096,113.225,0.435692,115.786,55.1492,9.73276,101.535,
40.5431,5.70652,42.0451,-50.8672,111.723,-1.43939,21.601,71.1797,8.43047,77.4811,106.016,-7.48315,61.244,113.225,0.435692,115.786,55.1492,9.73276,101.535,
40.5431,5.70652,42.0451,-50.8672,111.723,-1.43939,21.601,71.1797,8.43047,77.4811,106.016,-7.48315,61.244,113.225,0.435692,115.786,55.1492,9.73276,101.535,
33.5788,10.0639,39.9947,-37.0785,111.754,-1.29341,21.4887,78.1748,8.28518,77.7873,101.69,-7.41065,62.6561,118.17,5.30586,113.534,64.6112,10.2278,106.945,
33.5788,10.0639,39.9947,-37.0785,111.754,-1.29341,21.4887,78.1748,8.28518,77.7873,101.69,-7.41065,62.6561,118.17,5.30586,113.534,64.6112,10.2278,106.945,
25.82,15.1203,34.165,-28.0013,111.995,-0.912955,21.8191,86.175,8.78626,79.7276,96.8747,-7.205,64.1672,120.34,8.90545,110.897,68.8734,9.39277,107.5,
25.82,15.1203,34.165,-28.0013,111.995,-0.912955,21.8191,86.175,8.78626,79.7276,96.8747,-7.205,64.1672,120.34,8.90545,110.897,68.8734,9.39277,107.5,
24.7533,17.8472,42.0622,-24.1045,110.825,-1.46695,23.5847,86.0717,9.29385,80.1921,92.9779,-7.0828,60.197,128.134,15.254,108.592,68.8734,9.39277,107.5,
24.7533,17.8472,42.0622,-24.1045,110.825,-1.46695,23.5847,86.0717,9.29385,80.1921,92.9779,-7.0828,60.197,128.134,15.254,108.592,68.8734,9.39277,107.5,
25.0129,18.1067,45.9546,-24.1045,111.085,-1.79925,24.1989,86.0717,9.29385,80.1921,92.9779,-7.0828,60.197,132.026,16.9902,110.488,68.8734,9.39277,107.5,
25.0129,18.1067,45.9546,-24.1045,111.085,-1.79925,24.1989,86.0717,9.29385,80.1921,92.9779,-7.0828,60.197,132.026,16.9902,110.488,68.8734,9.39277,107.5,
17.5183,27.1196,37.8409,-11.0181,112.256,-2.26778,24.5756,94.7379,12.6997,85.0149,85.1366,-10.0432,60.778,132.579,17.5384,111.575,74.1185,8.24928,107.328,
17.5183,27.1196,37.8409,-11.0181,112.256,-2.26778,24.5756,94.7379,12.6997,85.0149,85.1366,-10.0432,60.778,132.579,17.5384,111.575,74.1185,8.24928,107.328,
12.8435,30.1649,33.5001,-5.80297,111.338,-1.9761,24.628,98.495,12.6024,87.4035,81.1736,-10.4327,64.3453,131.995,16.8776,111.539,75.3706,7.54769,106.503,
12.8435,30.1649,33.5001,-5.80297,111.338,-1.9761,24.628,98.495,12.6024,87.4035,81.1736,-10.4327,64.3453,131.995,16.8776,111.539,75.3706,7.54769,106.503,
12.8435,36.5923,29.4656,0.62438,111.338,-1.9761,24.628,98.495,12.6024,87.4035,74.7462,-11.1533,69.7813,127.961,14.7236,111.792,75.3706,7.54769,106.503,
12.8435,36.5923,29.4656,0.62438,111.338,-1.9761,24.628,98.495,12.6024,87.4035,74.7462,-11.1533,69.7813,127.961,14.7236,111.792,75.3706,7.54769,106.503,
13.7429,41.7814,22.5186,6.09802,112.238,-0.38367,22.2349,98.495,12.6024,87.4035,70.4565,-12.3384,72.2339,121.014,10.6699,112.671,76.5545,6.46135,104.579,
13.7429,41.7814,22.5186,6.09802,112.238,-0.38367,22.2349,98.495,12.6024,87.4035,70.4565,-12.3384,72.2339,121.014,10.6699,112.671,76.5545,6.46135,104.579,
8.8634,41.9829,9.61459,10.4522,110.946,-0.115308,22.1172,102.082,10.9969,88.499,68.963,-13.1347,75.2095,111.697,5.4049,113.942,79.4152,5.00859,102.26,
8.8634,41.9829,9.61459,10.4522,110.946,-0.115308,22.1172,102.082,10.9969,88.499,68.963,-13.1347,75.2095,111.697,5.4049,113.942,79.4152,5.00859,102.26,
4.47347,40.3767,6.83088,11.5496,109.34,-0.34704,24.0512,104.866,10.9866,90.7862,68.963,-13.1347,75.2095,111.697,5.4049,113.942,80.5126,4.62649,101.961,
4.47347,40.3767,6.83088,11.5496,109.34,-0.34704,24.0512,104.866,10.9866,90.7862,68.963,-13.1347,75.2095,111.697,5.4049,113.942,80.5126,4.62649,101.961,
4.40714,40.072,-4.53224,11.3113,109.273,-0.0139455,25.1576,104.866,10.9866,90.7862,69.2013,-11.9237,74.9234,100.334,0.137638,113.556,80.5126,4.62649,101.961,
4.40714,40.072,-4.53224,11.3113,109.273,-0.0139455,25.1576,104.866,10.9866,90.7862,69.2013,-11.9237,74.9234,100.334,0.137638,113.556,80.5126,4.62649,101.961,
1.93278,36.7682,-19.6481,10.7024,109.932,0.699909,25.5307,107.999,10.7552,92.864,73.1638,-9.52324,75.8478,88.3512,-6.20548,113.838,83.8662,3.78818,102.3,
1.93278,36.7682,-19.6481,10.7024,109.932,0.699909,25.5307,107.999,10.7552,92.864,73.1638,-9.52324,75.8478,88.3512,-6.20548,113.838,83.8662,3.78818,102.3,
1.39409,36.6238,-25.9308,11.9318,109.788,0.801065,25.6493,108.393,10.6862,93.1642,73.1638,-9.52324,75.8478,82.4627,-9.60051,114.641,85.0956,3.45228,102.502,
1.39409,36.6238,-25.9308,11.9318,109.788,0.801065,25.6493,108.393,10.6862,93.1642,73.1638,-9.52324,75.8478,82.4627,-9.60051,114.641,85.0956,3.45228,102.502,
2.05248,35.5825,-31.0387,13.963,109.979,0.851693,25.9621,107.926,10.5867,93.3958,74.396,-9.48954,76.3413,76.8873,-12.5645,116.676,88.3591,2.4553,102.869,
2.05248,35.5825,-31.0387,13.963,109.979,0.851693,25.9621,107.926,10.5867,93.3958,74.396,-9.48954,76.3413,76.8873,-12.5645,116.676,88.3591,2.4553,102.869,
2.05824,39.204,-42.5069,17.5788,109.984,0.805591,26.124,107.926,10.5867,93.3958,70.7803,-9.82149,76.9599,65.4192,-16.1628,123.868,88.3591,2.4553,102.869,
2.05824,39.204,-42.5069,17.5788,109.984,0.805591,26.124,107.926,10.5867,93.3958,70.7803,-9.82149,76.9599,65.4192,-16.1628,123.868,88.3591,2.4553,102.869,
2.39266,38.0753,-38.0823,26.3596,110.319,0.530053,26.1886,107.926,10.5867,93.3958,72.2434,-11.2721,80.3709,69.8437,-16.7112,120.873,98.603,-0.653846,102.178,
2.39266,38.0753,-38.0823,26.3596,110.319,0.530053,26.1886,107.926,10.5867,93.3958,72.2434,-11.2721,80.3709,69.8437,-16.7112,120.873,98.603,-0.653846,102.178,
4.33003,33.2225,-33.9585,24.499,110.292,0.394825,26.5101,105.962,9.48025,95.1716,77.0699,-11.3647,79.1503,72.0039,-18.2299,117.326,101.569,-1.51498,102.646,
4.33003,33.2225,-33.9585,24.499,110.292,0.394825,26.5101,105.962,9.48025,95.1716,77.0699,-11.3647,79.1503,72.0039,-18.2299,117.326,101.569,-1.51498,102.646,
10.8214,33.2119,-24.8868,27.517,110.282,0.726378,25.7928,99.4605,8.42978,91.8952,77.0699,-11.3647,79.1503,74.5737,-17.0905,115.472,104.587,-2.83134,103.906,
10.8214,33.2119,-24.8868,27.517,110.282,0.726378,25.7928,99.4605,8.42978,91.8952,77.0699,-11.3647,79.1503,74.5737,-17.0905,115.472,104.587,-2.83134,103.906,
11.1427,23.9131,-19.1737,17.8969,110.603,1.51542,23.1481,99.4605,8.42978,91.8952,86.69,-10.8893,72.565,80.2868,-17.1962,112.141,104.587,-2.83134,103.906,
11.1427,23.9131,-19.1737,17.8969,110.603,1.51542,23.1481,99.4605,8.42978,91.8952,86.69,-10.8893,72.565,80.2868,-17.1962,112.141,104.587,-2.83134,103.906,
17.527,22.4209,-10.9986,21.9725,110.652,1.74413,22.035,93.1245,6.67104,91.0881,88.2306,-12.0591,73.8467,82.1259,-16.2583,112.541,110.203,-7.83965,110.023,
17.527,22.4209,-10.9986,21.9725,110.652,1.74413,22.035,93.1245,6.67104,91.0881,88.2306,-12.0591,73.8467,82.1259,-16.2583,112.541,110.203,-7.83965,110.023,
24.8601,19.1011,-1.17934,30.2033,110.899,2.21416,19.2348,86.0392,8.81229,100.292,91.7983,-12.4673,71.356,84.8599,-14.5562,112.911,122.002,-13.7928,112.907,
24.8601,19.1011,-1.17934,30.2033,110.899,2.21416,19.2348,86.0392,8.81229,100.292,91.7983,-12.4673,71.356,84.8599,-14.5562,112.911,122.002,-13.7928,112.907,
27.6695,18.2358,3.65842,31.5555,110.034,2.38809,21.0049,82.3646,9.44718,96.9249,91.7983,-12.4673,71.356,86.023,-14.1327,112.513,123.354,-14.5651,111.622,
27.6695,18.2358,3.65842,31.5555,110.034,2.38809,21.0049,82.3646,9.44718,96.9249,91.7983,-12.4673,71.356,86.023,-14.1327,112.513,123.354,-14.5651,111.622,
27.4727,12.3058,6.00895,25.8224,109.837,2.03592,22.4173,82.3646,9.44718,96.9249,97.5314,-12.6064,69.1441,88.3735,-13.3434,113.652,123.354,-14.5651,111.622,
27.4727,12.3058,6.00895,25.8224,109.837,2.03592,22.4173,82.3646,9.44718,96.9249,97.5314,-12.6064,69.1441,88.3735,-13.3434,113.652,123.354,-14.5651,111.622,
39.9531,10.6917,19.1604,13.831,110.006,1.27618,24.4865,70.0529,8.94309,87.3504,99.3143,-11.3797,68.5655,89.2133,-12.8223,114.46,113.145,-11.393,110.413,
39.9531,10.6917,19.1604,13.831,110.006,1.27618,24.4865,70.0529,8.94309,87.3504,99.3143,-11.3797,68.5655,89.2133,-12.8223,114.46,113.145,-11.393,110.413,
41.7219,10.4082,22.2137,9.47953,109.723,1.16527,24.4888,68.0007,8.78444,85.7499,99.3143,-11.3797,68.5655,90.2144,-12.3128,115.076,108.794,-9.92151,110.066,
41.7219,10.4082,22.2137,9.47953,109.723,1.16527,24.4888,68.0007,8.78444,85.7499,99.3143,-11.3797,68.5655,90.2144,-12.3128,115.076,108.794,-9.92151,110.066,
41.0366,9.72301,22.2137,4.58264,109.037,0.921841,24.1052,68.0007,8.78444,85.7499,99.3143,-11.3797,68.5655,90.2144,-12.3128,115.076,103.897,-8.18221,109.271,
41.0366,9.72301,22.2137,4.58264,109.037,0.921841,24.1052,68.0007,8.78444,85.7499,99.3143,-11.3797,68.5655,90.2144,-12.3128,115.076,103.897,-8.18221,109.271,
41.4337,4.49213,26.5267,-0.314075,108.703,0.672481,23.5999,67.2695,8.55155,84.0629,104.211,-10.1486,64.8196,93.7962,-10.0462,117.199,103.897,-8.18221,109.271,
41.4337,4.49213,26.5267,-0.314075,108.703,0.672481,23.5999,67.2695,8.55155,84.0629,104.211,-10.1486,64.8196,93.7962,-10.0462,117.199,103.897,-8.18221,109.271,
40.1826,3.09196,27.8947,-25.7521,108.723,0.239878,24.3593,68.5399,4.03687,77.8108,105.631,-9.8017,63.8365,96.4346,-8.63835,117.352,79.8785,-0.353439,109.326,
40.1826,3.09196,27.8947,-25.7521,108.723,0.239878,24.3593,68.5399,4.03687,77.8108,105.631,-9.8017,63.8365,96.4346,-8.63835,117.352,79.8785,-0.353439,109.326,
38.6292,1.80203,27.5555,-33.4573,108.787,0.0172018,24.9944,70.1576,3.29176,78.1365,106.985,-9.40396,63.0806,97.7131,-7.89544,117.259,73.5274,2.65603,109.673,
38.6292,1.80203,27.5555,-33.4573,108.787,0.0172018,24.9944,70.1576,3.29176,78.1365,106.985,-9.40396,63.0806,97.7131,-7.89544,117.259,73.5274,2.65603,109.673,
36.8451,1.90224,28.1939,-39.5391,108.887,-0.0878551,25.0927,72.0419,3.32004,78.7348,106.985,-9.40396,63.0806,100.236,-6.5761,116.723,67.4456,5.87588,109.112,
36.8451,1.90224,28.1939,-39.5391,108.887,-0.0878551,25.0927,72.0419,3.32004,78.7348,106.985,-9.40396,63.0806,100.236,-6.5761,116.723,67.4456,5.87588,109.112,
36.6057,-0.663393,31.2057,-53.0611,108.648,0.182307,25.1007,72.0419,3.32004,78.7348,109.311,-8.22497,61.6932,103.248,-4.89365,116.39,56.2498,9.75041,104.258,
36.6057,-0.663393,31.2057,-53.0611,108.648,0.182307,25.1007,72.0419,3.32004,78.7348,109.311,-8.22497,61.6932,103.248,-4.89365,116.39,56.2498,9.75041,104.258,
36.5077,-0.353965,32.8692,-59.8994,108.93,0.741133,25.5255,72.4219,6.58184,77.2781,109.283,-8.21023,61.5428,105.291,-3.82375,116.561,49.3841,10.3891,99.8268,
36.5077,-0.353965,32.8692,-59.8994,108.93,0.741133,25.5255,72.4219,6.58184,77.2781,109.283,-8.21023,61.5428,105.291,-3.82375,116.561,49.3841,10.3891,99.8268,
40.0251,-0.0666933,38.4388,-57.9922,109.158,0.939734,25.5518,69.133,7.56026,72.6717,109.225,-8.20909,61.0889,107.572,-2.60539,116.744,51.2327,8.91897,99.2732,
40.0251,-0.0666933,38.4388,-57.9922,109.158,0.939734,25.5518,69.133,7.56026,72.6717,109.225,-8.20909,61.0889,107.572,-2.60539,116.744,51.2327,8.91897,99.2732,
37.2832,2.0343,40.4246,-54.1123,109.517,1.27353,25.5318,72.2342,7.86333,72.6568,107.483,-8.22001,58.6,112.659,0.354037,116.697,53.3707,10.164,101.009,
37.2832,2.0343,40.4246,-54.1123,109.517,1.27353,25.5318,72.2342,7.86333,72.6568,107.483,-8.22001,58.6,112.659,0.354037,116.697,53.3707,10.164,101.009,
26.4334,9.72444,35.4511,-41.4517,108.858,0.680316,27.7695,82.4244,9.65417,78.2389,99.1334,-8.14524,61.7165,117.876,5.34368,114.281,57.6817,9.67205,103.101,
26.4334,9.72444,35.4511,-41.4517,108.858,0.680316,27.7695,82.4244,9.65417,78.2389,99.1334,-8.14524,61.7165,117.876,5.34368,114.281,57.6817,9.67205,103.101,
24.1267,13.338,35.7757,-29.6085,108.397,0.879989,27.7457,84.2707,8.71929,74.9954,95.0594,-7.8776,63.4138,120.046,9.10054,111.41,65.4509,9.89001,106.966,
24.1267,13.338,35.7757,-29.6085,108.397,0.879989,27.7457,84.2707,8.71929,74.9954,95.0594,-7.8776,63.4138,120.046,9.10054,111.41,65.4509,9.89001,106.966,
25.5091,16.8922,38.7562,-25.6109,109.944,1.10339,26.6611,84.4349,10.2976,77.482,93.0518,-7.36585,62.1854,123.191,12.9437,109.023,67.4408,9.40116,106.646,
25.5091,16.8922,38.7562,-25.6109,109.944,1.10339,26.6611,84.4349,10.2976,77.482,93.0518,-7.36585,62.1854,123.191,12.9437,109.023,67.4408,9.40116,106.646,
25.3789,22.4585,46.7593,-19.9145,109.814,0.359729,26.8099,84.4349,10.2976,77.482,87.3553,-9.44318,55.3593,131.194,16.8133,110.021,67.4408,9.40116,106.646,
25.3789,22.4585,46.7593,-19.9145,109.814,0.359729,26.8099,84.4349,10.2976,77.482,87.3553,-9.44318,55.3593,131.194,16.8133,110.021,67.4408,9.40116,106.646,
25.3789,25.6882,47.2569,-16.6847,109.814,0.359729,26.8099,84.4349,10.2976,77.482,84.1256,-10.0339,58.1146,131.692,16.6956,110.835,67.4408,9.40116,106.646,
25.3789,25.6882,47.2569,-16.6847,109.814,0.359729,26.8099,84.4349,10.2976,77.482,84.1256,-10.0339,58.1146,131.692,16.6956,110.835,67.4408,9.40116,106.646,
13.1574,32.3302,32.9451,-3.44243,109.104,0.487087,26.9471,95.9466,12.6686,82.6811,76.7738,-10.5332,64.3002,128.892,15.3272,111.756,73.3313,7.24472,104.966,
13.1574,32.3302,32.9451,-3.44243,109.104,0.487087,26.9471,95.9466,12.6686,82.6811,76.7738,-10.5332,64.3002,128.892,15.3272,111.756,73.3313,7.24472,104.966,
12.8591,33.6426,31.3344,-2.77357,110.416,2.04253,25.4225,97.5573,12.2406,83.5613,76.7738,-10.5332,64.3002,128.892,15.3272,111.756,74.0002,6.7932,104.027,
12.8591,33.6426,31.3344,-2.77357,110.416,2.04253,25.4225,97.5573,12.2406,83.5613,76.7738,-10.5332,64.3002,128.892,15.3272,111.756,74.0002,6.7932,104.027,
11.7516,38.5468,16.3442,3.23812,109.309,2.40954,25.1123,97.5573,12.2406,83.5613,70.7621,-12.986,68.4121,113.901,7.54719,112.572,74.0002,6.7932,104.027,
11.7516,38.5468,16.3442,3.23812,109.309,2.40954,25.1123,97.5573,12.2406,83.5613,70.7621,-12.986,68.4121,113.901,7.54719,112.572,74.0002,6.7932,104.027,
9.00184,38.4707,8.8004,6.15301,108.96,2.51132,25.7342,99.9585,11.4782,84.8925,70.4897,-13.3086,70.0535,108.759,5.04385,112.822,76.6427,5.47266,100.891,
9.00184,38.4707,8.8004,6.15301,108.96,2.51132,25.7342,99.9585,11.4782,84.8925,70.4897,-13.3086,70.0535,108.759,5.04385,112.822,76.6427,5.47266,100.891,
6.4715,39.1533,-0.29107,8.09425,109.921,3.2367,26.8417,103.45,11.4212,86.5036,70.7678,-13.0273,71.7953,103.159,2.31819,112.869,78.8621,4.82252,100.235,
6.4715,39.1533,-0.29107,8.09425,109.921,3.2367,26.8417,103.45,11.4212,86.5036,70.7678,-13.0273,71.7953,103.159,2.31819,112.869,78.8621,4.82252,100.235,
6.96761,39.6494,-0.29107,9.24927,110.417,3.67714,27.1353,103.45,11.4212,86.5036,70.7678,-13.0273,71.7953,103.159,2.31819,112.869,80.0171,4.52391,100.151,
6.96761,39.6494,-0.29107,9.24927,110.417,3.67714,27.1353,103.45,11.4212,86.5036,70.7678,-13.0273,71.7953,103.159,2.31819,112.869,80.0171,4.52391,100.151,
5.82639,36.9443,-18.875,6.22098,110.74,4.00112,27.4162,104.914,11.2138,87.4848,73.7961,-9.82234,75.2467,86.039,-7.90187,111.718,80.0171,4.52391,100.151,
5.82639,36.9443,-18.875,6.22098,110.74,4.00112,27.4162,104.914,11.2138,87.4848,73.7961,-9.82234,75.2467,86.039,-7.90187,111.718,80.0171,4.52391,100.151,
3.98406,35.1225,-31.2508,9.75498,110.638,3.91728,27.737,106.654,11.068,90.3285,75.5153,-8.86956,76.7939,75.4029,-14.6163,116.268,85.2703,3.49663,97.7346,
3.98406,35.1225,-31.2508,9.75498,110.638,3.91728,27.737,106.654,11.068,90.3285,75.5153,-8.86956,76.7939,75.4029,-14.6163,116.268,85.2703,3.49663,97.7346,
3.83028,35.2327,-36.152,12.0624,110.52,3.77933,28.0932,106.69,11.1029,91.305,75.2877,-8.6765,76.4913,70.5381,-16.0432,120.296,87.3501,2.943,97.697,
3.83028,35.2327,-36.152,12.0624,110.52,3.77933,28.0932,106.69,11.1029,91.305,75.2877,-8.6765,76.4913,70.5381,-16.0432,120.296,87.3501,2.943,97.697,
3.61702,34.707,-39.0318,14.4383,109.995,3.6258,29.0826,106.378,10.9232,91.7008,75.2877,-8.6765,76.4913,67.3459,-17.0216,122.524,89.726,2.2775,97.5978,
3.61702,34.707,-39.0318,14.4383,109.995,3.6258,29.0826,106.378,10.9232,91.7008,75.2877,-8.6765,76.4913,67.3459,-17.0216,122.524,89.726,2.2775,97.5978,
3.38476,34.1852,-34.823,14.1488,109.762,3.68371,29.2874,106.378,10.9232,91.7008,75.5772,-12.6034,77.807,71.5547,-16.9054,120.865,89.726,2.2775,97.5978,
3.38476,34.1852,-34.823,14.1488,109.762,3.68371,29.2874,106.378,10.9232,91.7008,75.5772,-12.6034,77.807,71.5547,-16.9054,120.865,89.726,2.2775,97.5978,
10.0608,29.3373,-23.3704,21.292,109.661,3.95965,28.1892,99.6002,9.14321,92.0699,80.3237,-12.2025,76.1087,76.2298,-19.2399,113.333,101.616,-1.0276,99.1098,
10.0608,29.3373,-23.3704,21.292,109.661,3.95965,28.1892,99.6002,9.14321,92.0699,80.3237,-12.2025,76.1087,76.2298,-19.2399,113.333,101.616,-1.0276,99.1098,
13.707,23.7936,-17.5862,15.7676,109.642,4.091,27.6449,95.9347,8.18529,89.3286,85.8481,-11.6502,72.0551,78.3485,-17.5742,112.551,101.616,-1.0276,99.1098,
13.707,23.7936,-17.5862,15.7676,109.642,4.091,27.6449,95.9347,8.18529,89.3286,85.8481,-11.6502,72.0551,78.3485,-17.5742,112.551,101.616,-1.0276,99.1098,
16.6818,24.1242,-9.66796,21.3862,109.972,4.84763,24.6308,93.2905,7.01934,90.4736,85.8481,-11.6502,72.0551,83.6225,-16.4886,110.986,107.234,-5.0762,105.102,
16.6818,24.1242,-9.66796,21.3862,109.972,4.84763,24.6308,93.2905,7.01934,90.4736,85.8481,-11.6502,72.0551,83.6225,-16.4886,110.986,107.234,-5.0762,105.102,
17.5902,20.9552,-6.15329,17.3088,110.881,5.98601,21.9893,93.2905,7.01934,90.4736,89.9255,-11.4079,73.379,87.1372,-14.6413,112.038,107.234,-5.0762,105.102,
17.5902,20.9552,-6.15329,17.3088,110.881,5.98601,21.9893,93.2905,7.01934,90.4736,89.9255,-11.4079,73.379,87.1372,-14.6413,112.038,107.234,-5.0762,105.102,
23.3575,13.525,1.7696,24.6991,109.841,6.51835,23.0762,86.4833,8.20604,102.553,96.3157,-11.6311,69.7336,88.2529,-13.6529,112.548,121.015,-12.38,111.031,
23.3575,13.525,1.7696,24.6991,109.841,6.51835,23.0762,86.4833,8.20604,102.553,96.3157,-11.6311,69.7336,88.2529,-13.6529,112.548,121.015,-12.38,111.031,
33.6895,12.8353,13.984,24.0012,109.151,5.7073,26.072,75.4615,8.51098,91.9052,96.3157,-11.6311,69.7336,89.4455,-13.0141,112.306,120.317,-12.8332,110.413,
33.6895,12.8353,13.984,24.0012,109.151,5.7073,26.072,75.4615,8.51098,91.9052,96.3157,-11.6311,69.7336,89.4455,-13.0141,112.306,120.317,-12.8332,110.413,
35.8781,13.2046,16.2065,22.1819,111.34,5.23357,28.1499,75.4615,8.51098,91.9052,98.135,-12.3688,69.1828,91.668,-12.4238,111.885,120.317,-12.8332,110.413,
35.8781,13.2046,16.2065,22.1819,111.34,5.23357,28.1499,75.4615,8.51098,91.9052,98.135,-12.3688,69.1828,91.668,-12.4238,111.885,120.317,-12.8332,110.413,
35.8176,11.8662,16.9484,20.904,111.279,5.05623,28.1023,75.4615,8.51098,91.9052,99.4129,-11.9159,68.725,92.4099,-11.8815,112.727,120.317,-12.8332,110.413,
35.8176,11.8662,16.9484,20.904,111.279,5.05623,28.1023,75.4615,8.51098,91.9052,99.4129,-11.9159,68.725,92.4099,-11.8815,112.727,120.317,-12.8332,110.413,
39.7067,8.13336,23.6772,3.44497,110.144,5.00151,27.1645,70.4374,8.26536,88.2373,102.011,-10.2085,67.9113,94.1146,-10.6983,114.775,105.456,-9.01671,110.834,
39.7067,8.13336,23.6772,3.44497,110.144,5.00151,27.1645,70.4374,8.26536,88.2373,102.011,-10.2085,67.9113,94.1146,-10.6983,114.775,105.456,-9.01671,110.834,
44.242,8.49364,28.8751,-7.35466,110.504,4.64778,25.8002,66.2623,7.27646,82.2349,102.011,-10.2085,67.9113,95.1375,-9.92983,115.774,94.656,-5.17526,109.899,
44.242,8.49364,28.8751,-7.35466,110.504,4.64778,25.8002,66.2623,7.27646,82.2349,102.011,-10.2085,67.9113,95.1375,-9.92983,115.774,94.656,-5.17526,109.899,
45.356,6.10019,32.518,-10.862,111.618,4.48066,26.0544,66.2623,7.27646,82.2349,105.518,-9.16586,66.2617,98.7803,-7.79135,117.93,94.656,-5.17526,109.899,
45.356,6.10019,32.518,-10.862,111.618,4.48066,26.0544,66.2623,7.27646,82.2349,105.518,-9.16586,66.2617,98.7803,-7.79135,117.93,94.656,-5.17526,109.899,
44.6116,3.5103,32.7883,-25.9112,111.84,4.43993,26.5376,67.2284,4.69124,80.5646,108.33,-8.22121,64.4875,100.017,-7.09605,118.211,82.4185,-0.985471,96.3127,
44.6116,3.5103,32.7883,-25.9112,111.84,4.43993,26.5376,67.2284,4.69124,80.5646,108.33,-8.22121,64.4875,100.017,-7.09605,118.211,82.4185,-0.985471,96.3127,
40.8134,1.67813,31.819,-45.5831,111.321,4.68393,26.8373,70.508,3.28253,81.0925,109.643,-7.82376,63.8876,102.327,-5.86352,118.214,64.0601,8.34837,96.6775,
40.8134,1.67813,31.819,-45.5831,111.321,4.68393,26.8373,70.508,3.28253,81.0925,109.643,-7.82376,63.8876,102.327,-5.86352,118.214,64.0601,8.34837,96.6775,
38.8683,1.74009,29.812,-51.3764,111.383,5.08997,26.6818,72.5151,3.88107,81.9002,109.643,-7.82376,63.8876,102.327,-5.86352,118.214,58.2669,10.4882,94.3218,
38.8683,1.74009,29.812,-51.3764,111.383,5.08997,26.6818,72.5151,3.88107,81.9002,109.643,-7.82376,63.8876,102.327,-5.86352,118.214,58.2669,10.4882,94.3218,
36.9479,1.77396,27.8577,-51.3764,111.417,5.25193,26.5933,74.4693,4.83565,82.5456,109.643,-7.82376,63.8876,102.327,-5.86352,118.214,58.2669,10.4882,94.3218,
36.9479,1.77396,27.8577,-51.3764,111.417,5.25193,26.5933,74.4693,4.83565,82.5456,109.643,-7.82376,63.8876,102.327,-5.86352,118.214,58.2669,10.4882,94.3218,
40.7675,1.09407,35.1337,-63.7566,111.624,5.5289,26.8919,70.8561,7.46299,84.8897,110.53,-7.30485,64.9878,105.99,-3.52423,118.17,46.773,11.4778,87.8376,
40.7675,1.09407,35.1337,-63.7566,111.624,5.5289,26.8919,70.8561,7.46299,84.8897,110.53,-7.30485,64.9878,105.99,-3.52423,118.17,46.773,11.4778,87.8376,
41.7551,2.93864,41.5486,-57.5716,112.594,6.25578,26.7926,70.8389,7.82106,80.7076,109.655,-7.39534,64.4777,112.387,0.259186,118.736,52.0837,13.6484,91.1441,
41.7551,2.93864,41.5486,-57.5716,112.594,6.25578,26.7926,70.8389,7.82106,80.7076,109.655,-7.39534,64.4777,112.387,0.259186,118.736,52.0837,13.6484,91.1441,
31.6688,2.7029,31.698,-55.4258,112.358,5.86571,28.8189,80.6895,8.64451,84.7318,109.655,-7.39534,64.4777,112.387,0.259186,118.736,54.2296,14.2132,92.582,
31.6688,2.7029,31.698,-55.4258,112.358,5.86571,28.8189,80.6895,8.64451,84.7318,109.655,-7.39534,64.4777,112.387,0.259186,118.736,54.2296,14.2132,92.582,
29.7058,11.5085,39.1673,-44.6572,110.395,5.19654,30.8073,80.6895,8.64451,84.7318,98.8868,-7.34176,69.4787,119.857,7.50137,115.833,54.2296,14.2132,92.582,
29.7058,11.5085,39.1673,-44.6572,110.395,5.19654,30.8073,80.6895,8.64451,84.7318,98.8868,-7.34176,69.4787,119.857,7.50137,115.833,54.2296,14.2132,92.582,
26.3694,18.3403,39.9444,-29.4041,111.504,5.46223,29.848,85.1351,9.12954,83.7044,93.1641,-6.28307,69.3244,125.079,15.8439,110.382,63.7601,12.1939,95.8364,
26.3694,18.3403,39.9444,-29.4041,111.504,5.46223,29.848,85.1351,9.12954,83.7044,93.1641,-6.28307,69.3244,125.079,15.8439,110.382,63.7601,12.1939,95.8364,
27.4242,20.4181,40.4705,-26.018,112.033,5.44547,29.5726,84.6089,10.1364,85.5581,91.615,-6.66034,64.8481,125.079,15.8439,110.382,65.597,11.3411,95.5433,
27.4242,20.4181,40.4705,-26.018,112.033,5.44547,29.5726,84.6089,10.1364,85.5581,91.615,-6.66034,64.8481,125.079,15.8439,110.382,65.597,11.3411,95.5433,
22.9653,21.0514,43.2701,-24.4888,112.666,4.82021,29.9677,89.7011,11.9538,86.3227,91.615,-6.66034,64.8481,132.971,19.0335,112.706,67.1263,10.9186,95.5104,
22.9653,21.0514,43.2701,-24.4888,112.666,4.82021,29.9677,89.7011,11.9538,86.3227,91.615,-6.66034,64.8481,132.971,19.0335,112.706,67.1263,10.9186,95.5104,
21.2485,31.8466,43.958,-11.9767,110.95,4.87699,30.7747,89.7011,11.9538,86.3227,79.103,-10.2154,72.5311,133.659,18.065,115.41,67.1263,10.9186,95.5104,
21.2485,31.8466,43.958,-11.9767,110.95,4.87699,30.7747,89.7011,11.9538,86.3227,79.103,-10.2154,72.5311,133.659,18.065,115.41,67.1263,10.9186,95.5104,
16.6953,34.8516,34.1361,-4.54562,110.609,5.41898,30.1292,93.9138,13.4598,88.3496,75.7576,-10.6859,74.7653,128.05,13.9371,117.166,71.212,10.4884,96.7799,
16.6953,34.8516,34.1361,-4.54562,110.609,5.41898,30.1292,93.9138,13.4598,88.3496,75.7576,-10.6859,74.7653,128.05,13.9371,117.166,71.212,10.4884,96.7799,
12.4379,37.179,29.9773,-1.17742,110.511,5.98229,28.6424,98.0726,12.7931,90.8705,73.3315,-11.3024,76.1465,128.05,13.9371,117.166,72.1541,10.1894,96.9386,
12.4379,37.179,29.9773,-1.17742,110.511,5.98229,28.6424,98.0726,12.7931,90.8705,73.3315,-11.3024,76.1465,128.05,13.9371,117.166,72.1541,10.1894,96.9386,
10.3923,39.5318,21.7058,3.32736,109.348,6.02429,28.4675,98.9557,12.3121,91.4836,69.8161,-12.6451,81.4569,120.661,9.26767,118.882,73.1435,9.83352,97.0422,
10.3923,39.5318,21.7058,3.32736,109.348,6.02429,28.4675,98.9557,12.3121,91.4836,69.8161,-12.6451,81.4569,120.661,9.26767,118.882,73.1435,9.83352,97.0422,
9.55471,39.9653,17.2,4.59845,108.51,5.97846,30.0006,98.9557,12.3121,91.4836,68.545,-13.385,85.174,116.156,6.67177,119.949,73.1435,9.83352,97.0422,
9.55471,39.9653,17.2,4.59845,108.51,5.97846,30.0006,98.9557,12.3121,91.4836,68.545,-13.385,85.174,116.156,6.67177,119.949,73.1435,9.83352,97.0422,
7.76187,40.0144,4.36597,9.32164,108.659,6.23749,31.5086,100.897,12.0574,91.3035,68.6442,-12.8211,87.0575,105.263,1.8425,120.327,77.9659,7.75322,96.6454,
7.76187,40.0144,4.36597,9.32164,108.659,6.23749,31.5086,100.897,12.0574,91.3035,68.6442,-12.8211,87.0575,105.263,1.8425,120.327,77.9659,7.75322,96.6454,
2.91727,39.4677,-6.61948,11.1908,108.843,6.59625,32.8128,105.926,11.7601,95.8387,69.3752,-11.7088,88.5788,99.3061,-0.850485,119.749,80.566,6.6563,95.9299,
2.91727,39.4677,-6.61948,11.1908,108.843,6.59625,32.8128,105.926,11.7601,95.8387,69.3752,-11.7088,88.5788,99.3061,-0.850485,119.749,80.566,6.6563,95.9299,
1.7294,36.4348,-19.2423,8.28362,108.717,6.62935,33.3346,106.988,11.7286,96.2506,72.2824,-9.54608,90.3868,87.7455,-7.653,117.867,80.566,6.6563,95.9299,
1.7294,36.4348,-19.2423,8.28362,108.717,6.62935,33.3346,106.988,11.7286,96.2506,72.2824,-9.54608,90.3868,87.7455,-7.653,117.867,80.566,6.6563,95.9299,
0.214022,32.9836,-31.1555,5.33421,108.215,6.41751,34.1126,108.001,11.5621,97.3454,75.2318,-9.036,91.1595,76.846,-14.5889,120.632,80.566,6.6563,95.9299,
0.214022,32.9836,-31.1555,5.33421,108.215,6.41751,34.1126,108.001,11.5621,97.3454,75.2318,-9.036,91.1595,76.846,-14.5889,120.632,80.566,6.6563,95.9299,
0.074931,34.3158,-39.7193,14.1032,107.797,6.11919,34.9814,107.722,11.3434,98.1628,73.4815,-10.0242,89.7518,68.0031,-17.676,125.9,87.5847,4.09191,92.9829,
0.074931,34.3158,-39.7193,14.1032,107.797,6.11919,34.9814,107.722,11.3434,98.1628,73.4815,-10.0242,89.7518,68.0031,-17.676,125.9,87.5847,4.09191,92.9829,
0.259418,34.4342,-39.6531,16.5135,107.916,5.98217,36.2584,107.656,11.144,98.6943,73.4815,-10.0242,89.7518,68.0031,-17.676,125.9,89.9949,3.37388,92.5499,
0.259418,34.4342,-39.6531,16.5135,107.916,5.98217,36.2584,107.656,11.144,98.6943,73.4815,-10.0242,89.7518,68.0031,-17.676,125.9,89.9949,3.37388,92.5499,
0.54391,34.5547,-38.3817,19.0994,108.036,5.95513,36.7799,107.492,10.8009,99.695,73.4815,-10.0242,89.7518,69.1106,-17.7595,126.28,92.5809,2.61107,92.3842,
0.54391,34.5547,-38.3817,19.0994,108.036,5.95513,36.7799,107.492,10.8009,99.695,73.4815,-10.0242,89.7518,69.1106,-17.7595,126.28,92.5809,2.61107,92.3842,
5.25866,28.7621,-26.8638,18.278,108.759,6.26098,36.703,103.5,10.3043,99.6399,79.9967,-11.7942,91.0915,76.6364,-19.4558,118.6,98.2747,1.04011,93.0375,
5.25866,28.7621,-26.8638,18.278,108.759,6.26098,36.703,103.5,10.3043,99.6399,79.9967,-11.7942,91.0915,76.6364,-19.4558,118.6,98.2747,1.04011,93.0375,
11.7645,20.1376,-15.8777,18.4625,108.496,6.5323,35.3561,96.7317,8.72601,94.7876,88.3587,-10.7466,87.737,80.8541,-16.0245,118.361,106.821,-4.71098,100.845,
11.7645,20.1376,-15.8777,18.4625,108.496,6.5323,35.3561,96.7317,8.72601,94.7876,88.3587,-10.7466,87.737,80.8541,-16.0245,118.361,106.821,-4.71098,100.845,
13.3101,19.1946,-13.3892,22.9458,107.553,7.00668,32.3953,94.2432,7.34534,96.5184,88.3587,-10.7466,87.737,80.8541,-16.0245,118.361,111.305,-7.57538,103.462,
13.3101,19.1946,-13.3892,22.9458,107.553,7.00668,32.3953,94.2432,7.34534,96.5184,88.3587,-10.7466,87.737,80.8541,-16.0245,118.361,111.305,-7.57538,103.462,
15.2221,20.2633,-5.22329,24.1863,107.381,6.97528,31.8267,92.1594,6.58743,102.299,87.1182,-10.4375,91.2842,86.9361,-13.7646,118.779,111.305,-7.57538,103.462,
15.2221,20.2633,-5.22329,24.1863,107.381,6.97528,31.8267,92.1594,6.58743,102.299,87.1182,-10.4375,91.2842,86.9361,-13.7646,118.779,111.305,-7.57538,103.462,
23.6836,10.9792,6.0552,24.8577,106.857,7.26105,33.1489,83.1733,8.95502,104.499,95.8776,-11.6168,87.8804,89.2285,-11.8428,120.202,120.735,-12.223,104.673,
23.6836,10.9792,6.0552,24.8577,106.857,7.26105,33.1489,83.1733,8.95502,104.499,95.8776,-11.6168,87.8804,89.2285,-11.8428,120.202,120.735,-12.223,104.673,
23.4466,10.7422,6.0552,24.8577,106.62,7.40295,33.468,83.1733,8.95502,104.499,95.8776,-11.6168,87.8804,89.2285,-11.8428,120.202,120.735,-12.223,104.673,
23.4466,10.7422,6.0552,24.8577,106.62,7.40295,33.468,83.1733,8.95502,104.499,95.8776,-11.6168,87.8804,89.2285,-11.8428,120.202,120.735,-12.223,104.673,
30.9486,9.10903,14.9244,20.6623,106.382,7.38796,34.4678,75.433,8.35438,98.0618,97.2726,-11.9647,87.3132,90.3574,-11.3768,120.104,117.935,-11.8345,105.727,
30.9486,9.10903,14.9244,20.6623,106.382,7.38796,34.4678,75.433,8.35438,98.0618,97.2726,-11.9647,87.3132,90.3574,-11.3768,120.104,117.935,-11.8345,105.727,
34.3766,7.43824,20.4828,15.6166,106.919,6.87691,36.3991,72.5423,8.12203,96.7009,99.4807,-11.6912,84.8602,93.0252,-10.2879,121.436,115.097,-11.2479,106.287,
34.3766,7.43824,20.4828,15.6166,106.919,6.87691,36.3991,72.5423,8.12203,96.7009,99.4807,-11.6912,84.8602,93.0252,-10.2879,121.436,115.097,-11.2479,106.287,
40.7609,3.94807,29.4784,0.533331,106.505,6.36573,38.2563,65.7441,7.77492,96.1312,102.557,-9.86539,83.3494,95.2225,-9.22324,122.711,103.09,-7.14821,105.128,
40.7609,3.94807,29.4784,0.533331,106.505,6.36573,38.2563,65.7441,7.77492,96.1312,102.557,-9.86539,83.3494,95.2225,-9.22324,122.711,103.09,-7.14821,105.128,
40.9745,2.17349,31.7092,-11.4943,105.792,5.96825,37.9499,64.8176,6.46333,93.128,103.619,-9.76932,82.599,96.5268,-8.46092,123.474,92.1243,-3.28977,104.363,
40.9745,2.17349,31.7092,-11.4943,105.792,5.96825,37.9499,64.8176,6.46333,93.128,103.619,-9.76932,82.599,96.5268,-8.46092,123.474,92.1243,-3.28977,104.363,
40.7696,2.56642,32.4226,-17.6487,106.185,5.77269,37.6781,65.4154,5.20368,91.6199,103.619,-9.76932,82.599,97.838,-7.74531,124.312,85.9699,-1.19869,104.436,
40.7696,2.56642,32.4226,-17.6487,106.185,5.77269,37.6781,65.4154,5.20368,91.6199,103.619,-9.76932,82.599,97.838,-7.74531,124.312,85.9699,-1.19869,104.436,
41.7494,-0.427885,35.1431,-21.6228,107.165,5.69067,38.3882,65.4154,5.20368,91.6199,107.593,-8.83944,79.329,100.558,-6.28152,125.197,85.9699,-1.19869,104.436,
41.7494,-0.427885,35.1431,-21.6228,107.165,5.69067,38.3882,65.4154,5.20368,91.6199,107.593,-8.83944,79.329,100.558,-6.28152,125.197,85.9699,-1.19869,104.436,
40.8974,-2.41245,36.5796,-36.6122,107.556,5.59819,38.6376,66.6589,3.69809,90.4297,109.969,-8.21502,78.3282,103.238,-4.8808,125.216,73.3565,4.28428,105.828,
40.8974,-2.41245,36.5796,-36.6122,107.556,5.59819,38.6376,66.6589,3.69809,90.4297,109.969,-8.21502,78.3282,103.238,-4.8808,125.216,73.3565,4.28428,105.828,
34.9749,-2.45926,31.3757,-55.3929,108.173,5.29813,38.7873,73.198,3.98434,91.4689,110.632,-7.9949,78.1624,104.574,-4.0492,125.086,55.2392,11.86,101.563,
34.9749,-2.45926,31.3757,-55.3929,108.173,5.29813,38.7873,73.198,3.98434,91.4689,110.632,-7.9949,78.1624,104.574,-4.0492,125.086,55.2392,11.86,101.563,
34.8368,-2.76409,34.8736,-60.442,107.868,5.45676,38.9543,73.0313,4.92882,93.2455,110.632,-7.9949,78.1624,107.905,-1.97767,125.094,50.1902,12.4666,99.0058,
34.8368,-2.76409,34.8736,-60.442,107.868,5.45676,38.9543,73.0313,4.92882,93.2455,110.632,-7.9949,78.1624,107.905,-1.97767,125.094,50.1902,12.4666,99.0058,
35.4419,-0.676068,39.5335,-58.959,108.473,5.91283,39.2908,73.0313,4.92882,93.2455,109.149,-7.64892,78.8853,112.565,0.792161,125.19,50.1902,12.4666,99.0058,
35.4419,-0.676068,39.5335,-58.959,108.473,5.91283,39.2908,73.0313,4.92882,93.2455,109.149,-7.64892,78.8853,112.565,0.792161,125.19,50.1902,12.4666,99.0058,
36.8073,1.96579,43.0724,-53.4694,109.002,6.38122,39.1568,72.1943,7.15712,90.2939,107.036,-7.89298,78.5113,115.267,2.55244,124.894,53.5664,14.7473,100.112,
36.8073,1.96579,43.0724,-53.4694,109.002,6.38122,39.1568,72.1943,7.15712,90.2939,107.036,-7.89298,78.5113,115.267,2.55244,124.894,53.5664,14.7473,100.112,
26.4027,4.59032,35.8169,-48.0479,108.748,6.46724,38.6558,82.3455,9.25974,95.4054,104.158,-7.77816,79.0484,118.162,4.7374,124.223,56.11,12.497,100.098,
26.4027,4.59032,35.8169,-48.0479,108.748,6.46724,38.6558,82.3455,9.25974,95.4054,104.158,-7.77816,79.0484,118.162,4.7374,124.223,56.11,12.497,100.098,
26.1936,4.38125,35.8169,-45.3087,108.539,6.36633,38.6479,82.3455,9.25974,95.4054,104.158,-7.77816,79.0484,118.162,4.7374,124.223,58.8492,10.9186,100.876,
26.1936,4.38125,35.8169,-45.3087,108.539,6.36633,38.6479,82.3455,9.25974,95.4054,104.158,-7.77816,79.0484,118.162,4.7374,124.223,58.8492,10.9186,100.876,
22.8384,16.3275,40.8684,-32.9567,108.133,6.15446,39.1285,85.2949,8.73121,93.6244,91.8058,-7.38614,76.209,126.163,15.909,117.866,58.8492,10.9186,100.876,
22.8384,16.3275,40.8684,-32.9567,108.133,6.15446,39.1285,85.2949,8.73121,93.6244,91.8058,-7.38614,76.209,126.163,15.909,117.866,58.8492,10.9186,100.876,
19.2624,21.8316,44.8691,-18.5084,108.406,5.94538,39.0242,89.1434,11.2179,95.3727,86.5742,-9.66776,74.7246,134.012,19.3963,119.019,68.0658,9.28713,101.269,
19.2624,21.8316,44.8691,-18.5084,108.406,5.94538,39.0242,89.1434,11.2179,95.3727,86.5742,-9.66776,74.7246,134.012,19.3963,119.019,68.0658,9.28713,101.269,
17.7128,22.6068,43.1887,-17.0257,109.181,5.34011,39.1045,91.4682,11.6946,95.6918,86.5742,-9.66776,74.7246,134.657,19.4422,119.919,69.5485,8.5706,101.174,
17.7128,22.6068,43.1887,-17.0257,109.181,5.34011,39.1045,91.4682,11.6946,95.6918,86.5742,-9.66776,74.7246,134.657,19.4422,119.919,69.5485,8.5706,101.174,
14.8166,29.9141,40.626,-7.89576,108.52,4.84429,39.8321,93.7031,11.785,97.3533,78.6057,-10.5919,82.0335,134.329,18.1381,120.802,70.7099,7.83373,101.116,
14.8166,29.9141,40.626,-7.89576,108.52,4.84429,39.8321,93.7031,11.785,97.3533,78.6057,-10.5919,82.0335,134.329,18.1381,120.802,70.7099,7.83373,101.116,
12.1962,36.2169,28.6549,-2.5182,109.445,6.54348,37.3674,97.2488,10.7601,99.8291,73.2281,-11.8478,84.928,125.904,13.0865,121.82,70.7099,7.83373,101.116,
12.1962,36.2169,28.6549,-2.5182,109.445,6.54348,37.3674,97.2488,10.7601,99.8291,73.2281,-11.8478,84.928,125.904,13.0865,121.82,70.7099,7.83373,101.116,
9.70646,37.0636,23.3464,2.92175,108.262,6.94402,35.5629,98.5554,10.2522,100.181,71.1983,-12.7758,85.7172,121.902,10.8562,122.063,74.12,5.82312,99.1475,
9.70646,37.0636,23.3464,2.92175,108.262,6.94402,35.5629,98.5554,10.2522,100.181,71.1983,-12.7758,85.7172,121.902,10.8562,122.063,74.12,5.82312,99.1475,
8.51777,37.7551,17.5568,4.61695,108.262,6.94402,35.5629,99.7441,9.79544,100.431,70.5068,-13.7559,86.4843,117.301,8.3311,122.478,75.1237,5.18201,98.5977,
8.51777,37.7551,17.5568,4.61695,108.262,6.94402,35.5629,99.7441,9.79544,100.431,70.5068,-13.7559,86.4843,117.301,8.3311,122.478,75.1237,5.18201,98.5977,
6.38589,37.8419,-1.68768,5.73554,108.404,6.97703,36.2303,102.018,9.4217,100.886,70.5623,-13.3901,89.3517,100.331,0.0972001,122.2,76.2978,4.60246,98.0142,
6.38589,37.8419,-1.68768,5.73554,108.404,6.97703,36.2303,102.018,9.4217,100.886,70.5623,-13.3901,89.3517,100.331,0.0972001,122.2,76.2978,4.60246,98.0142,
6.63976,38.3296,-15.1096,7.4826,109.864,7.64234,37.0986,103.224,9.44967,101.967,71.5345,-12.2646,90.0954,88.1147,-6.56239,121.196,79.0171,3.56916,96.8611,
6.63976,38.3296,-15.1096,7.4826,109.864,7.64234,37.0986,103.224,9.44967,101.967,71.5345,-12.2646,90.0954,88.1147,-6.56239,121.196,79.0171,3.56916,96.8611,
4.51278,36.7139,-24.0543,9.34068,110.84,8.10174,37.3141,106.327,9.47714,103.538,74.1259,-10.4695,91.7945,82.2727,-10.1685,122.265,83.4665,2.194,96.3021,
4.51278,36.7139,-24.0543,9.34068,110.84,8.10174,37.3141,106.327,9.47714,103.538,74.1259,-10.4695,91.7945,82.2727,-10.1685,122.265,83.4665,2.194,96.3021,
4.56697,36.8799,-24.1661,11.3934,111.006,7.98662,37.7745,106.439,9.59336,103.788,74.1259,-10.4695,91.7945,82.2727,-10.1685,122.265,85.5193,1.50321,96.2302,
4.56697,36.8799,-24.1661,11.3934,111.006,7.98662,37.7745,106.439,9.59336,103.788,74.1259,-10.4695,91.7945,82.2727,-10.1685,122.265,85.5193,1.50321,96.2302,
3.79831,34.8324,-34.912,10.2211,110.131,7.53349,38.7004,106.332,9.61695,104.04,75.2982,-9.51028,93.5204,71.4202,-14.804,128.401,85.5193,1.50321,96.2302,
3.79831,34.8324,-34.912,10.2211,110.131,7.53349,38.7004,106.332,9.61695,104.04,75.2982,-9.51028,93.5204,71.4202,-14.804,128.401,85.5193,1.50321,96.2302,
3.79831,40.4576,-37.6613,15.8463,110.131,7.53349,38.7004,106.332,9.61695,104.04,69.673,-9.91706,94.6473,68.671,-15.7807,131.259,85.5193,1.50321,96.2302,
3.79831,40.4576,-37.6613,15.8463,110.131,7.53349,38.7004,106.332,9.61695,104.04,69.673,-9.91706,94.6473,68.671,-15.7807,131.259,85.5193,1.50321,96.2302,
5.61479,36.2223,-29.3459,26.3336,109.392,7.17349,39.8574,103.777,8.27164,106.325,73.1692,-11.1602,95.4984,74.4309,-17.2309,124.281,99.5029,-2.97161,96.6336,
5.61479,36.2223,-29.3459,26.3336,109.392,7.17349,39.8574,103.777,8.27164,106.325,73.1692,-11.1602,95.4984,74.4309,-17.2309,124.281,99.5029,-2.97161,96.6336,
14.042,37.2487,-21.9451,29.552,110.418,7.74211,38.5476,96.376,6.96717,102.289,73.1692,-11.1602,95.4984,74.4309,-17.2309,124.281,102.721,-4.41364,98.0496,
14.042,37.2487,-21.9451,29.552,110.418,7.74211,38.5476,96.376,6.96717,102.289,73.1692,-11.1602,95.4984,74.4309,-17.2309,124.281,102.721,-4.41364,98.0496,
13.7963,24.7412,-14.1038,17.2903,110.172,8.55423,34.9433,96.376,6.96717,102.289,85.431,-11.2436,90.9642,82.2722,-15.58,117.23,102.721,-4.41364,98.0496,
13.7963,24.7412,-14.1038,17.2903,110.172,8.55423,34.9433,96.376,6.96717,102.289,85.431,-11.2436,90.9642,82.2722,-15.58,117.23,102.721,-4.41364,98.0496,
20.5217,24.4735,-1.94556,33.2435,109.463,8.91004,32.4822,88.9416,5.3406,111.899,84.9898,-12.2875,90.75,86.996,-14.3912,116.453,118.233,-14.7765,107.96,
20.5217,24.4735,-1.94556,33.2435,109.463,8.91004,32.4822,88.9416,5.3406,111.899,84.9898,-12.2875,90.75,86.996,-14.3912,116.453,118.233,-14.7765,107.96,
27.2165,22.1249,5.57372,32.7197,110.121,9.9331,30.4009,82.9047,7.72501,109.572,87.9963,-13.4539,87.8914,88.4784,-13.3654,117.341,120.716,-16.0472,107.138,
27.2165,22.1249,5.57372,32.7197,110.121,9.9331,30.4009,82.9047,7.72501,109.572,87.9963,-13.4539,87.8914,88.4784,-13.3654,117.341,120.716,-16.0472,107.138,
27.2971,22.2055,5.57372,34.1261,110.202,10.1927,30.4492,82.9047,7.72501,109.572,87.9963,-13.4539,87.8914,88.4784,-13.3654,117.341,122.122,-16.1857,104.629,
27.2971,22.2055,5.57372,34.1261,110.202,10.1927,30.4492,82.9047,7.72501,109.572,87.9963,-13.4539,87.8914,88.4784,-13.3654,117.341,122.122,-16.1857,104.629,
30.1488,13.8474,13.3478,26.8848,109.085,10.0375,31.7717,78.9362,7.60804,103.812,95.2375,-14.0644,84.7763,92.284,-11.5049,116.034,122.122,-16.1857,104.629,
30.1488,13.8474,13.3478,26.8848,109.085,10.0375,31.7717,78.9362,7.60804,103.812,95.2375,-14.0644,84.7763,92.284,-11.5049,116.034,122.122,-16.1857,104.629,
42.7057,12.7765,26.4877,13.3532,110.465,9.28429,33.7664,67.7593,7.40935,93.0875,97.6884,-13.4152,83.4521,94.247,-10.7658,116.35,111.042,-12.6009,99.5106,
42.7057,12.7765,26.4877,13.3532,110.465,9.28429,33.7664,67.7593,7.40935,93.0875,97.6884,-13.4152,83.4521,94.247,-10.7658,116.35,111.042,-12.6009,99.5106,
44.7057,12.565,28.4235,7.69939,111.432,9.0059,34.3019,66.7259,7.34918,91.1351,98.8666,-12.7133,82.8183,95.1494,-10.2184,116.715,106.566,-11.3925,98.4225,
44.7057,12.565,28.4235,7.69939,111.432,9.0059,34.3019,66.7259,7.34918,91.1351,98.8666,-12.7133,82.8183,95.1494,-10.2184,116.715,106.566,-11.3925,98.4225,
45.2967,11.6312,31.1345,2.53977,110.498,8.85135,32.9457,65.2011,7.11301,88.794,98.8666,-12.7133,82.8183,96.3356,-9.66992,116.752,101.406,-9.98586,97.5338,
45.2967,11.6312,31.1345,2.53977,110.498,8.85135,32.9457,65.2011,7.11301,88.794,98.8666,-12.7133,82.8183,96.3356,-9.66992,116.752,101.406,-9.98586,97.5338,
43.9803,5.86418,34.8432,-1.91088,109.181,8.26648,31.0877,65.2011,7.11301,88.794,103.317,-11.7116,79.7059,100.044,-7.37955,118.515,101.406,-9.98586,97.5338,
43.9803,5.86418,34.8432,-1.91088,109.181,8.26648,31.0877,65.2011,7.11301,88.794,103.317,-11.7116,79.7059,100.044,-7.37955,118.515,101.406,-9.98586,97.5338,
45.8681,4.88681,37.7088,-27.7342,109.584,8.09576,30.3779,63.7154,3.04253,78.9008,104.697,-11.2158,78.0455,101.424,-6.74925,119.303,76.9626,-1.29151,97.4821,
45.8681,4.88681,37.7088,-27.7342,109.584,8.09576,30.3779,63.7154,3.04253,78.9008,104.697,-11.2158,78.0455,101.424,-6.74925,119.303,76.9626,-1.29151,97.4821,
45.3454,3.96927,38.1025,-35.3908,110.048,7.93733,29.8986,64.7022,1.58286,77.815,106.078,-10.7766,76.8242,102.805,-6.20038,120.176,70.6876,2.20203,97.8582,
45.3454,3.96927,38.1025,-35.3908,110.048,7.93733,29.8986,64.7022,1.58286,77.815,106.078,-10.7766,76.8242,102.805,-6.20038,120.176,70.6876,2.20203,97.8582,
42.3517,0.176466,39.0103,-45.3287,110.042,7.9795,29.1019,67.6906,2.15747,78.6017,109.866,-9.73212,74.937,106.701,-4.22639,121.303,64.5371,5.56223,96.918,
42.3517,0.176466,39.0103,-45.3287,110.042,7.9795,29.1019,67.6906,2.15747,78.6017,109.866,-9.73212,74.937,106.701,-4.22639,121.303,64.5371,5.56223,96.918,
38.3708,-2.71288,38.7837,-57.243,107.678,8.18835,28.2458,69.3077,3.30499,79.8261,110.391,-9.5374,74.8973,108.091,-3.60362,121.52,53.1484,9.59497,92.1005,
38.3708,-2.71288,38.7837,-57.243,107.678,8.18835,28.2458,69.3077,3.30499,79.8261,110.391,-9.5374,74.8973,108.091,-3.60362,121.52,53.1484,9.59497,92.1005,
39.4265,-3.92291,41.8955,-64.0607,107.052,8.22634,28.0394,67.6255,5.55768,82.4053,110.975,-9.22831,74.078,109.521,-2.96989,121.849,46.9142,11.6495,89.0019,
39.4265,-3.92291,41.8955,-64.0607,107.052,8.22634,28.0394,67.6255,5.55768,82.4053,110.975,-9.22831,74.078,109.521,-2.96989,121.849,46.9142,11.6495,89.0019,
43.1644,-3.61563,47.2949,-61.7999,107.359,8.56739,27.8366,64.1949,7.91895,79.754,110.975,-9.22831,74.078,111.49,-2.02432,121.961,49.175,10.6928,88.9055,
43.1644,-3.61563,47.2949,-61.7999,107.359,8.56739,27.8366,64.1949,7.91895,79.754,110.975,-9.22831,74.078,111.49,-2.02432,121.961,49.175,10.6928,88.9055,
40.7108,-0.994017,49.1915,-55.7942,107.577,8.69113,27.7423,66.8661,8.32398,79.67,108.571,-9.19589,71.0274,116.058,0.632575,121.28,52.7768,9.92746,89.7291,
40.7108,-0.994017,49.1915,-55.7942,107.577,8.69113,27.7423,66.8661,8.32398,79.67,108.571,-9.19589,71.0274,116.058,0.632575,121.28,52.7768,9.92746,89.7291,
41.1003,2.6187,51.5956,-52.5709,107.966,8.88219,27.8462,66.8661,8.32398,79.67,105.348,-9.16358,72.2965,118.462,2.62748,120.308,52.7768,9.92746,89.7291,
41.1003,2.6187,51.5956,-52.5709,107.966,8.88219,27.8462,66.8661,8.32398,79.67,105.348,-9.16358,72.2965,118.462,2.62748,120.308,52.7768,9.92746,89.7291,
28.802,13.7936,45.9316,-36.8596,108.233,8.90653,29.1261,79.4313,8.63803,82.0778,94.4397,-7.41352,72.894,125.363,13.2468,112.328,57.5801,10.4641,92.0109,
28.802,13.7936,45.9316,-36.8596,108.233,8.90653,29.1261,79.4313,8.63803,82.0778,94.4397,-7.41352,72.894,125.363,13.2468,112.328,57.5801,10.4641,92.0109,
29.7317,13.259,47.3959,-27.202,107.699,8.97148,30.2833,77.967,7.85021,79.7381,94.4397,-7.41352,72.894,125.363,13.2468,112.328,67.2377,8.78078,95.0823,
29.7317,13.259,47.3959,-27.202,107.699,8.97148,30.2833,77.967,7.85021,79.7381,94.4397,-7.41352,72.894,125.363,13.2468,112.328,67.2377,8.78078,95.0823,
30.4715,17.323,55.4701,-23.9637,108.524,8.80847,28.8843,78.0529,8.76799,80.6815,91.2014,-8.21667,64.7999,133.523,18.2571,111.725,67.2377,8.78078,95.0823,
30.4715,17.323,55.4701,-23.9637,108.524,8.80847,28.8843,78.0529,8.76799,80.6815,91.2014,-8.21667,64.7999,133.523,18.2571,111.725,67.2377,8.78078,95.0823,
27.1091,28.5813,50.314,-9.70392,109.239,8.58521,28.3087,82.1295,10.9926,79.5136,80.6572,-10.2951,72.58,132.443,18.6679,112.321,70.9533,6.80037,94.3533,
27.1091,28.5813,50.314,-9.70392,109.239,8.58521,28.3087,82.1295,10.9926,79.5136,80.6572,-10.2951,72.58,132.443,18.6679,112.321,70.9533,6.80037,94.3533,
24.0013,32.8631,44.4972,-1.3115,109.735,8.38901,28.4504,85.7336,12.8617,85.2356,76.8718,-10.4715,75.6714,130.231,18.0194,112.41,75.5603,5.35472,95.014,
24.0013,32.8631,44.4972,-1.3115,109.735,8.38901,28.4504,85.7336,12.8617,85.2356,76.8718,-10.4715,75.6714,130.231,18.0194,112.41,75.5603,5.35472,95.014,
21.6759,32.4005,42.6344,0.0826204,109.272,9.01262,28.8515,87.5964,12.8441,87.6071,76.8718,-10.4715,75.6714,130.231,18.0194,112.41,76.9544,5.0054,94.9659,
21.6759,32.4005,42.6344,0.0826204,109.272,9.01262,28.8515,87.5964,12.8441,87.6071,76.8718,-10.4715,75.6714,130.231,18.0194,112.41,76.9544,5.0054,94.9659,
19.3324,37.1083,30.0117,4.8487,109.214,9.35229,28.5938,89.8817,12.7585,89.4385,72.1057,-11.3934,78.329,119.893,12.8833,112.959,76.9544,5.0054,94.9659,
19.3324,37.1083,30.0117,4.8487,109.214,9.35229,28.5938,89.8817,12.7585,89.4385,72.1057,-11.3934,78.329,119.893,12.8833,112.959,76.9544,5.0054,94.9659,
11.6458,37.7412,13.9863,8.69399,108.298,9.69728,28.1751,96.6524,11.7808,93.0489,70.557,-13.905,81.4583,110.639,7.4826,114.818,79.251,4.23901,95.3101,
11.6458,37.7412,13.9863,8.69399,108.298,9.69728,28.1751,96.6524,11.7808,93.0489,70.557,-13.905,81.4583,110.639,7.4826,114.818,79.251,4.23901,95.3101,
8.18345,35.59,6.99198,11.3175,106.386,9.33107,29.0285,98.2029,11.8238,92.7452,70.7964,-13.8629,83.2652,105.195,4.58118,115.598,82.1139,3.55191,95.1093,
8.18345,35.59,6.99198,11.3175,106.386,9.33107,29.0285,98.2029,11.8238,92.7452,70.7964,-13.8629,83.2652,105.195,4.58118,115.598,82.1139,3.55191,95.1093,
4.83341,35.8436,-2.52658,12.2648,106.64,9.49643,30.6705,101.807,11.691,93.0866,70.7964,-13.8629,83.2652,99.28,1.55948,115.895,83.0612,3.16448,94.6561,
4.83341,35.8436,-2.52658,12.2648,106.64,9.49643,30.6705,101.807,11.691,93.0866,70.7964,-13.8629,83.2652,99.28,1.55948,115.895,83.0612,3.16448,94.6561,
5.23441,35.4438,-14.4555,11.464,107.041,10.2842,31.4734,101.807,11.691,93.0866,71.5971,-12.1307,86.6612,87.351,-5.54776,115.029,83.0612,3.16448,94.6561,
5.23441,35.4438,-14.4555,11.464,107.041,10.2842,31.4734,101.807,11.691,93.0866,71.5971,-12.1307,86.6612,87.351,-5.54776,115.029,83.0612,3.16448,94.6561,
2.79336,31.2059,-27.8398,11.8889,107.076,10.2626,32.243,104.282,11.1536,94.0554,75.8697,-9.83925,89.3017,76.4424,-13.5498,117.382,87.7586,1.55279,91.9442,
2.79336,31.2059,-27.8398,11.8889,107.076,10.2626,32.243,104.282,11.1536,94.0554,75.8697,-9.83925,89.3017,76.4424,-13.5498,117.382,87.7586,1.55279,91.9442,
2.58769,31.2923,-33.4939,11.8889,107.162,10.1981,32.4917,104.574,11.1954,93.8362,75.8697,-9.83925,89.3017,71.0803,-16.1998,120.211,87.7586,1.55279,91.9442,
2.58769,31.2923,-33.4939,11.8889,107.162,10.1981,32.4917,104.574,11.1954,93.8362,75.8697,-9.83925,89.3017,71.0803,-16.1998,120.211,87.7586,1.55279,91.9442,
2.68457,31.2259,-39.8881,16.2254,107.351,10.1212,33.2606,104.667,10.7553,96.1485,76.1251,-9.21399,89.9048,64.7784,-19.1022,123.545,92.3505,0.126418,91.325,
2.68457,31.2259,-39.8881,16.2254,107.351,10.1212,33.2606,104.667,10.7553,96.1485,76.1251,-9.21399,89.9048,64.7784,-19.1022,123.545,92.3505,0.126418,91.325,
2.92193,37.8044,-33.7425,22.5665,107.588,10.2744,34.1384,104.667,10.7553,96.1485,69.784,-9.99191,89.8517,70.924,-19.3879,119.781,92.3505,0.126418,91.325,
2.92193,37.8044,-33.7425,22.5665,107.588,10.2744,34.1384,104.667,10.7553,96.1485,69.784,-9.99191,89.8517,70.924,-19.3879,119.781,92.3505,0.126418,91.325,
4.59989,31.0679,-26.3794,27.7895,107.253,10.2892,34.9474,102.653,9.80966,97.8646,76.1851,-13.5895,88.1837,76.2737,-20.0198,115.251,103.975,-4.01239,93.6321,
4.59989,31.0679,-26.3794,27.7895,107.253,10.2892,34.9474,102.653,9.80966,97.8646,76.1851,-13.5895,88.1837,76.2737,-20.0198,115.251,103.975,-4.01239,93.6321,
15.4866,23.8466,-15.3488,23.274,107.109,10.3316,35.0138,91.6225,6.20737,93.8569,83.2625,-13.8882,82.6098,76.2737,-20.0198,115.251,106.536,-6.24764,97.0077,
15.4866,23.8466,-15.3488,23.274,107.109,10.3316,35.0138,91.6225,6.20737,93.8569,83.2625,-13.8882,82.6098,76.2737,-20.0198,115.251,106.536,-6.24764,97.0077,
16.1123,19.1662,-8.28548,23.4258,105.708,10.3128,33.6193,89.596,5.28133,99.2054,86.5422,-11.8528,88.615,81.3106,-17.2323,115.075,109.968,-9.43943,101.073,
16.1123,19.1662,-8.28548,23.4258,105.708,10.3128,33.6193,89.596,5.28133,99.2054,86.5422,-11.8528,88.615,81.3106,-17.2323,115.075,109.968,-9.43943,101.073,
15.6895,18.7434,-5.68653,23.4258,105.286,10.3302,32.7359,89.596,5.28133,99.2054,86.5422,-11.8528,88.615,83.9095,-16.339,115.008,109.968,-9.43943,101.073,
15.6895,18.7434,-5.68653,23.4258,105.286,10.3302,32.7359,89.596,5.28133,99.2054,86.5422,-11.8528,88.615,83.9095,-16.339,115.008,109.968,-9.43943,101.073,
23.7014,21.2548,5.15723,35.4024,105.905,10.4895,32.2038,82.2039,8.59364,107.842,84.6505,-12.9794,90.1895,87.3611,-13.8092,116.764,120.053,-13.8707,103.632,
23.7014,21.2548,5.15723,35.4024,105.905,10.4895,32.2038,82.2039,8.59364,107.842,84.6505,-12.9794,90.1895,87.3611,-13.8092,116.764,120.053,-13.8707,103.632,
33.1618,22.1621,15.2559,35.6165,106.813,11.5147,32.8358,73.6508,7.11435,97.2824,84.6505,-12.9794,90.1895,88.9067,-12.8919,116.756,120.267,-15.8541,102.307,
33.1618,22.1621,15.2559,35.6165,106.813,11.5147,32.8358,73.6508,7.11435,97.2824,84.6505,-12.9794,90.1895,88.9067,-12.8919,116.756,120.267,-15.8541,102.307,
33.5673,12.2791,22.4392,28.4628,104.083,11.7302,34.5892,70.516,6.6264,94.9848,91.8042,-13.1505,87.5442,92.9553,-11.4101,116.253,120.267,-15.8541,102.307,
33.5673,12.2791,22.4392,28.4628,104.083,11.7302,34.5892,70.516,6.6264,94.9848,91.8042,-13.1505,87.5442,92.9553,-11.4101,116.253,120.267,-15.8541,102.307,
33.3144,3.72563,24.5786,20.1623,103.83,11.1709,34.9882,70.516,6.6264,94.9848,100.105,-11.6779,83.349,95.0946,-10.4555,117.6,120.267,-15.8541,102.307,
33.3144,3.72563,24.5786,20.1623,103.83,11.1709,34.9882,70.516,6.6264,94.9848,100.105,-11.6779,83.349,95.0946,-10.4555,117.6,120.267,-15.8541,102.307,
38.7556,3.29261,30.4529,2.67896,103.397,10.3572,36.3342,64.6417,7.89307,91.3554,100.105,-11.6779,83.349,95.0946,-10.4555,117.6,102.784,-10.9045,100.46,
38.7556,3.29261,30.4529,2.67896,103.397,10.3572,36.3342,64.6417,7.89307,91.3554,100.105,-11.6779,83.349,95.0946,-10.4555,117.6,102.784,-10.9045,100.46,
39.1687,1.26926,32.5623,-4.56906,102.89,10.1869,37.0785,63.7213,6.98027,88.5779,101.621,-11.6078,82.5802,96.2836,-9.69961,118.437,97.0517,-9.05801,99.9757,
39.1687,1.26926,32.5623,-4.56906,102.89,10.1869,37.0785,63.7213,6.98027,88.5779,101.621,-11.6078,82.5802,96.2836,-9.69961,118.437,97.0517,-9.05801,99.9757,
39.5257,-2.16757,35.4609,-13.8907,102.723,10.2027,37.3144,63.1971,5.45931,85.7491,104.89,-11.163,81.2767,98.6581,-8.10592,120.347,90.9998,-7.0706,99.2846,
39.5257,-2.16757,35.4609,-13.8907,102.723,10.2027,37.3144,63.1971,5.45931,85.7491,104.89,-11.163,81.2767,98.6581,-8.10592,120.347,90.9998,-7.0706,99.2846,
39.6267,-6.23999,37.9692,-30.9581,102.824,10.2972,37.2184,63.1971,5.45931,85.7491,109.064,-9.72256,79.8222,101.166,-6.90023,122.019,78.1058,-2.207,99.8378,
39.6267,-6.23999,37.9692,-30.9581,102.824,10.2972,37.2184,63.1971,5.45931,85.7491,109.064,-9.72256,79.8222,101.166,-6.90023,122.019,78.1058,-2.207,99.8378,
39.0039,-6.72891,38.6711,-44.9206,103.695,9.9664,36.6197,64.6909,1.27556,87.5675,110.424,-9.32981,79.4557,103.362,-5.72262,122.328,65.5032,4.36572,99.6006,
39.0039,-6.72891,38.6711,-44.9206,103.695,9.9664,36.6197,64.6909,1.27556,87.5675,110.424,-9.32981,79.4557,103.362,-5.72262,122.328,65.5032,4.36572,99.6006,
37.8077,-6.32985,37.0759,-56.2651,104.094,9.35196,36.4736,66.2861,1.5338,87.5789,110.424,-9.32981,79.4557,103.362,-5.72262,122.328,54.1586,8.54883,95.444,
37.8077,-6.32985,37.0759,-56.2651,104.094,9.35196,36.4736,66.2861,1.5338,87.5789,110.424,-9.32981,79.4557,103.362,-5.72262,122.328,54.1586,8.54883,95.444,
35.7248,-6.95392,37.3718,-57.0335,104.238,8.99912,36.0617,68.5134,3.328,89.9098,111.192,-8.73998,78.4659,105.885,-4.2809,122.177,54.1586,8.54883,95.444,
35.7248,-6.95392,37.3718,-57.0335,104.238,8.99912,36.0617,68.5134,3.328,89.9098,111.192,-8.73998,78.4659,105.885,-4.2809,122.177,54.1586,8.54883,95.444,
40.2725,-5.81175,47.6593,-61.7268,104.847,9.15312,35.2756,64.5745,6.39925,91.0756,110.659,-8.78211,77.6333,112.234,-0.855459,122.256,48.932,11.4271,94.6154,
40.2725,-5.81175,47.6593,-61.7268,104.847,9.15312,35.2756,64.5745,6.39925,91.0756,110.659,-8.78211,77.6333,112.234,-0.855459,122.256,48.932,11.4271,94.6154,
40.7171,-5.36712,47.6593,-58.3383,105.292,9.15712,35.3973,64.5745,6.39925,91.0756,110.659,-8.78211,77.6333,112.234,-0.855459,122.256,52.3205,10.3777,95.2167,
40.7171,-5.36712,47.6593,-58.3383,105.292,9.15712,35.3973,64.5745,6.39925,91.0756,110.659,-8.78211,77.6333,112.234,-0.855459,122.256,52.3205,10.3777,95.2167,
34.134,-2.88001,45.515,-52.3419,106.287,9.25975,35.4367,72.1534,7.86479,89.8132,109.167,-8.86379,76.9299,117.668,2.74637,121.227,56.8255,11.092,96.8197,
34.134,-2.88001,45.515,-52.3419,106.287,9.25975,35.4367,72.1534,7.86479,89.8132,109.167,-8.86379,76.9299,117.668,2.74637,121.227,56.8255,11.092,96.8197,
29.4899,6.34722,42.4496,-44.0376,107.21,9.76096,35.0353,77.7204,8.39656,92.0391,100.863,-8.78868,80.4773,120.17,5.52398,119.767,56.8255,11.092,96.8197,
29.4899,6.34722,42.4496,-44.0376,107.21,9.76096,35.0353,77.7204,8.39656,92.0391,100.863,-8.78868,80.4773,120.17,5.52398,119.767,56.8255,11.092,96.8197,
26.6496,13.2461,50.3238,-32.3553,106.97,9.86204,34.5949,80.3204,6.9584,87.7598,93.7239,-7.94613,75.0626,130.644,15.8991,114.819,61.3686,7.56102,97.0445,
26.6496,13.2461,50.3238,-32.3553,106.97,9.86204,34.5949,80.3204,6.9584,87.7598,93.7239,-7.94613,75.0626,130.644,15.8991,114.819,61.3686,7.56102,97.0445,
27.5943,15.1319,55.11,-23.4597,106.675,9.64373,35.2679,79.0806,7.48847,90.6438,91.543,-9.01992,71.592,134.191,17.6804,115.11,68.0833,6.72966,96.9696,
27.5943,15.1319,55.11,-23.4597,106.675,9.64373,35.2679,79.0806,7.48847,90.6438,91.543,-9.01992,71.592,134.191,17.6804,115.11,68.0833,6.72966,96.9696,
21.0361,15.0858,49.1492,-22.0858,106.629,9.80049,35.1543,85.5927,10.2652,88.9971,91.543,-9.01992,71.592,134.742,17.576,115.697,69.4573,5.66084,96.2242,
21.0361,15.0858,49.1492,-22.0858,106.629,9.80049,35.1543,85.5927,10.2652,88.9971,91.543,-9.01992,71.592,134.742,17.576,115.697,69.4573,5.66084,96.2242,
21.3454,26.4262,47.3684,-11.0546,106.938,10.0644,33.7628,85.5927,10.2652,88.9971,80.5119,-10.9422,80.4752,132.961,16.9555,116.317,69.4573,5.66084,96.2242,
21.3454,26.4262,47.3684,-11.0546,106.938,10.0644,33.7628,85.5927,10.2652,88.9971,80.5119,-10.9422,80.4752,132.961,16.9555,116.317,69.4573,5.66084,96.2242,
21.7865,32.1212,44.6095,-5.80072,107.379,10.1372,32.9755,85.5927,10.2652,88.9971,75.258,-11.7588,83.235,130.202,16.0355,115.956,69.4573,5.66084,96.2242,
21.7865,32.1212,44.6095,-5.80072,107.379,10.1372,32.9755,85.5927,10.2652,88.9971,75.258,-11.7588,83.235,130.202,16.0355,115.956,69.4573,5.66084,96.2242,
22.4158,33.6582,36.6473,-2.34549,108.008,9.90428,32.0805,85.5927,10.2652,88.9971,74.3502,-12.5003,83.3126,122.24,12.8471,114.618,72.0047,3.45524,95.7824,
22.4158,33.6582,36.6473,-2.34549,108.008,9.90428,32.0805,85.5927,10.2652,88.9971,74.3502,-12.5003,83.3126,122.24,12.8471,114.618,72.0047,3.45524,95.7824,
17.7067,32.5744,23.2165,1.84041,106.925,8.45378,33.7005,89.2179,11.1187,93.7126,74.3502,-12.5003,83.3126,112.434,7.3562,115.271,76.1907,1.59046,93.2169,
17.7067,32.5744,23.2165,1.84041,106.925,8.45378,33.7005,89.2179,11.1187,93.7126,74.3502,-12.5003,83.3126,112.434,7.3562,115.271,76.1907,1.59046,93.2169,
12.3982,31.805,6.54125,4.06079,106.542,8.79497,33.9813,94.1434,9.50464,96.1999,74.7366,-14.5656,87.733,100.685,1.36943,115.252,78.7974,0.252262,91.9291,
12.3982,31.805,6.54125,4.06079,106.542,8.79497,33.9813,94.1434,9.50464,96.1999,74.7366,-14.5656,87.733,100.685,1.36943,115.252,78.7974,0.252262,91.9291,
6.65483,32.4377,-6.47706,6.20307,107.697,10.8612,30.7959,101.042,8.93792,98.5036,75.2593,-13.1841,89.2496,94.5651,-1.93313,115.244,81.4623,-0.654692,91.067,
6.65483,32.4377,-6.47706,6.20307,107.697,10.8612,30.7959,101.042,8.93792,98.5036,75.2593,-13.1841,89.2496,94.5651,-1.93313,115.244,81.4623,-0.654692,91.067,
5.32285,31.5078,-13.5076,6.85825,107.404,11.0491,29.5666,102.081,8.82007,98.9959,75.8964,-11.8018,90.3833,88.5738,-5.41015,115.682,82.7547,-1.03033,90.8705,
5.32285,31.5078,-13.5076,6.85825,107.404,11.0491,29.5666,102.081,8.82007,98.9959,75.8964,-11.8018,90.3833,88.5738,-5.41015,115.682,82.7547,-1.03033,90.8705,
5.12874,31.3137,-13.5076,8.2051,107.21,10.9771,29.3256,102.081,8.82007,98.9959,75.8964,-11.8018,90.3833,88.5738,-5.41015,115.682,84.1015,-1.50474,90.844,
5.12874,31.3137,-13.5076,8.2051,107.21,10.9771,29.3256,102.081,8.82007,98.9959,75.8964,-11.8018,90.3833,88.5738,-5.41015,115.682,84.1015,-1.50474,90.844,
4.55192,30.2514,-31.1782,10.8537,107.09,10.801,29.6719,102.538,8.74253,99.1423,76.8386,-9.82512,91.4576,71.3599,-13.4463,122.839,87.6923,-2.63211,90.8328,
4.55192,30.2514,-31.1782,10.8537,107.09,10.801,29.6719,102.538,8.74253,99.1423,76.8386,-9.82512,91.4576,71.3599,-13.4463,122.839,87.6923,-2.63211,90.8328,
5.09482,36.2818,-37.9754,21.3184,107.633,11.2993,31.0139,102.538,8.74253,99.1423,71.3511,-10.149,92.0402,64.5627,-15.9573,125.752,92.6695,-4.30739,90.6297,
5.09482,36.2818,-37.9754,21.3184,107.633,11.2993,31.0139,102.538,8.74253,99.1423,71.3511,-10.149,92.0402,64.5627,-15.9573,125.752,92.6695,-4.30739,90.6297,
