30.5699,10.3522,38.9949,-35.2175,111.031,-9.41296,-152.111,80.4614,7.53827,-88.051,100.679,-11.0803,-103.699,119.456,0.569589,-60.3589,65.4617,8.20035,-54.6866,
30.5699,10.3522,38.9949,-35.2175,111.031,-9.41296,-152.111,80.4614,7.53827,-88.051,100.679,-11.0803,-103.699,119.456,0.569589,-60.3589,65.4617,8.20035,-54.6866,
24.329,12.6352,35.7445,-30.1978,110.775,-9.41277,-151.841,86.4457,6.46347,-92.3515,98.1395,-10.4209,-104.458,122.19,4.21649,-63.0929,67.9418,4.66966,-56.5823,
24.329,12.6352,35.7445,-30.1978,110.775,-9.41277,-151.841,86.4457,6.46347,-92.3515,98.1395,-10.4209,-104.458,122.19,4.21649,-63.0929,67.9418,4.66966,-56.5823,
24.8925,13.4745,40.5404,-22.571,110.336,-9.22963,-151.235,85.4437,4.07442,-94.9256,96.8617,-9.82391,-108.546,125.984,7.58499,-64.3807,74.2906,4.32516,-54.3919,
24.8925,13.4745,40.5404,-22.571,110.336,-9.22963,-151.235,85.4437,4.07442,-94.9256,96.8617,-9.82391,-108.546,125.984,7.58499,-64.3807,74.2906,4.32516,-54.3919,
20.7244,12.2038,42.2503,-21.1588,109.065,-8.78965,-150.991,88.341,5.82708,-93.9652,96.8617,-9.82391,-108.546,130.591,10.2638,-64.5488,75.7028,4.09726,-55.1423,
20.7244,12.2038,42.2503,-21.1588,109.065,-8.78965,-150.991,88.341,5.82708,-93.9652,96.8617,-9.82391,-108.546,130.591,10.2638,-64.5488,75.7028,4.09726,-55.1423,
21.2986,23.878,45.9954,-10.0587,109.64,-7.63493,-152.239,88.341,5.82708,-93.9652,85.7616,-13.4083,-106.161,134.336,12.0306,-62.1139,75.7028,4.09726,-55.1423,
21.2986,23.878,45.9954,-10.0587,109.64,-7.63493,-152.239,88.341,5.82708,-93.9652,85.7616,-13.4083,-106.161,134.336,12.0306,-62.1139,75.7028,4.09726,-55.1423,
17.5519,29.6553,36.2939,-2.86434,111.226,-7.43988,-154.533,93.6744,9.24667,-89.4111,81.571,-13.5522,-102.491,129.968,9.9338,-61.056,78.7066,2.97486,-54.8913,
17.5519,29.6553,36.2939,-2.86434,111.226,-7.43988,-154.533,93.6744,9.24667,-89.4111,81.571,-13.5522,-102.491,129.968,9.9338,-61.056,78.7066,2.97486,-54.8913,
13.5481,31.2903,33.6122,2.2491,109.904,-8.5453,-153.063,96.3561,9.47394,-86.6545,78.6139,-13.7444,-100.597,129.968,9.9338,-61.056,80.863,2.34536,-55.2132,
13.5481,31.2903,33.6122,2.2491,109.904,-8.5453,-153.063,96.3561,9.47394,-86.6545,78.6139,-13.7444,-100.597,129.968,9.9338,-61.056,80.863,2.34536,-55.2132,
13.0339,30.7761,33.6122,2.2491,109.39,-8.57285,-152.494,96.3561,9.47394,-86.6545,78.6139,-13.7444,-100.597,129.968,9.9338,-61.056,80.863,2.34536,-55.2132,
13.0339,30.7761,33.6122,2.2491,109.39,-8.57285,-152.494,96.3561,9.47394,-86.6545,78.6139,-13.7444,-100.597,129.968,9.9338,-61.056,80.863,2.34536,-55.2132,
10.931,35.975,19.6329,8.46854,109.363,-7.83354,-152.746,98.4317,8.97667,-85.145,73.3877,-15.5138,-99.5846,118.065,5.53779,-61.4074,81.8563,1.93615,-55.9086,
10.931,35.975,19.6329,8.46854,109.363,-7.83354,-152.746,98.4317,8.97667,-85.145,73.3877,-15.5138,-99.5846,118.065,5.53779,-61.4074,81.8563,1.93615,-55.9086,
8.69598,38.5933,6.22313,14.4536,110.467,-6.13887,-155.487,101.771,8.2842,-89.2034,71.8737,-15.1801,-97.078,107.994,1.04557,-60.2269,86.3273,0.263207,-59.3241,
8.69598,38.5933,6.22313,14.4536,110.467,-6.13887,-155.487,101.771,8.2842,-89.2034,71.8737,-15.1801,-97.078,107.994,1.04557,-60.2269,86.3273,0.263207,-59.3241,
4.03203,38.1707,-3.50586,15.904,109.823,-6.19206,-157.263,105.791,7.8426,-88.8122,71.6527,-14.1913,-95.6964,102.286,-1.19446,-60.1085,87.5567,-0.0722559,-60.1703,
4.03203,38.1707,-3.50586,15.904,109.823,-6.19206,-157.263,105.791,7.8426,-88.8122,71.6527,-14.1913,-95.6964,102.286,-1.19446,-60.1085,87.5567,-0.0722559,-60.1703,
1.83592,37.7093,-17.085,17.0343,109.363,-5.7994,-156.661,107.527,7.64701,-88.244,71.6541,-12.9721,-94.7361,90.4424,-6.29074,-60.4784,88.6884,-0.348784,-60.8319,
1.83592,37.7093,-17.085,17.0343,109.363,-5.7994,-156.661,107.527,7.64701,-88.244,71.6541,-12.9721,-94.7361,90.4424,-6.29074,-60.4784,88.6884,-0.348784,-60.8319,
1.39216,34.1564,-28.8736,13.9251,108.92,-5.29134,-156.541,107.527,7.64701,-88.244,74.7632,-10.7398,-95.2862,78.6539,-12.0658,-59.2024,88.6884,-0.348784,-60.8319,
1.39216,34.1564,-28.8736,13.9251,108.92,-5.29134,-156.541,107.527,7.64701,-88.244,74.7632,-10.7398,-95.2862,78.6539,-12.0658,-59.2024,88.6884,-0.348784,-60.8319,
0.231422,33.0202,-35.6198,14.9279,108.807,-5.0661,-156.695,108.576,7.76471,-90.9414,75.7872,-10.9173,-95.4918,72.9563,-14.4354,-57.5631,90.7151,-0.801903,-61.1611,
0.231422,33.0202,-35.6198,14.9279,108.807,-5.0661,-156.695,108.576,7.76471,-90.9414,75.7872,-10.9173,-95.4918,72.9563,-14.4354,-57.5631,90.7151,-0.801903,-61.1611,
0.899734,33.1772,-40.1231,20.5163,108.784,-5.00389,-156.888,107.884,7.73481,-89.7278,75.6067,-11.2235,-96.0096,67.7611,-16.0301,-55.4484,96.123,-2.36968,-61.1351,
0.899734,33.1772,-40.1231,20.5163,108.784,-5.00389,-156.888,107.884,7.73481,-89.7278,75.6067,-11.2235,-96.0096,67.7611,-16.0301,-55.4484,96.123,-2.36968,-61.1351,
1.32932,38.4372,-42.92,28.1325,108.977,-5.03156,-157.206,107.648,7.59699,-88.8663,70.5402,-12.0054,-94.7655,64.7282,-18.3064,-55.1369,98.6727,-3.17044,-61.2787,
1.32932,38.4372,-42.92,28.1325,108.977,-5.03156,-157.206,107.648,7.59699,-88.8663,70.5402,-12.0054,-94.7655,64.7282,-18.3064,-55.1369,98.6727,-3.17044,-61.2787,
1.23765,37.1128,-39.3855,26.8998,108.886,-5.0644,-157.222,107.648,7.59699,-88.8663,71.7729,-12.7305,-93.5341,68.2626,-19.9289,-60.0945,98.6727,-3.17044,-61.2787,
1.23765,37.1128,-39.3855,26.8998,108.886,-5.0644,-157.222,107.648,7.59699,-88.8663,71.7729,-12.7305,-93.5341,68.2626,-19.9289,-60.0945,98.6727,-3.17044,-61.2787,
3.87239,25.1064,-30.8521,26.8996,108.594,-5.06156,-156.429,104.722,7.36288,-92.9734,83.4875,-13.5789,-101.838,73.8695,-20.1258,-65.3461,110.387,-7.70778,-61.7788,
3.87239,25.1064,-30.8521,26.8996,108.594,-5.06156,-156.429,104.722,7.36288,-92.9734,83.4875,-13.5789,-101.838,73.8695,-20.1258,-65.3461,110.387,-7.70778,-61.7788,
12.8007,24.9271,-21.7445,32.9123,108.415,-4.94748,-155.74,95.6139,4.9159,-97.1647,83.4875,-13.5789,-101.838,73.8695,-20.1258,-65.3461,116.4,-14.1246,-55.7644,
12.8007,24.9271,-21.7445,32.9123,108.415,-4.94748,-155.74,95.6139,4.9159,-97.1647,83.4875,-13.5789,-101.838,73.8695,-20.1258,-65.3461,116.4,-14.1246,-55.7644,
15.1489,23.5157,-11.8113,31.1625,108.753,-3.94311,-157.57,93.6041,4.00602,-92.6292,85.2373,-11.4235,-95.2619,81.7928,-17.8072,-67.3865,116.4,-14.1246,-55.7644,
15.1489,23.5157,-11.8113,31.1625,108.753,-3.94311,-157.57,93.6041,4.00602,-92.6292,85.2373,-11.4235,-95.2619,81.7928,-17.8072,-67.3865,116.4,-14.1246,-55.7644,
15.0566,23.4234,-9.7136,31.1625,108.661,-3.43121,-159.444,93.6041,4.00602,-92.6292,85.2373,-11.4235,-95.2619,83.8905,-16.9992,-67.1818,116.4,-14.1246,-55.7644,
15.0566,23.4234,-9.7136,31.1625,108.661,-3.43121,-159.444,93.6041,4.00602,-92.6292,85.2373,-11.4235,-95.2619,83.8905,-16.9992,-67.1818,116.4,-14.1246,-55.7644,
26.913,16.2574,4.31441,36.129,109.196,-2.98719,-161.592,82.2834,7.24336,-92.6456,92.9391,-13.0611,-99.5217,86.5978,-15.2409,-66.5493,129.068,-18.9068,-61.9855,
26.913,16.2574,4.31441,36.129,109.196,-2.98719,-161.592,82.2834,7.24336,-92.6456,92.9391,-13.0611,-99.5217,86.5978,-15.2409,-66.5493,129.068,-18.9068,-61.9855,
31.874,17.5134,9.28115,32.3941,110.453,-2.15455,-162.209,78.5785,7.16084,-96.1526,92.9391,-13.0611,-99.5217,87.8597,-14.7563,-67.0688,125.333,-17.3355,-63.075,
31.874,17.5134,9.28115,32.3941,110.453,-2.15455,-162.209,78.5785,7.16084,-96.1526,92.9391,-13.0611,-99.5217,87.8597,-14.7563,-67.0688,125.333,-17.3355,-63.075,
33.1246,12.7839,15.1286,29.3017,108.815,-1.57827,-159.631,75.6908,7.28861,-97.8811,96.0315,-13.0181,-102.879,90.8195,-13.3318,-66.3604,125.333,-17.3355,-63.075,
33.1246,12.7839,15.1286,29.3017,108.815,-1.57827,-159.631,75.6908,7.28861,-97.8811,96.0315,-13.0181,-102.879,90.8195,-13.3318,-66.3604,125.333,-17.3355,-63.075,
33.214,9.25792,16.044,19.087,108.905,-2.43036,-157.89,75.6908,7.28861,-97.8811,99.6469,-10.6202,-104.787,91.7348,-12.6833,-65.504,118.734,-14.7054,-70.7703,
33.214,9.25792,16.044,19.087,108.905,-2.43036,-157.89,75.6908,7.28861,-97.8811,99.6469,-10.6202,-104.787,91.7348,-12.6833,-65.504,118.734,-14.7054,-70.7703,
40.0483,8.79131,23.1075,8.85415,109.742,-2.9711,-156.991,69.6933,8.76677,-104.844,100.95,-10.1945,-105.189,92.8008,-12.0154,-64.7246,109.804,-11.2034,-71.7693,
40.0483,8.79131,23.1075,8.85415,109.742,-2.9711,-156.991,69.6933,8.76677,-104.844,100.95,-10.1945,-105.189,92.8008,-12.0154,-64.7246,109.804,-11.2034,-71.7693,
40.8226,8.67458,23.9986,3.39908,109.625,-3.03186,-156.899,68.8022,8.24363,-107.316,100.95,-10.1945,-105.189,92.8008,-12.0154,-64.7246,104.349,-9.41404,-72.2568,
40.8226,8.67458,23.9986,3.39908,109.625,-3.03186,-156.899,68.8022,8.24363,-107.316,100.95,-10.1945,-105.189,92.8008,-12.0154,-64.7246,104.349,-9.41404,-72.2568,
40.9396,6.00443,28.377,-4.85342,109.219,-3.05039,-157.255,68.2798,7.2929,-109.863,103.215,-10.187,-107.349,96.6568,-9.93673,-62.275,98.3615,-7.67466,-72.4182,
40.9396,6.00443,28.377,-4.85342,109.219,-3.05039,-157.255,68.2798,7.2929,-109.863,103.215,-10.187,-107.349,96.6568,-9.93673,-62.275,98.3615,-7.67466,-72.4182,
40.9721,1.88596,31.3697,-22.6572,110.148,-3.0352,-157.631,69.1762,4.53908,-107.968,108.262,-8.77657,-110.278,100.546,-8.03772,-62.1702,85.6051,-3.511,-72.8146,
40.9721,1.88596,31.3697,-22.6572,110.148,-3.0352,-157.631,69.1762,4.53908,-107.968,108.262,-8.77657,-110.278,100.546,-8.03772,-62.1702,85.6051,-3.511,-72.8146,
38.8611,1.89466,28.1599,-42.1319,111.247,-3.23542,-157.575,72.386,4.78638,-106.814,109.353,-8.54168,-110.543,100.546,-8.03772,-62.1702,67.2207,5.14517,-74.142,
38.8611,1.89466,28.1599,-42.1319,111.247,-3.23542,-157.575,72.386,4.78638,-106.814,109.353,-8.54168,-110.543,100.546,-8.03772,-62.1702,67.2207,5.14517,-74.142,
37.5937,2.31502,29.0281,-47.4962,111.668,-3.2496,-157.792,74.0739,6.09557,-105.471,109.353,-8.54168,-110.543,103.102,-6.40174,-62.3379,61.8564,7.04992,-76.464,
37.5937,2.31502,29.0281,-47.4962,111.668,-3.2496,-157.792,74.0739,6.09557,-105.471,109.353,-8.54168,-110.543,103.102,-6.40174,-62.3379,61.8564,7.04992,-76.464,
37.8651,2.53699,32.6753,-47.946,112.339,-2.79534,-157.936,74.4742,6.8973,-104.297,109.802,-8.47135,-109.099,107.15,-4.2973,-62.054,61.8564,7.04992,-76.464,
37.8651,2.53699,32.6753,-47.946,112.339,-2.79534,-157.936,74.4742,6.8973,-104.297,109.802,-8.47135,-109.099,107.15,-4.2973,-62.054,61.8564,7.04992,-76.464,
43.8104,4.38652,40.0431,-53.9889,113.364,-2.43595,-157.481,69.5535,8.5837,-102.819,108.977,-8.47952,-109.191,109.597,-3.0284,-61.7176,54.9885,9.83804,-75.2283,
43.8104,4.38652,40.0431,-53.9889,113.364,-2.43595,-157.481,69.5535,8.5837,-102.819,108.977,-8.47952,-109.191,109.597,-3.0284,-61.7176,54.9885,9.83804,-75.2283,
41.1004,6.38085,39.6162,-47.6486,113.643,-2.31933,-157.234,72.5429,10.1489,-104.774,107.262,-8.46887,-109.49,112.159,-1.57127,-61.6008,59.6139,8.9704,-73.9793,
41.1004,6.38085,39.6162,-47.6486,113.643,-2.31933,-157.234,72.5429,10.1489,-104.774,107.262,-8.46887,-109.49,112.159,-1.57127,-61.6008,59.6139,8.9704,-73.9793,
36.6967,15.1774,41.9951,-35.3061,114.478,-1.5685,-156.18,77.7816,10.82,-102.092,99.3009,-8.48348,-108.989,119.777,6.56689,-66.2272,63.9948,8.28426,-71.9215,
36.6967,15.1774,41.9951,-35.3061,114.478,-1.5685,-156.18,77.7816,10.82,-102.092,99.3009,-8.48348,-108.989,119.777,6.56689,-66.2272,63.9948,8.28426,-71.9215,
30.693,20.9986,39.5149,-29.0672,114.061,-1.68811,-154.988,83.3676,11.3504,-98.5917,93.062,-7.66898,-108.974,122.883,10.7216,-68.9712,63.9948,8.28426,-71.9215,
30.693,20.9986,39.5149,-29.0672,114.061,-1.68811,-154.988,83.3676,11.3504,-98.5917,93.062,-7.66898,-108.974,122.883,10.7216,-68.9712,63.9948,8.28426,-71.9215,
29.4964,22.9851,44.1199,-20.9169,112.995,-1.53144,-153.458,83.499,9.98497,-102.249,90.0103,-8.98205,-115.966,127.619,13.6037,-69.0706,69.0934,7.58719,-68.8795,
29.4964,22.9851,44.1199,-20.9169,112.995,-1.53144,-153.458,83.499,9.98497,-102.249,90.0103,-8.98205,-115.966,127.619,13.6037,-69.0706,69.0934,7.58719,-68.8795,
28.6238,24.0396,46.2497,-14.3014,114.05,-1.17775,-154.376,85.4261,13.2469,-99.7189,90.0103,-8.98205,-115.966,131.676,15.3314,-68.1049,75.7089,5.92144,-68.8975,
28.6238,24.0396,46.2497,-14.3014,114.05,-1.17775,-154.376,85.4261,13.2469,-99.7189,90.0103,-8.98205,-115.966,131.676,15.3314,-68.1049,75.7089,5.92144,-68.8975,
25.2791,30.7204,43.7185,-5.8369,113.897,-2.46737,-153.018,88.6181,14.3358,-97.402,83.1768,-10.5873,-110.986,132.337,13.5594,-63.4789,77.3399,4.87528,-69.2618,
25.2791,30.7204,43.7185,-5.8369,113.897,-2.46737,-153.018,88.6181,14.3358,-97.402,83.1768,-10.5873,-110.986,132.337,13.5594,-63.4789,77.3399,4.87528,-69.2618,
24.7009,34.4446,43.7185,-1.53451,113.319,-2.53237,-152.84,88.6181,14.3358,-97.402,78.8744,-10.7446,-106.875,132.337,13.5594,-63.4789,77.3399,4.87528,-69.2618,
24.7009,34.4446,43.7185,-1.53451,113.319,-2.53237,-152.84,88.6181,14.3358,-97.402,78.8744,-10.7446,-106.875,132.337,13.5594,-63.4789,77.3399,4.87528,-69.2618,
16.7877,42.1346,27.4526,11.4049,112.995,-1.98285,-153.226,96.2072,13.7497,-88.7995,70.8602,-12.0564,-101.28,123.66,9.99074,-60.947,82.2651,3.17966,-71.2381,
16.7877,42.1346,27.4526,11.4049,112.995,-1.98285,-153.226,96.2072,13.7497,-88.7995,70.8602,-12.0564,-101.28,123.66,9.99074,-60.947,82.2651,3.17966,-71.2381,
14.8599,42.837,24.8224,12.3494,113.697,-0.678009,-154.365,98.8373,13.1041,-87.9807,70.8602,-12.0564,-101.28,123.66,9.99074,-60.947,83.2096,2.72109,-71.8267,
14.8599,42.837,24.8224,12.3494,113.697,-0.678009,-154.365,98.8373,13.1041,-87.9807,70.8602,-12.0564,-101.28,123.66,9.99074,-60.947,83.2096,2.72109,-71.8267,
12.5932,43.9406,9.05469,14.7723,113.302,-0.417319,-154.437,100.709,12.5909,-87.5907,69.3618,-13.4859,-101.283,109.764,3.15893,-55.9044,84.134,2.36555,-72.3711,
12.5932,43.9406,9.05469,14.7723,113.302,-0.417319,-154.437,100.709,12.5909,-87.5907,69.3618,-13.4859,-101.283,109.764,3.15893,-55.9044,84.134,2.36555,-72.3711,
11.0518,43.2752,3.10159,15.6483,111.761,-0.856207,-152.907,100.709,12.5909,-87.5907,68.4858,-13.214,-97.5468,103.811,0.882605,-54.9779,84.134,2.36555,-72.3711,
11.0518,43.2752,3.10159,15.6483,111.761,-0.856207,-152.907,100.709,12.5909,-87.5907,68.4858,-13.214,-97.5468,103.811,0.882605,-54.9779,84.134,2.36555,-72.3711,
5.33566,41.7001,-15.6543,17.3751,111.894,-0.574877,-152.478,106.559,11.79,-87.0405,70.1944,-10.4512,-95.0049,90.9045,-4.17504,-55.7901,87.5695,1.80594,-70.8766,
5.33566,41.7001,-15.6543,17.3751,111.894,-0.574877,-152.478,106.559,11.79,-87.0405,70.1944,-10.4512,-95.0049,90.9045,-4.17504,-55.7901,87.5695,1.80594,-70.8766,
5.71127,42.8031,-16.3817,18.0701,112.997,0.576386,-152.483,107.286,11.6354,-86.8406,70.1944,-10.4512,-95.0049,90.9045,-4.17504,-55.7901,88.2645,1.69242,-70.5211,
5.71127,42.8031,-16.3817,18.0701,112.997,0.576386,-152.483,107.286,11.6354,-86.8406,70.1944,-10.4512,-95.0049,90.9045,-4.17504,-55.7901,88.2645,1.69242,-70.5211,
5.47684,39.6195,-40.4339,15.8041,112.966,0.79635,-152.358,107.49,11.5951,-87.0401,73.3469,-8.54746,-93.7766,67.0556,-15.5041,-51.1377,89.151,1.46789,-70.2028,
5.47684,39.6195,-40.4339,15.8041,112.966,0.79635,-152.358,107.49,11.5951,-87.0401,73.3469,-8.54746,-93.7766,67.0556,-15.5041,-51.1377,89.151,1.46789,-70.2028,
5.19988,40.9724,-44.0741,17.434,112.689,0.620237,-151.951,107.49,11.5951,-87.0401,71.717,-8.42715,-93.3231,63.4154,-17.4408,-50.319,89.151,1.46789,-70.2028,
5.19988,40.9724,-44.0741,17.434,112.689,0.620237,-151.951,107.49,11.5951,-87.0401,71.717,-8.42715,-93.3231,63.4154,-17.4408,-50.319,89.151,1.46789,-70.2028,
5.1039,43.7994,-45.5748,28.444,112.348,0.437504,-151.521,107.244,10.8189,-84.0832,68.5489,-10.2203,-91.8641,61.6696,-18.2198,-49.0628,96.9929,-0.808133,-71.9685,
5.1039,43.7994,-45.5748,28.444,112.348,0.437504,-151.521,107.244,10.8189,-84.0832,68.5489,-10.2203,-91.8641,61.6696,-18.2198,-49.0628,96.9929,-0.808133,-71.9685,
8.65939,43.264,-38.2793,34.0549,111.813,0.286157,-150.915,103.154,10.4356,-83.4724,68.5489,-10.2203,-91.8641,64.8743,-17.4346,-49.7061,102.604,-2.45373,-71.5883,
8.65939,43.264,-38.2793,34.0549,111.813,0.286157,-150.915,103.154,10.4356,-83.4724,68.5489,-10.2203,-91.8641,64.8743,-17.4346,-49.7061,102.604,-2.45373,-71.5883,
7.71511,26.9558,-30.159,18.691,110.869,0.0707292,-149.704,103.154,10.4356,-83.4724,83.9129,-11.5359,-98.0675,72.9945,-18.4852,-57.783,102.604,-2.45373,-71.5883,
7.71511,26.9558,-30.159,18.691,110.869,0.0707292,-149.704,103.154,10.4356,-83.4724,83.9129,-11.5359,-98.0675,72.9945,-18.4852,-57.783,102.604,-2.45373,-71.5883,
13.8048,25.3992,-21.0798,17.3279,110.675,0.226573,-149.097,96.8703,8.99632,-87.1,85.2759,-10.2663,-95.6874,75.7905,-17.4516,-59.0718,102.604,-2.45373,-71.5883,
13.8048,25.3992,-21.0798,17.3279,110.675,0.226573,-149.097,96.8703,8.99632,-87.1,85.2759,-10.2663,-95.6874,75.7905,-17.4516,-59.0718,102.604,-2.45373,-71.5883,
13.8048,25.3992,-18.2453,25.6787,110.675,0.226573,-149.097,96.8703,8.99632,-87.1,85.2759,-10.2663,-95.6874,78.625,-17.1678,-60.2383,110.955,-8.48683,-63.3069,
13.8048,25.3992,-18.2453,25.6787,110.675,0.226573,-149.097,96.8703,8.99632,-87.1,85.2759,-10.2663,-95.6874,78.625,-17.1678,-60.2383,110.955,-8.48683,-63.3069,
23.5332,25.7299,-3.35712,38.3078,110.882,0.781837,-150.874,87.3485,10.0618,-76.7231,85.1518,-11.6856,-94.9609,83.9914,-14.7549,-58.8575,123.46,-15.9255,-59.4736,
23.5332,25.7299,-3.35712,38.3078,110.882,0.781837,-150.874,87.3485,10.0618,-76.7231,85.1518,-11.6856,-94.9609,83.9914,-14.7549,-58.8575,123.46,-15.9255,-59.4736,
23.8587,17.8462,-2.16064,30.0986,111.207,1.74772,-155.061,87.3485,10.0618,-76.7231,93.3609,-12.4322,-97.9555,85.1878,-14.0129,-59.0648,123.46,-15.9255,-59.4736,
23.8587,17.8462,-2.16064,30.0986,111.207,1.74772,-155.061,87.3485,10.0618,-76.7231,93.3609,-12.4322,-97.9555,85.1878,-14.0129,-59.0648,123.46,-15.9255,-59.4736,
36.4335,17.141,10.8544,27.7637,112.077,2.4936,-156.169,75.6434,9.95368,-88.928,94.9359,-12.4862,-99.0391,86.4978,-13.7983,-60.0721,122.7,-16.1163,-60.7622,
36.4335,17.141,10.8544,27.7637,112.077,2.4936,-156.169,75.6434,9.95368,-88.928,94.9359,-12.4862,-99.0391,86.4978,-13.7983,-60.0721,122.7,-16.1163,-60.7622,
38.7518,14.0995,16.7298,20.693,109.731,2.41413,-152.888,70.9793,10.0368,-91.3163,95.6316,-12.4369,-99.6628,87.7091,-13.8389,-60.7374,116.325,-14.5071,-62.5899,
38.7518,14.0995,16.7298,20.693,109.731,2.41413,-152.888,70.9793,10.0368,-91.3163,95.6316,-12.4369,-99.6628,87.7091,-13.8389,-60.7374,116.325,-14.5071,-62.5899,
38.1571,10.0106,19.1717,13.9596,108.225,1.81779,-151.656,70.0682,10.2236,-92.2611,98.2147,-11.5224,-101.781,89.2399,-13.179,-59.6053,112.174,-13.4527,-63.3398,
38.1571,10.0106,19.1717,13.9596,108.225,1.81779,-151.656,70.0682,10.2236,-92.2611,98.2147,-11.5224,-101.781,89.2399,-13.179,-59.6053,112.174,-13.4527,-63.3398,
37.815,9.66853,21.5127,13.9596,107.883,1.27124,-150.497,70.0682,10.2236,-92.2611,98.2147,-11.5224,-101.781,91.5809,-12.1968,-58.6744,112.174,-13.4527,-63.3398,
37.815,9.66853,21.5127,13.9596,107.883,1.27124,-150.497,70.0682,10.2236,-92.2611,98.2147,-11.5224,-101.781,91.5809,-12.1968,-58.6744,112.174,-13.4527,-63.3398,
39.3041,5.73458,24.4248,-0.265552,107.654,0.886219,-149.692,68.3497,9.85583,-96.064,101.919,-11.6697,-104.239,92.7745,-11.4019,-57.8812,101.654,-11.1653,-70.4805,
39.3041,5.73458,24.4248,-0.265552,107.654,0.886219,-149.692,68.3497,9.85583,-96.064,101.919,-11.6697,-104.239,92.7745,-11.4019,-57.8812,101.654,-11.1653,-70.4805,
39.9767,2.24454,26.9622,-21.8119,107.043,0.551196,-149.614,67.0662,6.56746,-101.937,104.798,-10.8299,-107.045,94.0283,-10.6616,-57.2615,82.9865,-5.1094,-68.6118,
39.9767,2.24454,26.9622,-21.8119,107.043,0.551196,-149.614,67.0662,6.56746,-101.937,104.798,-10.8299,-107.045,94.0283,-10.6616,-57.2615,82.9865,-5.1094,-68.6118,
38.8434,1.99383,30.0788,-27.9772,106.792,0.206688,-151.91,67.9487,4.28506,-103.593,104.798,-10.8299,-107.045,98.0275,-8.84635,-57.0517,76.8212,-1.86248,-67.9504,
38.8434,1.99383,30.0788,-27.9772,106.792,0.206688,-151.91,67.9487,4.28506,-103.593,104.798,-10.8299,-107.045,98.0275,-8.84635,-57.0517,76.8212,-1.86248,-67.9504,
39.471,-1.17673,32.9054,-31.7753,107.42,0.279259,-151.643,67.9487,4.28506,-103.593,108.596,-9.88589,-109.583,100.854,-7.64744,-57.6756,76.8212,-1.86248,-67.9504,
39.471,-1.17673,32.9054,-31.7753,107.42,0.279259,-151.643,67.9487,4.28506,-103.593,108.596,-9.88589,-109.583,100.854,-7.64744,-57.6756,76.8212,-1.86248,-67.9504,
36.1692,-0.700164,30.7072,-52.893,107.898,-0.250961,-150.881,71.7283,7.1418,-97.7611,108.598,-10.0106,-109.887,102.435,-6.90112,-57.8797,55.7046,8.06884,-80.4668,
36.1692,-0.700164,30.7072,-52.893,107.898,-0.250961,-150.881,71.7283,7.1418,-97.7611,108.598,-10.0106,-109.887,102.435,-6.90112,-57.8797,55.7046,8.06884,-80.4668,
37.4152,-0.698207,32.2261,-55.4398,107.625,-0.194872,-152.688,70.2093,9.79754,-97.9494,108.323,-10.1123,-109.98,102.435,-6.90112,-57.8797,52.883,10.2837,-80.74,
37.4152,-0.698207,32.2261,-55.4398,107.625,-0.194872,-152.688,70.2093,9.79754,-97.9494,108.323,-10.1123,-109.98,102.435,-6.90112,-57.8797,52.883,10.2837,-80.74,
36.73,-1.06343,36.4297,-56.8315,107.259,-0.236369,-153.277,70.5293,11.6457,-99.3376,108.323,-10.1123,-109.98,106.959,-4.70869,-57.704,51.4913,11.5025,-80.8642,
36.73,-1.06343,36.4297,-56.8315,107.259,-0.236369,-153.277,70.5293,11.6457,-99.3376,108.323,-10.1123,-109.98,106.959,-4.70869,-57.704,51.4913,11.5025,-80.8642,
37.195,0.913384,41.8014,-55.3197,107.724,0.430391,-151.729,70.5293,11.6457,-99.3376,106.811,-10.0799,-112.684,112.331,-1.71935,-58.345,51.4913,11.5025,-80.8642,
37.195,0.913384,41.8014,-55.3197,107.724,0.430391,-151.729,70.5293,11.6457,-99.3376,106.811,-10.0799,-112.684,112.331,-1.71935,-58.345,51.4913,11.5025,-80.8642,
26.0992,11.8676,35.7556,-35.6405,108.107,1.13713,-150.986,82.0079,12.3936,-97.1154,96.2395,-10.0637,-109.972,117.764,3.41596,-61.3049,60.5991,10.2367,-78.8177,
26.0992,11.8676,35.7556,-35.6405,108.107,1.13713,-150.986,82.0079,12.3936,-97.1154,96.2395,-10.0637,-109.972,117.764,3.41596,-61.3049,60.5991,10.2367,-78.8177,
22.1412,13.1494,32.8763,-30.7097,107.028,0.90677,-151.056,84.8872,11.154,-99.1677,93.8789,-9.39192,-111.276,117.764,3.41596,-61.3049,63.1692,10.6232,-76.9429,
22.1412,13.1494,32.8763,-30.7097,107.028,0.90677,-151.056,84.8872,11.154,-99.1677,93.8789,-9.39192,-111.276,117.764,3.41596,-61.3049,63.1692,10.6232,-76.9429,
21.9215,12.406,47.1578,-28.2527,106.285,1.03425,-150.691,84.3635,11.1313,-98.7525,93.8789,-9.39192,-111.276,131.521,14.6447,-64.9114,65.6262,10.5983,-76.2975,
21.9215,12.406,47.1578,-28.2527,106.285,1.03425,-150.691,84.3635,11.1313,-98.7525,93.8789,-9.39192,-111.276,131.521,14.6447,-64.9114,65.6262,10.5983,-76.2975,
21.361,19.8715,48.1562,-16.7719,105.724,1.21894,-150.871,84.3635,11.1313,-98.7525,85.8529,-10.9925,-115.534,132.52,14.2951,-63.8466,69.0811,8.71557,-65.3444,
21.361,19.8715,48.1562,-16.7719,105.724,1.21894,-150.871,84.3635,11.1313,-98.7525,85.8529,-10.9925,-115.534,132.52,14.2951,-63.8466,69.0811,8.71557,-65.3444,
21.6493,20.1598,48.1562,-16.7719,106.013,1.04261,-151.796,84.3635,11.1313,-98.7525,85.8529,-10.9925,-115.534,132.52,14.2951,-63.8466,69.0811,8.71557,-65.3444,
21.6493,20.1598,48.1562,-16.7719,106.013,1.04261,-151.796,84.3635,11.1313,-98.7525,85.8529,-10.9925,-115.534,132.52,14.2951,-63.8466,69.0811,8.71557,-65.3444,
11.7937,28.4731,38.2836,-4.6809,106.489,0.303442,-152.254,94.6954,14.4259,-92.6434,78.0161,-11.0273,-107.132,132.979,13.9487,-62.2505,73.3352,7.94457,-64.1379,
11.7937,28.4731,38.2836,-4.6809,106.489,0.303442,-152.254,94.6954,14.4259,-92.6434,78.0161,-11.0273,-107.132,132.979,13.9487,-62.2505,73.3352,7.94457,-64.1379,
9.96937,32.1607,30.2754,-0.232185,105.728,0.221248,-150.5,95.7587,14.3468,-91.9249,73.5674,-11.7322,-105.461,126.034,11.3244,-60.4556,73.3352,7.94457,-64.1379,
9.96937,32.1607,30.2754,-0.232185,105.728,0.221248,-150.5,95.7587,14.3468,-91.9249,73.5674,-11.7322,-105.461,126.034,11.3244,-60.4556,73.3352,7.94457,-64.1379,
10.6789,34.5757,22.5726,2.45323,106.438,1.19454,-150.847,95.7587,14.3468,-91.9249,71.8619,-12.6691,-103.629,118.331,8.94254,-59.993,74.3151,7.67604,-64.1569,
10.6789,34.5757,22.5726,2.45323,106.438,1.19454,-150.847,95.7587,14.3468,-91.9249,71.8619,-12.6691,-103.629,118.331,8.94254,-59.993,74.3151,7.67604,-64.1569,
5.68312,34.5485,13.3276,6.14058,106.144,1.43825,-151.428,100.461,13.3491,-89.9273,71.5958,-13.2093,-102.48,113.789,7.12267,-59.3245,77.7363,5.83718,-65.3799,
5.68312,34.5485,13.3276,6.14058,106.144,1.43825,-151.428,100.461,13.3491,-89.9273,71.5958,-13.2093,-102.48,113.789,7.12267,-59.3245,77.7363,5.83718,-65.3799,
3.5993,34.1095,6.7991,8.91587,105.585,1.31472,-150.552,101.985,13.0381,-88.6141,71.4751,-13.1738,-100.815,108.784,4.83838,-58.366,80.3909,4.85807,-66.4634,
3.5993,34.1095,6.7991,8.91587,105.585,1.31472,-150.552,101.985,13.0381,-88.6141,71.4751,-13.1738,-100.815,108.784,4.83838,-58.366,80.3909,4.85807,-66.4634,
1.91345,34.1703,-6.43423,8.91587,105.645,1.61521,-149.697,103.732,12.7704,-87.2563,71.4751,-13.1738,-100.815,97.2977,-0.317066,-56.5824,80.3909,4.85807,-66.4634,
1.91345,34.1703,-6.43423,8.91587,105.645,1.61521,-149.697,103.732,12.7704,-87.2563,71.4751,-13.1738,-100.815,97.2977,-0.317066,-56.5824,80.3909,4.85807,-66.4634,
-0.970836,33.5231,-15.4809,10.8103,105.658,1.85471,-149.492,106.629,12.7202,-87.3656,72.1347,-11.1646,-100.998,91.1477,-3.26525,-56.8043,82.9451,3.79316,-67.4471,
-0.970836,33.5231,-15.4809,10.8103,105.658,1.85471,-149.492,106.629,12.7202,-87.3656,72.1347,-11.1646,-100.998,91.1477,-3.26525,-56.8043,82.9451,3.79316,-67.4471,
-1.32427,30.1414,-27.9605,11.074,106.139,2.53297,-149.174,107.463,12.7301,-86.7205,75.9977,-8.68106,-100.002,79.5029,-10.2246,-55.5608,87.0716,2.5747,-68.5274,
-1.32427,30.1414,-27.9605,11.074,106.139,2.53297,-149.174,107.463,12.7301,-86.7205,75.9977,-8.68106,-100.002,79.5029,-10.2246,-55.5608,87.0716,2.5747,-68.5274,
-0.566856,29.2876,-40.6383,12.4559,106.104,2.50687,-148.652,106.671,12.7914,-87.1854,76.8165,-7.76613,-99.08,66.0327,-16.2709,-50.4969,89.2724,1.91648,-68.7593,
-0.566856,29.2876,-40.6383,12.4559,106.104,2.50687,-148.652,106.671,12.7914,-87.1854,76.8165,-7.76613,-99.08,66.0327,-16.2709,-50.4969,89.2724,1.91648,-68.7593,
-0.301994,33.7828,-37.4872,16.6863,106.369,2.60975,-148.763,106.671,12.7914,-87.1854,72.5861,-8.58019,-97.771,69.1837,-17.8512,-53.5231,89.2724,1.91648,-68.7593,
-0.301994,33.7828,-37.4872,16.6863,106.369,2.60975,-148.763,106.671,12.7914,-87.1854,72.5861,-8.58019,-97.771,69.1837,-17.8512,-53.5231,89.2724,1.91648,-68.7593,
0.447187,33.8056,-34.4913,24.3378,106.663,2.7577,-149.025,106.216,11.9478,-86.0597,72.8577,-11.7206,-97.1735,71.7248,-18.8534,-56.93,97.1956,-0.618165,-68.8269,
0.447187,33.8056,-34.4913,24.3378,106.663,2.7577,-149.025,106.216,11.9478,-86.0597,72.8577,-11.7206,-97.1735,71.7248,-18.8534,-56.93,97.1956,-0.618165,-68.8269,
5.7632,23.4928,-28.869,20.2823,106.357,2.86479,-148.257,100.594,10.688,-86.6339,82.8642,-11.9381,-101.327,71.7248,-18.8534,-56.93,103.146,-2.94605,-66.3607,
5.7632,23.4928,-28.869,20.2823,106.357,2.86479,-148.257,100.594,10.688,-86.6339,82.8642,-11.9381,-101.327,71.7248,-18.8534,-56.93,103.146,-2.94605,-66.3607,
9.59822,23.5593,-25.1004,20.2823,106.423,2.95149,-148.153,96.8253,9.73459,-89.46,82.8642,-11.9381,-101.327,71.7248,-18.8534,-56.93,103.146,-2.94605,-66.3607,
9.59822,23.5593,-25.1004,20.2823,106.423,2.95149,-148.153,96.8253,9.73459,-89.46,82.8642,-11.9381,-101.327,71.7248,-18.8534,-56.93,103.146,-2.94605,-66.3607,
12.9188,18.3308,-12.3948,17.3716,106.749,3.42173,-148.876,93.8307,8.51077,-89.4641,88.4187,-9.79907,-101.427,81.4359,-17.0421,-61.6013,105.79,-5.09425,-63.5033,
12.9188,18.3308,-12.3948,17.3716,106.749,3.42173,-148.876,93.8307,8.51077,-89.4641,88.4187,-9.79907,-101.427,81.4359,-17.0421,-61.6013,105.79,-5.09425,-63.5033,
18.4587,15.8069,-4.79069,30.5341,106.68,3.91342,-151.043,88.2211,8.43643,-76.3648,90.873,-11.7249,-101.544,83.4305,-16.3754,-61.3201,121.407,-14.4202,-56.9429,
18.4587,15.8069,-4.79069,30.5341,106.68,3.91342,-151.043,88.2211,8.43643,-76.3648,90.873,-11.7249,-101.544,83.4305,-16.3754,-61.3201,121.407,-14.4202,-56.9429,
25.7172,12.0942,3.58473,27.5331,107.175,4.10418,-153.217,81.4582,9.02125,-84.4549,95.0811,-11.7724,-103.845,85.0429,-15.4007,-60.6535,122.614,-15.2481,-58.4175,
25.7172,12.0942,3.58473,27.5331,107.175,4.10418,-153.217,81.4582,9.02125,-84.4549,95.0811,-11.7724,-103.845,85.0429,-15.4007,-60.6535,122.614,-15.2481,-58.4175,
29.2279,11.9975,9.48237,25.5338,107.079,4.70627,-153.195,77.8507,8.34252,-88.7236,95.0811,-11.7724,-103.845,87.3331,-13.3396,-59.5543,120.615,-14.7019,-58.9123,
29.2279,11.9975,9.48237,25.5338,107.079,4.70627,-153.195,77.8507,8.34252,-88.7236,95.0811,-11.7724,-103.845,87.3331,-13.3396,-59.5543,120.615,-14.7019,-58.9123,
27.8873,6.26495,11.2765,21.1419,105.738,5.45934,-153.212,77.8507,8.34252,-88.7236,99.4731,-11.4425,-106.395,89.1272,-12.5127,-58.0253,120.615,-14.7019,-58.9123,
27.8873,6.26495,11.2765,21.1419,105.738,5.45934,-153.212,77.8507,8.34252,-88.7236,99.4731,-11.4425,-106.395,89.1272,-12.5127,-58.0253,120.615,-14.7019,-58.9123,
33.4992,5.60802,16.9403,9.10558,106.554,4.82832,-152.44,73.0549,7.8387,-90.0978,100.946,-10.9652,-107.16,89.9952,-12.0479,-57.1302,110.052,-13.1587,-56.7826,
33.4992,5.60802,16.9403,9.10558,106.554,4.82832,-152.44,73.0549,7.8387,-90.0978,100.946,-10.9652,-107.16,89.9952,-12.0479,-57.1302,110.052,-13.1587,-56.7826,
34.5059,4.99432,19.2817,-7.45534,107.561,4.39238,-151.19,73.0549,7.8387,-90.0978,102.566,-10.5518,-107.072,92.3365,-10.783,-56.0195,95.1111,-8.46727,-57.5752,
34.5059,4.99432,19.2817,-7.45534,107.561,4.39238,-151.19,73.0549,7.8387,-90.0978,102.566,-10.5518,-107.072,92.3365,-10.783,-56.0195,95.1111,-8.46727,-57.5752,
36.5862,4.43887,24.5684,-7.45534,107.005,4.19863,-150.445,70.4191,7.4626,-95.1169,102.566,-10.5518,-107.072,94.9875,-9.2091,-55.2318,95.1111,-8.46727,-57.5752,
36.5862,4.43887,24.5684,-7.45534,107.005,4.19863,-150.445,70.4191,7.4626,-95.1169,102.566,-10.5518,-107.072,94.9875,-9.2091,-55.2318,95.1111,-8.46727,-57.5752,
36.6646,2.35399,25.7895,-9.61865,107.084,3.85463,-151.057,70.4191,7.4626,-95.1169,104.73,-9.71829,-107.905,96.2086,-8.61546,-55.29,95.1111,-8.46727,-57.5752,
36.6646,2.35399,25.7895,-9.61865,107.084,3.85463,-151.057,70.4191,7.4626,-95.1169,104.73,-9.71829,-107.905,96.2086,-8.61546,-55.29,95.1111,-8.46727,-57.5752,
37.5176,-0.891121,27.8319,-37.9549,108.13,3.25342,-152.558,70.6121,4.09528,-100.255,109.021,-8.26871,-110.444,98.4441,-7.28946,-55.6171,71.0659,1.90845,-57.2864,
37.5176,-0.891121,27.8319,-37.9549,108.13,3.25342,-152.558,70.6121,4.09528,-100.255,109.021,-8.26871,-110.444,98.4441,-7.28946,-55.6171,71.0659,1.90845,-57.2864,
35.9399,-1.10983,25.517,-44.7922,108.867,3.14456,-153.086,72.9271,5.10147,-98.1826,109.977,-7.96325,-110.922,98.4441,-7.28946,-55.6171,65.1847,4.8452,-58.5843,
35.9399,-1.10983,25.517,-44.7922,108.867,3.14456,-153.086,72.9271,5.10147,-98.1826,109.977,-7.96325,-110.922,98.4441,-7.28946,-55.6171,65.1847,4.8452,-58.5843,
34.9349,-0.488428,26.1092,-50.4756,109.488,3.23752,-151.897,74.5535,5.77406,-97.5729,109.977,-7.96325,-110.922,100.663,-5.86234,-56.1041,59.5012,7.21468,-60.7045,
34.9349,-0.488428,26.1092,-50.4756,109.488,3.23752,-151.897,74.5535,5.77406,-97.5729,109.977,-7.96325,-110.922,100.663,-5.86234,-56.1041,59.5012,7.21468,-60.7045,
34.9349,-1.4698,27.3529,-60.4927,109.488,3.23752,-151.897,74.5535,5.77406,-97.5729,110.958,-7.59729,-112.108,101.906,-5.16881,-56.2033,50.4656,9.9499,-65.0456,
34.9349,-1.4698,27.3529,-60.4927,109.488,3.23752,-151.897,74.5535,5.77406,-97.5729,110.958,-7.59729,-112.108,101.906,-5.16881,-56.2033,50.4656,9.9499,-65.0456,
41.2739,-0.433012,38.8803,-59.7704,109.793,2.86109,-150.811,68.5191,7.71277,-101.224,110.226,-7.63947,-111.746,107.399,-2.1724,-55.7751,50.4556,8.95511,-67.5286,
41.2739,-0.433012,38.8803,-59.7704,109.793,2.86109,-150.811,68.5191,7.71277,-101.224,110.226,-7.63947,-111.746,107.399,-2.1724,-55.7751,50.4556,8.95511,-67.5286,
38.1155,1.34798,37.6355,-54.2956,110.299,3.11339,-151.776,72.1837,8.46415,-100.28,108.951,-7.5576,-112.078,109.819,-0.828514,-55.569,54.6556,11.0235,-64.4193,
38.1155,1.34798,37.6355,-54.2956,110.299,3.11339,-151.776,72.1837,8.46415,-100.28,108.951,-7.5576,-112.078,109.819,-0.828514,-55.569,54.6556,11.0235,-64.4193,
32.8525,1.64852,39.4843,-54.2956,110.6,4.16049,-149.983,77.7472,9.23469,-97.4418,108.951,-7.5576,-112.078,117.232,5.80189,-58.853,54.6556,11.0235,-64.4193,
32.8525,1.64852,39.4843,-54.2956,110.6,4.16049,-149.983,77.7472,9.23469,-97.4418,108.951,-7.5576,-112.078,117.232,5.80189,-58.853,54.6556,11.0235,-64.4193,
32.4856,15.4788,41.7809,-40.0984,110.233,3.89101,-149.193,77.7472,9.23469,-97.4418,94.754,-6.72898,-111.036,119.528,9.44115,-61.8408,54.6556,11.0235,-64.4193,
32.4856,15.4788,41.7809,-40.0984,110.233,3.89101,-149.193,77.7472,9.23469,-97.4418,94.754,-6.72898,-111.036,119.528,9.44115,-61.8408,54.6556,11.0235,-64.4193,
28.02,17.5828,41.489,-24.8196,109.474,3.83562,-147.972,81.4542,9.31546,-96.6683,91.8914,-7.11714,-118.275,122.943,12.7388,-63.4087,67.0718,8.60452,-61.4732,
28.02,17.5828,41.489,-24.8196,109.474,3.83562,-147.972,81.4542,9.31546,-96.6683,91.8914,-7.11714,-118.275,122.943,12.7388,-63.4087,67.0718,8.60452,-61.4732,
26.596,17.5828,40.065,-24.8196,109.474,3.83562,-147.972,82.8782,10.905,-96.0359,91.8914,-7.11714,-118.275,122.943,12.7388,-63.4087,67.0718,8.60452,-61.4732,
26.596,17.5828,40.065,-24.8196,109.474,3.83562,-147.972,82.8782,10.905,-96.0359,91.8914,-7.11714,-118.275,122.943,12.7388,-63.4087,67.0718,8.60452,-61.4732,
24.3331,23.2892,45.8519,-18.0648,110.23,4.38916,-149.821,85.8966,11.9698,-96.2541,86.9405,-9.01867,-116.234,131.748,17.3956,-61.9329,68.8757,8.12851,-61.7092,
24.3331,23.2892,45.8519,-18.0648,110.23,4.38916,-149.821,85.8966,11.9698,-96.2541,86.9405,-9.01867,-116.234,131.748,17.3956,-61.9329,68.8757,8.12851,-61.7092,
25.1989,34.1211,41.9563,-5.36942,111.095,4.00181,-151.126,85.8966,11.9698,-96.2541,76.9744,-10.0622,-107.63,127.853,16.3664,-62.3404,71.605,6.86993,-62.134,
25.1989,34.1211,41.9563,-5.36942,111.095,4.00181,-151.126,85.8966,11.9698,-96.2541,76.9744,-10.0622,-107.63,127.853,16.3664,-62.3404,71.605,6.86993,-62.134,
17.4636,35.1622,35.3389,0.217111,109.978,2.5223,-148.925,92.514,12.9107,-91.236,74.8154,-10.7879,-106.774,127.853,16.3664,-62.3404,75.0325,5.23673,-64.4128,
17.4636,35.1622,35.3389,0.217111,109.978,2.5223,-148.925,92.514,12.9107,-91.236,74.8154,-10.7879,-106.774,127.853,16.3664,-62.3404,75.0325,5.23673,-64.4128,
16.3553,35.515,25.0583,1.38261,110.33,3.95415,-150.342,93.9751,12.6916,-90.5939,74.8154,-10.7879,-106.774,119.033,10.3782,-59.7135,76.198,4.54271,-65.2242,
16.3553,35.515,25.0583,1.38261,110.33,3.95415,-150.342,93.9751,12.6916,-90.5939,74.8154,-10.7879,-106.774,119.033,10.3782,-59.7135,76.198,4.54271,-65.2242,
14.9672,38.6009,19.2565,3.98734,110.812,4.74969,-151.73,95.8443,12.3239,-89.7548,72.2107,-12.8341,-106.809,115.101,7.53624,-57.8735,76.198,4.54271,-65.2242,
14.9672,38.6009,19.2565,3.98734,110.812,4.74969,-151.73,95.8443,12.3239,-89.7548,72.2107,-12.8341,-106.809,115.101,7.53624,-57.8735,76.198,4.54271,-65.2242,
14.1196,38.649,14.6042,7.10442,109.964,4.81788,-151.354,95.8443,12.3239,-89.7548,71.315,-13.3082,-103.526,110.449,4.74384,-56.1213,78.4194,3.53293,-66.5612,
14.1196,38.649,14.6042,7.10442,109.964,4.81788,-151.354,95.8443,12.3239,-89.7548,71.315,-13.3082,-103.526,110.449,4.74384,-56.1213,78.4194,3.53293,-66.5612,
7.47727,39.2598,2.85856,11.1229,109.746,4.59383,-151.143,102.269,11.5786,-87.318,70.4862,-12.8388,-101.418,105.127,2.24506,-55.1434,81.6092,2.59809,-67.6293,
7.47727,39.2598,2.85856,11.1229,109.746,4.59383,-151.143,102.269,11.5786,-87.318,70.4862,-12.8388,-101.418,105.127,2.24506,-55.1434,81.6092,2.59809,-67.6293,
4.24329,38.5585,-17.5998,11.6045,109.372,4.87927,-150.694,105.129,11.3013,-86.1898,70.8139,-11.7132,-99.7674,87.5294,-5.96073,-56.7135,82.4184,2.43099,-67.6984,
4.24329,38.5585,-17.5998,11.6045,109.372,4.87927,-150.694,105.129,11.3013,-86.1898,70.8139,-11.7132,-99.7674,87.5294,-5.96073,-56.7135,82.4184,2.43099,-67.6984,
4.9291,37.3101,-23.2063,9.67032,110.058,5.61221,-149.578,105.129,11.3013,-86.1898,72.7481,-9.61815,-99.4452,81.9228,-9.23475,-56.5798,82.4184,2.43099,-67.6984,
4.9291,37.3101,-23.2063,9.67032,110.058,5.61221,-149.578,105.129,11.3013,-86.1898,72.7481,-9.61815,-99.4452,81.9228,-9.23475,-56.5798,82.4184,2.43099,-67.6984,
4.24793,35.6017,-34.1834,9.6608,110.204,5.86768,-149.373,105.956,11.3647,-87.1416,74.6021,-9.51435,-98.6592,71.7724,-14.384,-53.0059,84.2629,2.15929,-67.6097,
4.24793,35.6017,-34.1834,9.6608,110.204,5.86768,-149.373,105.956,11.3647,-87.1416,74.6021,-9.51435,-98.6592,71.7724,-14.384,-53.0059,84.2629,2.15929,-67.6097,
4.8274,37.9615,-33.938,16.203,110.538,5.77266,-148.938,105.71,11.2335,-86.1817,72.5763,-9.61943,-98.5579,71.7724,-14.384,-53.0059,88.7793,1.19054,-67.0679,
4.8274,37.9615,-33.938,16.203,110.538,5.77266,-148.938,105.71,11.2335,-86.1817,72.5763,-9.61943,-98.5579,71.7724,-14.384,-53.0059,88.7793,1.19054,-67.0679,
5.05862,38.0185,-37.9887,18.4501,110.595,5.76932,-148.449,105.536,10.8421,-85.3275,72.5763,-9.61943,-98.5579,67.5475,-16.5978,-50.271,91.0264,0.523166,-67.0303,
5.05862,38.0185,-37.9887,18.4501,110.595,5.76932,-148.449,105.536,10.8421,-85.3275,72.5763,-9.61943,-98.5579,67.5475,-16.5978,-50.271,91.0264,0.523166,-67.0303,
5.04322,38.0031,-37.9887,18.4501,110.579,5.74559,-148.253,105.536,10.8421,-85.3275,72.5763,-9.61943,-98.5579,67.5475,-16.5978,-50.271,91.0264,0.523166,-67.0303,
5.04322,38.0031,-37.9887,18.4501,110.579,5.74559,-148.253,105.536,10.8421,-85.3275,72.5763,-9.61943,-98.5579,67.5475,-16.5978,-50.271,91.0264,0.523166,-67.0303,
10.4459,32.8173,-26.3803,24.0426,110.366,5.55184,-147.411,99.9201,9.53599,-85.1066,77.5488,-11.9622,-100.024,73.5398,-18.9157,-57.772,101.591,-2.90437,-64.1753,
10.4459,32.8173,-26.3803,24.0426,110.366,5.55184,-147.411,99.9201,9.53599,-85.1066,77.5488,-11.9622,-100.024,73.5398,-18.9157,-57.772,101.591,-2.90437,-64.1753,
14.7136,23.616,-21.6408,17.6576,109.894,5.30633,-146.531,95.1806,7.55513,-85.1553,86.2782,-10.9083,-104.948,73.5398,-18.9157,-57.772,103.936,-4.77344,-61.5104,
14.7136,23.616,-21.6408,17.6576,109.894,5.30633,-146.531,95.1806,7.55513,-85.1553,86.2782,-10.9083,-104.948,73.5398,-18.9157,-57.772,103.936,-4.77344,-61.5104,
16.0558,23.2633,-12.5979,20.3729,109.542,5.28435,-146.298,93.4858,6.47962,-81.0381,86.2782,-10.9083,-104.948,80.8878,-16.6781,-60.6266,106.651,-7.46483,-58.0116,
16.0558,23.2633,-12.5979,20.3729,109.542,5.28435,-146.298,93.4858,6.47962,-81.0381,86.2782,-10.9083,-104.948,80.8878,-16.6781,-60.6266,106.651,-7.46483,-58.0116,
15.5832,19.7151,-8.96967,17.2972,109.069,5.41864,-147.242,93.4858,6.47962,-81.0381,89.3539,-11.0867,-103.624,84.5161,-15.1746,-59.9985,106.651,-7.46483,-58.0116,
15.5832,19.7151,-8.96967,17.2972,109.069,5.41864,-147.242,93.4858,6.47962,-81.0381,89.3539,-11.0867,-103.624,84.5161,-15.1746,-59.9985,106.651,-7.46483,-58.0116,
22.76,16.2639,-0.983474,26.3808,109.495,5.91838,-149.628,86.7346,7.97677,-73.8828,93.2307,-11.4081,-105.744,85.7511,-14.2983,-59.7557,119.611,-14.1412,-54.7574,
22.76,16.2639,-0.983474,26.3808,109.495,5.91838,-149.628,86.7346,7.97677,-73.8828,93.2307,-11.4081,-105.744,85.7511,-14.2983,-59.7557,119.611,-14.1412,-54.7574,
26.2957,14.0635,2.28369,23.945,109.763,6.23298,-149.935,83.4674,8.21521,-77.9303,95.6997,-11.781,-107.177,85.7511,-14.2983,-59.7557,119.645,-14.3633,-55.2506,
26.2957,14.0635,2.28369,23.945,109.763,6.23298,-149.935,83.4674,8.21521,-77.9303,95.6997,-11.781,-107.177,85.7511,-14.2983,-59.7557,119.645,-14.3633,-55.2506,
32.4836,14.0043,11.1938,21.2185,109.704,6.72409,-149.93,77.2204,7.66584,-83.9458,95.6997,-11.781,-107.177,88.4142,-13.5282,-61.3642,116.918,-13.9648,-53.8285,
32.4836,14.0043,11.1938,21.2185,109.704,6.72409,-149.93,77.2204,7.66584,-83.9458,95.6997,-11.781,-107.177,88.4142,-13.5282,-61.3642,116.918,-13.9648,-53.8285,
34.5599,9.52409,17.4308,11.4041,108.616,6.60664,-149.286,74.056,7.758,-83.712,99.0918,-11.201,-109.674,91.4868,-12.1934,-62.2013,110.496,-12.4803,-52.5586,
34.5599,9.52409,17.4308,11.4041,108.616,6.60664,-149.286,74.056,7.758,-83.712,99.0918,-11.201,-109.674,91.4868,-12.1934,-62.2013,110.496,-12.4803,-52.5586,
35.4513,8.20264,19.7986,-2.3812,108.247,5.71754,-147.289,72.7958,8.50634,-85.7011,100.044,-10.8157,-110.278,92.5944,-11.5643,-62.4499,97.6633,-7.37383,-55.0214,
35.4513,8.20264,19.7986,-2.3812,108.247,5.71754,-147.289,72.7958,8.50634,-85.7011,100.044,-10.8157,-110.278,92.5944,-11.5643,-62.4499,97.6633,-7.37383,-55.0214,
36.2985,7.18273,23.0409,-8.30091,108.121,5.08997,-145.559,71.8226,8.18554,-87.8828,100.938,-10.6403,-110.89,94.8635,-10.0457,-62.1608,92.6374,-5.40809,-56.2806,
36.2985,7.18273,23.0409,-8.30091,108.121,5.08997,-145.559,71.8226,8.18554,-87.8828,100.938,-10.6403,-110.89,94.8635,-10.0457,-62.1608,92.6374,-5.40809,-56.2806,
36.2855,4.06816,26.1536,-10.6007,107.306,4.99701,-144.819,71.0208,7.34642,-90.6036,103.238,-10.1103,-114.508,97.1744,-8.55893,-61.4371,92.6374,-5.40809,-56.2806,
36.2855,4.06816,26.1536,-10.6007,107.306,4.99701,-144.819,71.0208,7.34642,-90.6036,103.238,-10.1103,-114.508,97.1744,-8.55893,-61.4371,92.6374,-5.40809,-56.2806,
36.3047,1.01838,27.2873,-24.8236,107.326,4.75152,-145.554,71.0208,7.34642,-90.6036,106.307,-9.18095,-116.971,98.308,-7.94436,-60.7752,81.4836,-0.980964,-56.8501,
36.3047,1.01838,27.2873,-24.8236,107.326,4.75152,-145.554,71.0208,7.34642,-90.6036,106.307,-9.18095,-116.971,98.308,-7.94436,-60.7752,81.4836,-0.980964,-56.8501,
36.2203,-0.581027,29.4258,-43.5047,107.241,4.08519,-146.413,71.0208,7.34642,-90.6036,107.822,-8.78865,-117.848,100.447,-6.82796,-58.8777,64.3174,6.81552,-58.6288,
36.2203,-0.581027,29.4258,-43.5047,107.241,4.08519,-146.413,71.0208,7.34642,-90.6036,107.822,-8.78865,-117.848,100.447,-6.82796,-58.8777,64.3174,6.81552,-58.6288,
35.2059,-1.99839,28.4954,-50.0739,107.157,3.98413,-146.39,71.9512,4.9812,-92.4255,109.155,-8.52806,-118.382,100.447,-6.82796,-58.8777,59.0816,8.98212,-59.8487,
35.2059,-1.99839,28.4954,-50.0739,107.157,3.98413,-146.39,71.9512,4.9812,-92.4255,109.155,-8.52806,-118.382,100.447,-6.82796,-58.8777,59.0816,8.98212,-59.8487,
32.6586,-2.83084,29.0673,-51.1117,107.362,4.13549,-145.705,74.7039,6.6667,-89.4297,110.193,-8.19066,-118.752,103.771,-4.86304,-57.7622,59.0816,8.98212,-59.8487,
32.6586,-2.83084,29.0673,-51.1117,107.362,4.13549,-145.705,74.7039,6.6667,-89.4297,110.193,-8.19066,-118.752,103.771,-4.86304,-57.7622,59.0816,8.98212,-59.8487,
31.2846,-2.6948,29.1304,-58.9282,107.307,3.77116,-145.589,76.0223,7.59943,-88.726,110.002,-8.12009,-118.353,105.153,-3.96757,-57.5193,51.0735,12.9375,-60.9113,
31.2846,-2.6948,29.1304,-58.9282,107.307,3.77116,-145.589,76.0223,7.59943,-88.726,110.002,-8.12009,-118.353,105.153,-3.96757,-57.5193,51.0735,12.9375,-60.9113,
37.0776,-1.10048,38.9293,-54.9493,107.435,3.89676,-146.447,70.3576,10.9413,-96.5119,108.536,-8.20343,-118.654,109.287,-1.6318,-57.0485,53.5863,11.2857,-62.1807,
37.0776,-1.10048,38.9293,-54.9493,107.435,3.89676,-146.447,70.3576,10.9413,-96.5119,108.536,-8.20343,-118.654,109.287,-1.6318,-57.0485,53.5863,11.2857,-62.1807,
29.2504,-0.696896,33.0038,-52.9754,107.839,4.71695,-145.618,78.5884,10.3941,-96.1443,108.536,-8.20343,-118.654,111.592,-0.160092,-57.1927,55.5602,12.6446,-61.2824,
29.2504,-0.696896,33.0038,-52.9754,107.839,4.71695,-145.618,78.5884,10.3941,-96.1443,108.536,-8.20343,-118.654,111.592,-0.160092,-57.1927,55.5602,12.6446,-61.2824,
29.4059,-0.541393,35.4503,-52.9754,107.994,4.9437,-145.218,78.5884,10.3941,-96.1443,108.536,-8.20343,-118.654,114.039,1.78979,-58.0172,55.5602,12.6446,-61.2824,
29.4059,-0.541393,35.4503,-52.9754,107.994,4.9437,-145.218,78.5884,10.3941,-96.1443,108.536,-8.20343,-118.654,114.039,1.78979,-58.0172,55.5602,12.6446,-61.2824,
23.2454,13.6865,36.7336,-34.6332,108.051,5.05349,-144.662,84.8059,9.39387,-95.4864,94.3648,-7.61899,-115.322,121.54,10.7558,-63.5898,59.7315,10.2405,-62.2628,
23.2454,13.6865,36.7336,-34.6332,108.051,5.05349,-144.662,84.8059,9.39387,-95.4864,94.3648,-7.61899,-115.322,121.54,10.7558,-63.5898,59.7315,10.2405,-62.2628,
24.5391,15.7617,43.3048,-24.5506,107.31,5.0496,-144.094,82.7713,9.04328,-95.9137,91.5487,-7.46685,-121.887,126.076,13.1245,-63.4412,66.9981,9.34198,-60.9216,
24.5391,15.7617,43.3048,-24.5506,107.31,5.0496,-144.094,82.7713,9.04328,-95.9137,91.5487,-7.46685,-121.887,126.076,13.1245,-63.4412,66.9981,9.34198,-60.9216,
19.7355,15.3024,42.7123,-22.649,106.851,5.28472,-144.628,87.1155,11.6705,-93.681,91.5487,-7.46685,-121.887,129.828,15.4328,-63.6432,68.8997,7.84686,-61.6747,
19.7355,15.3024,42.7123,-22.649,106.851,5.28472,-144.628,87.1155,11.6705,-93.681,91.5487,-7.46685,-121.887,129.828,15.4328,-63.6432,68.8997,7.84686,-61.6747,
20.1084,22.9816,45.2077,-15.3426,107.224,5.08392,-147.052,87.1155,11.6705,-93.681,84.2423,-9.91866,-118.656,132.323,17.3612,-62.9516,68.8997,7.84686,-61.6747,
20.1084,22.9816,45.2077,-15.3426,107.224,5.08392,-147.052,87.1155,11.6705,-93.681,84.2423,-9.91866,-118.656,132.323,17.3612,-62.9516,68.8997,7.84686,-61.6747,
