32.5459,5.78058,17.8748,14.8615,106.78,-2.26597,-167.014,74.2343,8.20337,-96.9216,101,-11.3752,-100.86,92.1091,-11.7193,-131.787,115.861,-13.6318,-67.2016,
32.5459,5.78058,17.8748,14.8615,106.78,-2.26597,-167.014,74.2343,8.20337,-96.9216,101,-11.3752,-100.86,92.1091,-11.7193,-131.787,115.861,-13.6318,-67.2016,
34.8687,4.92911,22.1701,-0.244446,105.929,-2.48316,-166.037,71.06,7.26856,-102.541,101,-11.3752,-100.86,93.2301,-11.1374,-131.144,100.755,-8.59418,-68.3618,
34.8687,4.92911,22.1701,-0.244446,105.929,-2.48316,-166.037,71.06,7.26856,-102.541,101,-11.3752,-100.86,93.2301,-11.1374,-131.144,100.755,-8.59418,-68.3618,
35.5064,2.44345,24.1398,-2.59024,105.789,-2.59734,-166.07,70.2824,6.22617,-104.918,103.345,-10.9833,-102.458,94.4222,-10.6201,-130.936,100.755,-8.59418,-68.3618,
35.5064,2.44345,24.1398,-2.59024,105.789,-2.59734,-166.07,70.2824,6.22617,-104.918,103.345,-10.9833,-102.458,94.4222,-10.6201,-130.936,100.755,-8.59418,-68.3618,
35.6034,-1.37867,23.7504,-12.672,106.275,-2.66897,-166.229,70.6718,4.09582,-107.322,107.654,-9.83872,-105.854,94.4222,-10.6201,-130.936,94.9818,-7.03327,-67.2813,
35.6034,-1.37867,23.7504,-12.672,106.275,-2.66897,-166.229,70.6718,4.09582,-107.322,107.654,-9.83872,-105.854,94.4222,-10.6201,-130.936,94.9818,-7.03327,-67.2813,
34.8181,-2.04209,26.9768,-25.6402,106.719,-3.00003,-166.46,71.9013,3.8977,-106.464,108.761,-9.52929,-106.541,98.878,-8.51348,-131.342,83.1212,-2.32466,-63.9427,
34.8181,-2.04209,26.9768,-25.6402,106.719,-3.00003,-166.46,71.9013,3.8977,-106.464,108.761,-9.52929,-106.541,98.878,-8.51348,-131.342,83.1212,-2.32466,-63.9427,
34.7712,-2.08905,27.9912,-42.2224,106.672,-3.05061,-166.776,71.9013,3.8977,-106.464,108.761,-9.52929,-106.541,99.8925,-7.93909,-131.484,66.539,6.54209,-64.7304,
34.7712,-2.08905,27.9912,-42.2224,106.672,-3.05061,-166.776,71.9013,3.8977,-106.464,108.761,-9.52929,-106.541,99.8925,-7.93909,-131.484,66.539,6.54209,-64.7304,
32.5391,-4.79677,26.7579,-45.0139,106.756,-2.88157,-166.96,74.217,8.65882,-99.8842,111.553,-8.58283,-107.918,100.975,-7.27655,-131.724,66.539,6.54209,-64.7304,
32.5391,-4.79677,26.7579,-45.0139,106.756,-2.88157,-166.96,74.217,8.65882,-99.8842,111.553,-8.58283,-107.918,100.975,-7.27655,-131.724,66.539,6.54209,-64.7304,
35.6654,-4.43025,29.3043,-50.1574,107.336,-2.68341,-167.216,71.6706,10.2466,-100.558,111.766,-8.58926,-108.011,100.975,-7.27655,-131.724,61.6088,8.27619,-66.6703,
35.6654,-4.43025,29.3043,-50.1574,107.336,-2.68341,-167.216,71.6706,10.2466,-100.558,111.766,-8.58926,-108.011,100.975,-7.27655,-131.724,61.6088,8.27619,-66.6703,
37.9971,-4.14683,33.47,-57.4107,108.06,-2.39868,-167.386,70.0625,11.0719,-103.301,112.206,-8.51298,-108.25,103.532,-5.87436,-131.901,54.7957,10.8537,-69.0431,
37.9971,-4.14683,33.47,-57.4107,108.06,-2.39868,-167.386,70.0625,11.0719,-103.301,112.206,-8.51298,-108.25,103.532,-5.87436,-131.901,54.7957,10.8537,-69.0431,
38.1147,-4.02923,34.9426,-57.4107,108.177,-2.25715,-167.388,70.0625,11.0719,-103.301,112.206,-8.51298,-108.25,105.005,-4.99489,-131.756,54.7957,10.8537,-69.0431,
38.1147,-4.02923,34.9426,-57.4107,108.177,-2.25715,-167.388,70.0625,11.0719,-103.301,112.206,-8.51298,-108.25,105.005,-4.99489,-131.756,54.7957,10.8537,-69.0431,
28.8235,1.23341,31.1755,-44.6373,108.274,-1.68161,-167.573,79.4508,10.7497,-103.985,107.041,-8.52794,-109.913,110.626,-1.59406,-131.575,62.4036,10.9946,-67.3569,
28.8235,1.23341,31.1755,-44.6373,108.274,-1.68161,-167.573,79.4508,10.7497,-103.985,107.041,-8.52794,-109.913,110.626,-1.59406,-131.575,62.4036,10.9946,-67.3569,
25.4042,9.81133,31.8383,-36.3399,108.555,-1.47217,-167.621,83.1506,9.74968,-108.098,98.7434,-8.10819,-107.173,114.989,2.53004,-133.589,62.4036,10.9946,-67.3569,
25.4042,9.81133,31.8383,-36.3399,108.555,-1.47217,-167.621,83.1506,9.74968,-108.098,98.7434,-8.10819,-107.173,114.989,2.53004,-133.589,62.4036,10.9946,-67.3569,
24.9781,9.38528,36.2567,-27.7171,108.129,-1.80217,-165.628,83.1506,9.74968,-108.098,98.7434,-8.10819,-107.173,119.407,9.19364,-138.679,71.0263,8.29179,-66.8475,
24.9781,9.38528,36.2567,-27.7171,108.129,-1.80217,-165.628,83.1506,9.74968,-108.098,98.7434,-8.10819,-107.173,119.407,9.19364,-138.679,71.0263,8.29179,-66.8475,
26.7781,9.3024,42.5591,-26.0677,108.046,-1.44429,-165.649,81.2678,8.95336,-106.212,98.7434,-8.10819,-107.173,123.827,11.7114,-138.637,72.6757,7.41827,-67.6158,
26.7781,9.3024,42.5591,-26.0677,108.046,-1.44429,-165.649,81.2678,8.95336,-106.212,98.7434,-8.10819,-107.173,123.827,11.7114,-138.637,72.6757,7.41827,-67.6158,
24.5765,19.6078,42.222,-16.8941,110.7,-0.436209,-168.361,86.1236,11.3512,-104.108,91.0923,-8.79793,-120.625,128.346,13.4895,-137.753,74.1982,6.6342,-68.1001,
24.5765,19.6078,42.222,-16.8941,110.7,-0.436209,-168.361,86.1236,11.3512,-104.108,91.0923,-8.79793,-120.625,128.346,13.4895,-137.753,74.1982,6.6342,-68.1001,
21.7934,22.051,39.2984,-14.5914,110.841,-0.531253,-169.679,89.0472,12.2302,-103.324,88.7896,-9.55733,-119.902,128.346,13.4895,-137.753,74.1982,6.6342,-68.1001,
21.7934,22.051,39.2984,-14.5914,110.841,-0.531253,-169.679,89.0472,12.2302,-103.324,88.7896,-9.55733,-119.902,128.346,13.4895,-137.753,74.1982,6.6342,-68.1001,
19.6978,24.4831,41.0504,-9.13255,110.092,-1.23321,-169.803,90.3938,13.0985,-102.152,85.6085,-10.1731,-117.5,131.444,15.4228,-135.624,76.4759,5.88227,-68.7514,
19.6978,24.4831,41.0504,-9.13255,110.092,-1.23321,-169.803,90.3938,13.0985,-102.152,85.6085,-10.1731,-117.5,131.444,15.4228,-135.624,76.4759,5.88227,-68.7514,
16.6327,32.4615,35.789,2.44502,109.109,-1.39899,-169.591,92.4766,13.9658,-99.5915,76.6477,-11.4051,-113.187,128.266,15.2304,-136.93,79.0928,4.71186,-71.328,
16.6327,32.4615,35.789,2.44502,109.109,-1.39899,-169.591,92.4766,13.9658,-99.5915,76.6477,-11.4051,-113.187,128.266,15.2304,-136.93,79.0928,4.71186,-71.328,
12.1646,36.4676,28.4879,6.64526,109.8,-0.00531688,-171.478,97.6357,12.3641,-96.5796,73.3327,-12.6535,-111.665,126.124,14.2285,-136.699,79.978,4.19423,-72.3689,
12.1646,36.4676,28.4879,6.64526,109.8,-0.00531688,-171.478,97.6357,12.3641,-96.5796,73.3327,-12.6535,-111.665,126.124,14.2285,-136.699,79.978,4.19423,-72.3689,
10.2576,36.5663,16.7661,7.53901,109.005,0.292901,-173.015,98.7477,11.8885,-96.5424,72.439,-13.516,-110.928,115.514,8.82407,-135.518,79.978,4.19423,-72.3689,
10.2576,36.5663,16.7661,7.53901,109.005,0.292901,-173.015,98.7477,11.8885,-96.5424,72.439,-13.516,-110.928,115.514,8.82407,-135.518,79.978,4.19423,-72.3689,
8.92847,35.2372,7.33318,11.6166,107.676,0.419818,-173.048,98.7477,11.8885,-96.5424,72.439,-13.516,-110.928,106.081,3.89461,-133.477,84.0555,2.65339,-73.4003,
8.92847,35.2372,7.33318,11.6166,107.676,0.419818,-173.048,98.7477,11.8885,-96.5424,72.439,-13.516,-110.928,106.081,3.89461,-133.477,84.0555,2.65339,-73.4003,
4.72635,36.017,-2.2731,13.3888,107.652,0.559614,-172.873,102.925,11.2689,-93.0285,71.6346,-13.2484,-106.441,100.652,1.44224,-133.188,85.0234,2.4604,-73.3084,
4.72635,36.017,-2.2731,13.3888,107.652,0.559614,-172.873,102.925,11.2689,-93.0285,71.6346,-13.2484,-106.441,100.652,1.44224,-133.188,85.0234,2.4604,-73.3084,
3.51017,35.759,-3.86164,12.7584,108.024,0.887644,-172.421,104.514,11.197,-92.1716,72.265,-10.074,-102.507,100.652,1.44224,-133.188,85.0234,2.4604,-73.3084,
3.51017,35.759,-3.86164,12.7584,108.024,0.887644,-172.421,104.514,11.197,-92.1716,72.265,-10.074,-102.507,100.652,1.44224,-133.188,85.0234,2.4604,-73.3084,
1.63485,34.9366,-23.4317,12.3185,108.576,1.267,-172.297,106.941,10.9843,-91.1642,73.639,-9.33972,-102.58,83.5091,-7.29192,-133.654,85.9576,2.27003,-73.1206,
1.63485,34.9366,-23.4317,12.3185,108.576,1.267,-172.297,106.941,10.9843,-91.1642,73.639,-9.33972,-102.58,83.5091,-7.29192,-133.654,85.9576,2.27003,-73.1206,
1.36804,34.6698,-29.0421,14.9168,108.309,1.50998,-172.25,106.941,10.9843,-91.1642,73.639,-9.33972,-102.58,77.8987,-10.4198,-132.575,88.5558,1.64915,-79.2055,
1.36804,34.6698,-29.0421,14.9168,108.309,1.50998,-172.25,106.941,10.9843,-91.1642,73.639,-9.33972,-102.58,77.8987,-10.4198,-132.575,88.5558,1.64915,-79.2055,
0.673709,32.5184,-40.1889,14.8251,108.366,1.41885,-171.946,107.693,11.0078,-91.4739,75.848,-9.21061,-102.665,67.5039,-14.076,-126.871,90.6732,1.13329,-78.7677,
0.673709,32.5184,-40.1889,14.8251,108.366,1.41885,-171.946,107.693,11.0078,-91.4739,75.848,-9.21061,-102.665,67.5039,-14.076,-126.871,90.6732,1.13329,-78.7677,
1.5366,38.5338,-39.9448,21.5611,108.985,1.35075,-171.414,107.449,10.6511,-90.8543,70.4514,-10.4773,-100.557,67.5039,-14.076,-126.871,92.0125,0.681206,-78.6085,
1.5366,38.5338,-39.9448,21.5611,108.985,1.35075,-171.414,107.449,10.6511,-90.8543,70.4514,-10.4773,-100.557,67.5039,-14.076,-126.871,92.0125,0.681206,-78.6085,
2.01041,39.5076,-40.873,28.8571,109.16,1.102,-170.931,107.149,10.4288,-90.3848,69.6521,-11.1675,-99.3083,66.2763,-19.1569,-131.171,98.5092,-1.53047,-80.5964,
2.01041,39.5076,-40.873,28.8571,109.16,1.102,-170.931,107.149,10.4288,-90.3848,69.6521,-11.1675,-99.3083,66.2763,-19.1569,-131.171,98.5092,-1.53047,-80.5964,
1.65534,39.1525,-38.6499,28.8571,108.805,0.918851,-170.419,107.149,10.4288,-90.3848,69.6521,-11.1675,-99.3083,68.4994,-19.9066,-133.779,98.5092,-1.53047,-80.5964,
1.65534,39.1525,-38.6499,28.8571,108.805,0.918851,-170.419,107.149,10.4288,-90.3848,69.6521,-11.1675,-99.3083,68.4994,-19.9066,-133.779,98.5092,-1.53047,-80.5964,
11.311,31.6305,-26.6213,29.321,108.827,0.965733,-169.855,97.5157,8.52492,-94.0093,77.1962,-11.4658,-102.733,70.8945,-18.2994,-134.414,106.517,-5.19233,-77.6802,
11.311,31.6305,-26.6213,29.321,108.827,0.965733,-169.855,97.5157,8.52492,-94.0093,77.1962,-11.4658,-102.733,70.8945,-18.2994,-134.414,106.517,-5.19233,-77.6802,
14.0341,24.2313,-20.8371,21.6308,109.118,1.19477,-170.159,95.0835,7.48048,-93.0279,84.8864,-10.0488,-103.425,74.2464,-18.2463,-135.677,106.517,-5.19233,-77.6802,
14.0341,24.2313,-20.8371,21.6308,109.118,1.19477,-170.159,95.0835,7.48048,-93.0279,84.8864,-10.0488,-103.425,74.2464,-18.2463,-135.677,106.517,-5.19233,-77.6802,
16.0943,24.6668,-16.6354,32.3048,109.28,1.75235,-172.095,93.1859,6.59481,-88.9658,84.6134,-10.3254,-103.068,76.5505,-17.9783,-136.025,116.918,-13.4262,-68.3725,
16.0943,24.6668,-16.6354,32.3048,109.28,1.75235,-172.095,93.1859,6.59481,-88.9658,84.6134,-10.3254,-103.068,76.5505,-17.9783,-136.025,116.918,-13.4262,-68.3725,
15.9228,24.4953,-11.3346,38.698,109.109,2.80119,-176.352,93.1859,6.59481,-88.9658,84.6134,-10.3254,-103.068,81.8512,-15.7447,-135.814,123.311,-15.7572,-69.2002,
15.9228,24.4953,-11.3346,38.698,109.109,2.80119,-176.352,93.1859,6.59481,-88.9658,84.6134,-10.3254,-103.068,81.8512,-15.7447,-135.814,123.311,-15.7572,-69.2002,
26.9097,17.597,0.30635,32.4971,109.887,3.60716,-176.774,82.9777,8.97765,-85.3145,92.2904,-12.1803,-108.261,83.2841,-15.2031,-136.455,124.788,-16.1811,-70.6709,
26.9097,17.597,0.30635,32.4971,109.887,3.60716,-176.774,82.9777,8.97765,-85.3145,92.2904,-12.1803,-108.261,83.2841,-15.2031,-136.455,124.788,-16.1811,-70.6709,
29.8195,14.6365,5.06962,30.0313,109.393,3.75105,-175.723,79.5732,8.96221,-88.1927,94.7562,-12.5817,-109.394,84.6428,-14.856,-137.036,124.788,-16.1811,-70.6709,
29.8195,14.6365,5.06962,30.0313,109.393,3.75105,-175.723,79.5732,8.96221,-88.1927,94.7562,-12.5817,-109.394,84.6428,-14.856,-137.036,124.788,-16.1811,-70.6709,
31.8518,12.8443,10.004,25.4655,108.651,3.52155,-174.172,76.7989,9.06765,-89.893,95.8064,-12.2724,-109.806,86.8029,-14.0987,-136.899,121.272,-15.1694,-68.4037,
31.8518,12.8443,10.004,25.4655,108.651,3.52155,-174.172,76.7989,9.06765,-89.893,95.8064,-12.2724,-109.806,86.8029,-14.0987,-136.899,121.272,-15.1694,-68.4037,
36.2223,12.8336,17.3492,10.789,108.64,2.88113,-171.953,72.4177,9.3098,-92.2036,95.8064,-12.2724,-109.806,89.7669,-12.2141,-134.793,106.595,-9.74439,-70.1297,
36.2223,12.8336,17.3492,10.789,108.64,2.88113,-171.953,72.4177,9.3098,-92.2036,95.8064,-12.2724,-109.806,89.7669,-12.2141,-134.793,106.595,-9.74439,-70.1297,
41.0521,9.71909,21.3203,6.81578,109.499,2.41849,-170.514,68.4466,8.40102,-98.0967,99.7797,-10.7396,-111.709,89.7669,-12.2141,-134.793,106.595,-9.74439,-70.1297,
41.0521,9.71909,21.3203,6.81578,109.499,2.41849,-170.514,68.4466,8.40102,-98.0967,99.7797,-10.7396,-111.709,89.7669,-12.2141,-134.793,106.595,-9.74439,-70.1297,
41.1912,7.83549,24.8456,5.80099,108.63,2.08499,-170.916,67.4387,7.25768,-100.557,100.794,-10.6793,-112.35,92.2843,-10.6378,-132.869,106.595,-9.74439,-70.1297,
41.1912,7.83549,24.8456,5.80099,108.63,2.08499,-170.916,67.4387,7.25768,-100.557,100.794,-10.6793,-112.35,92.2843,-10.6378,-132.869,106.595,-9.74439,-70.1297,
40.3541,5.53401,27.4485,-6.2432,107.793,1.50644,-170.694,67.4387,7.25768,-100.557,102.259,-10.4894,-113.409,94.8872,-9.09749,-131.414,96.0156,-6.18774,-76.9842,
40.3541,5.53401,27.4485,-6.2432,107.793,1.50644,-170.694,67.4387,7.25768,-100.557,102.259,-10.4894,-113.409,94.8872,-9.09749,-131.414,96.0156,-6.18774,-76.9842,
41.2313,6.41128,28.6793,-23.7152,108.67,1.20284,-170.336,67.4387,7.25768,-100.557,102.259,-10.4894,-113.409,96.1181,-8.51494,-131.024,78.5435,0.643841,-72.62,
41.2313,6.41128,28.6793,-23.7152,108.67,1.20284,-170.336,67.4387,7.25768,-100.557,102.259,-10.4894,-113.409,96.1181,-8.51494,-131.024,78.5435,0.643841,-72.62,
40.8162,2.96788,29.4234,-32.7867,108.67,1.20284,-170.336,67.8538,4.91698,-103.003,105.702,-9.64745,-115.444,97.2772,-7.9924,-130.803,72.9155,3.96135,-71.7075,
40.8162,2.96788,29.4234,-32.7867,108.67,1.20284,-170.336,67.8538,4.91698,-103.003,105.702,-9.64745,-115.444,97.2772,-7.9924,-130.803,72.9155,3.96135,-71.7075,
36.1339,-1.83316,27.4212,-36.9679,108.05,1.0489,-169.585,71.9163,6.19689,-98.61,109.883,-8.25379,-116.007,99.3374,-6.84476,-130.842,72.9155,3.96135,-71.7075,
36.1339,-1.83316,27.4212,-36.9679,108.05,1.0489,-169.585,71.9163,6.19689,-98.61,109.883,-8.25379,-116.007,99.3374,-6.84476,-130.842,72.9155,3.96135,-71.7075,
34.1722,-2.66762,28.5879,-56.3767,107.216,1.10846,-169.053,73.0435,7.65692,-97.0667,109.883,-8.25379,-116.007,101.631,-5.53092,-131.043,53.5066,11.4029,-80.8814,
34.1722,-2.66762,28.5879,-56.3767,107.216,1.10846,-169.053,73.0435,7.65692,-97.0667,109.883,-8.25379,-116.007,101.631,-5.53092,-131.043,53.5066,11.4029,-80.8814,
39.7314,-3.07408,37.3722,-58.878,106.92,1.32985,-167.86,67.1884,11.5447,-101.151,109.994,-8.26316,-115.773,104.561,-3.87876,-130.726,51.1159,12.0584,-82.0599,
39.7314,-3.07408,37.3722,-58.878,106.92,1.32985,-167.86,67.1884,11.5447,-101.151,109.994,-8.26316,-115.773,104.561,-3.87876,-130.726,51.1159,12.0584,-82.0599,
37.9872,-2.17834,35.245,-57.0168,107.303,1.9154,-167.276,69.3156,11.6497,-101.158,109.481,-8.18927,-117.22,104.561,-3.87876,-130.726,52.4644,11.2703,-82.5478,
37.9872,-2.17834,35.245,-57.0168,107.303,1.9154,-167.276,69.3156,11.6497,-101.158,109.481,-8.18927,-117.22,104.561,-3.87876,-130.726,52.4644,11.2703,-82.5478,
33.9793,0.643846,37.4117,-49.323,107.671,2.2205,-167.492,73.6922,11.5825,-100.048,107.028,-8.20001,-116.875,111.104,0.112612,-131.103,57.7046,13.9681,-80.5975,
33.9793,0.643846,37.4117,-49.323,107.671,2.2205,-167.492,73.6922,11.5825,-100.048,107.028,-8.20001,-116.875,111.104,0.112612,-131.103,57.7046,13.9681,-80.5975,
34.0455,0.710107,39.7678,-45.7781,107.738,2.23023,-167.256,73.6922,11.5825,-100.048,107.028,-8.20001,-116.875,113.46,2.144,-131.917,61.2495,10.8107,-80.5854,
34.0455,0.710107,39.7678,-45.7781,107.738,2.23023,-167.256,73.6922,11.5825,-100.048,107.028,-8.20001,-116.875,113.46,2.144,-131.917,61.2495,10.8107,-80.5854,
24.863,-0.552192,33.8661,-42.8986,106.475,1.80921,-165.651,81.6124,11.4671,-98.5344,107.028,-8.20001,-116.875,115.479,4.90602,-133.581,64.1291,11.1759,-78.8813,
24.863,-0.552192,33.8661,-42.8986,106.475,1.80921,-165.651,81.6124,11.4671,-98.5344,107.028,-8.20001,-116.875,115.479,4.90602,-133.581,64.1291,11.1759,-78.8813,
24.7973,13.3764,36.6858,-25.5047,105.618,2.00687,-164.993,80.8212,11.2742,-99.9766,92.242,-7.0808,-118.715,117.507,8.37629,-136.592,66.7373,11.4299,-77.6598,
24.7973,13.3764,36.6858,-25.5047,105.618,2.00687,-164.993,80.8212,11.2742,-99.9766,92.242,-7.0808,-118.715,117.507,8.37629,-136.592,66.7373,11.4299,-77.6598,
22.7122,15.5527,45.6683,-23.8858,106.176,2.19814,-165.63,83.4636,12.698,-99.0984,90.6231,-8.08728,-121.819,129.132,15.2839,-136.991,66.7373,11.4299,-77.6598,
22.7122,15.5527,45.6683,-23.8858,106.176,2.19814,-165.63,83.4636,12.698,-99.0984,90.6231,-8.08728,-121.819,129.132,15.2839,-136.991,66.7373,11.4299,-77.6598,
22.5257,15.3662,47.138,-17.52,105.989,1.84703,-166.85,83.4636,12.698,-99.0984,90.6231,-8.08728,-121.819,130.602,15.811,-135.115,73.1032,8.79769,-79.6256,
22.5257,15.3662,47.138,-17.52,105.989,1.84703,-166.85,83.4636,12.698,-99.0984,90.6231,-8.08728,-121.819,130.602,15.811,-135.115,73.1032,8.79769,-79.6256,
12.5784,27.0489,36.5022,-3.74932,105.727,1.68201,-166.499,93.149,15.6321,-93.3984,78.6786,-10.4665,-112.793,129.651,15.5622,-135.258,74.9292,8.56423,-79.0672,
12.5784,27.0489,36.5022,-3.74932,105.727,1.68201,-166.499,93.149,15.6321,-93.3984,78.6786,-10.4665,-112.793,129.651,15.5622,-135.258,74.9292,8.56423,-79.0672,
10.7412,28.9978,32.8252,-1.47119,105.398,2.20396,-166.444,94.657,15.3313,-92.4583,76.4004,-10.9287,-110.956,127.482,15.0381,-135.497,74.9292,8.56423,-79.0672,
10.7412,28.9978,32.8252,-1.47119,105.398,2.20396,-166.444,94.657,15.3313,-92.4583,76.4004,-10.9287,-110.956,127.482,15.0381,-135.497,74.9292,8.56423,-79.0672,
10.6623,30.1164,30.5784,-0.273707,105.319,2.33833,-166.507,94.657,15.3313,-92.4583,75.2029,-11.4299,-109.602,125.235,14.0632,-135.236,74.9292,8.56423,-79.0672,
10.6623,30.1164,30.5784,-0.273707,105.319,2.33833,-166.507,94.657,15.3313,-92.4583,75.2029,-11.4299,-109.602,125.235,14.0632,-135.236,74.9292,8.56423,-79.0672,
8.83607,29.5855,18.5327,2.82574,104.788,2.25426,-166.639,95.9524,14.8667,-91.6551,75.2029,-11.4299,-109.602,114.485,8.36351,-132.067,78.0287,7.58849,-77.6023,
8.83607,29.5855,18.5327,2.82574,104.788,2.25426,-166.639,95.9524,14.8667,-91.6551,75.2029,-11.4299,-109.602,114.485,8.36351,-132.067,78.0287,7.58849,-77.6023,
4.03302,32.3494,10.197,8.69929,103.739,2.19528,-166.745,99.7055,14.0363,-89.8753,71.3892,-13.2989,-102.296,109.902,6.10072,-130.854,80.0885,6.67291,-78.0273,
4.03302,32.3494,10.197,8.69929,103.739,2.19528,-166.745,99.7055,14.0363,-89.8753,71.3892,-13.2989,-102.296,109.902,6.10072,-130.854,80.0885,6.67291,-78.0273,
2.8731,33.708,-2.33054,9.44804,104.348,2.66601,-166.336,101.475,13.8908,-88.2286,70.6405,-12.6268,-99.8223,99.1448,1.32736,-128.867,80.0885,6.67291,-78.0273,
2.8731,33.708,-2.33054,9.44804,104.348,2.66601,-166.336,101.475,13.8908,-88.2286,70.6405,-12.6268,-99.8223,99.1448,1.32736,-128.867,80.0885,6.67291,-78.0273,
1.84014,34.8837,-10.1425,11.9533,105.187,3.41427,-165.339,103.347,13.6341,-86.7832,70.3036,-11.6933,-97.6493,93.2046,-1.26984,-129.047,82.2568,5.58116,-77.6667,
1.84014,34.8837,-10.1425,11.9533,105.187,3.41427,-165.339,103.347,13.6341,-86.7832,70.3036,-11.6933,-97.6493,93.2046,-1.26984,-129.047,82.2568,5.58116,-77.6667,
1.71453,34.7581,-21.5231,15.2852,105.062,3.50875,-164.156,103.347,13.6341,-86.7832,70.3036,-11.6933,-97.6493,81.824,-7.99786,-129.869,85.5887,4.13485,-80.2516,
1.71453,34.7581,-21.5231,15.2852,105.062,3.50875,-164.156,103.347,13.6341,-86.7832,70.3036,-11.6933,-97.6493,81.824,-7.99786,-129.869,85.5887,4.13485,-80.2516,
-0.655078,32.7807,-29.4109,13.2095,105.16,3.54521,-163.866,105.815,13.408,-85.4182,72.3792,-9.67259,-96.4374,76.4041,-11.6154,-128.627,85.5887,4.13485,-80.2516,
-0.655078,32.7807,-29.4109,13.2095,105.16,3.54521,-163.866,105.815,13.408,-85.4182,72.3792,-9.67259,-96.4374,76.4041,-11.6154,-128.627,85.5887,4.13485,-80.2516,
-1.81125,31.639,-44.7082,13.1405,105.316,3.55725,-163.623,107.127,13.1037,-84.3225,73.6769,-9.28654,-96.2438,62.4188,-17.1803,-120.383,86.8174,3.73296,-80.6533,
-1.81125,31.639,-44.7082,13.1405,105.316,3.55725,-163.623,107.127,13.1037,-84.3225,73.6769,-9.28654,-96.2438,62.4188,-17.1803,-120.383,86.8174,3.73296,-80.6533,
-1.47026,34.2596,-46.087,20.364,105.591,3.50535,-163.33,107.061,13.0463,-84.339,71.3315,-9.78949,-96.4133,60.9744,-18.3464,-119.936,91.6955,2.28776,-79.1916,
-1.47026,34.2596,-46.087,20.364,105.591,3.50535,-163.33,107.061,13.0463,-84.339,71.3315,-9.78949,-96.4133,60.9744,-18.3464,-119.936,91.6955,2.28776,-79.1916,
-1.48444,37.7831,-40.1006,28.6733,105.518,3.33687,-163.089,107.003,12.603,-83.7886,67.735,-13.5945,-94.8711,66.9019,-20.2794,-125.985,96.4083,0.847833,-79.2925,
-1.48444,37.7831,-40.1006,28.6733,105.518,3.33687,-163.089,107.003,12.603,-83.7886,67.735,-13.5945,-94.8711,66.9019,-20.2794,-125.985,96.4083,0.847833,-79.2925,
1.1632,29.0429,-37.2883,22.6533,105.353,3.32027,-162.288,104.19,11.8011,-83.1839,76.3105,-14.9945,-98.5883,66.9019,-20.2794,-125.985,98.9638,0.0792632,-78.9217,
1.1632,29.0429,-37.2883,22.6533,105.353,3.32027,-162.288,104.19,11.8011,-83.1839,76.3105,-14.9945,-98.5883,66.9019,-20.2794,-125.985,98.9638,0.0792632,-78.9217,
4.50102,20.8733,-29.457,14.2935,105.544,3.59349,-162.642,101.043,11.3469,-85.436,84.6703,-13.1757,-102.061,71.5856,-19.9182,-130.095,98.9638,0.0792632,-78.9217,
4.50102,20.8733,-29.457,14.2935,105.544,3.59349,-162.642,101.043,11.3469,-85.436,84.6703,-13.1757,-102.061,71.5856,-19.9182,-130.095,98.9638,0.0792632,-78.9217,
6.87252,20.1916,-20.8156,19.5019,104.862,3.75927,-164.562,97.9893,10.5442,-87.7537,84.6703,-13.1757,-102.061,77.1737,-18.3704,-132.253,104.172,-2.64472,-75.598,
6.87252,20.1916,-20.8156,19.5019,104.862,3.75927,-164.562,97.9893,10.5442,-87.7537,84.6703,-13.1757,-102.061,77.1737,-18.3704,-132.253,104.172,-2.64472,-75.598,
6.77348,20.0925,-18.4612,29.8755,104.763,3.79612,-165.08,97.9893,10.5442,-87.7537,84.6703,-13.1757,-102.061,79.5282,-18.064,-132.866,114.546,-10.5395,-67.1781,
6.77348,20.0925,-18.4612,29.8755,104.763,3.79612,-165.08,97.9893,10.5442,-87.7537,84.6703,-13.1757,-102.061,79.5282,-18.064,-132.866,114.546,-10.5395,-67.1781,
17.3727,17.5204,-6.35502,31.0496,104.974,4.05239,-165.772,87.6014,9.86843,-75.7012,87.4537,-12.7863,-101.197,81.2464,-17.1433,-132.351,118.503,-12.4236,-66.634,
17.3727,17.5204,-6.35502,31.0496,104.974,4.05239,-165.772,87.6014,9.86843,-75.7012,87.4537,-12.7863,-101.197,81.2464,-17.1433,-132.351,118.503,-12.4236,-66.634,
20.3609,10.3993,1.44956,24.7097,104.193,4.15345,-164.903,83.832,10.0548,-80.2554,93.7936,-13.4021,-104.483,85.2816,-14.5914,-132.88,118.503,-12.4236,-66.634,
20.3609,10.3993,1.44956,24.7097,104.193,4.15345,-164.903,83.832,10.0548,-80.2554,93.7936,-13.4021,-104.483,85.2816,-14.5914,-132.88,118.503,-12.4236,-66.634,
20.1981,10.2365,3.71821,25.53,104.03,4.53198,-165.554,83.832,10.0548,-80.2554,93.7936,-13.4021,-104.483,87.5502,-13.6703,-132.499,119.324,-14.1752,-68.0639,
20.1981,10.2365,3.71821,25.53,104.03,4.53198,-165.554,83.832,10.0548,-80.2554,93.7936,-13.4021,-104.483,87.5502,-13.6703,-132.499,119.324,-14.1752,-68.0639,
26.811,8.63185,11.2106,16.9196,103.94,4.00852,-164.658,77.1288,9.34291,-86.5598,95.308,-13.9183,-105.525,88.3394,-13.22,-131.643,112.228,-12.7802,-67.8735,
26.811,8.63185,11.2106,16.9196,103.94,4.00852,-164.658,77.1288,9.34291,-86.5598,95.308,-13.9183,-105.525,88.3394,-13.22,-131.643,112.228,-12.7802,-67.8735,
31.7217,4.0996,16.3102,12.5763,103.751,3.70753,-163.018,72.0292,9.21804,-89.9204,99.6513,-12.4552,-107.861,88.3394,-13.22,-131.643,112.228,-12.7802,-67.8735,
31.7217,4.0996,16.3102,12.5763,103.751,3.70753,-163.018,72.0292,9.21804,-89.9204,99.6513,-12.4552,-107.861,88.3394,-13.22,-131.643,112.228,-12.7802,-67.8735,
31.6652,4.04313,16.3102,12.5763,103.694,3.74871,-162.749,72.0292,9.21804,-89.9204,99.6513,-12.4552,-107.861,88.3394,-13.22,-131.643,112.228,-12.7802,-67.8735,
31.6652,4.04313,16.3102,12.5763,103.694,3.74871,-162.749,72.0292,9.21804,-89.9204,99.6513,-12.4552,-107.861,88.3394,-13.22,-131.643,112.228,-12.7802,-67.8735,
32.0736,3.1566,21.188,-7.6371,103.513,3.96675,-162.839,71.4397,9.18655,-91.2705,100.357,-12.3437,-107.834,92.6277,-10.5828,-128.498,92.7196,-6.91182,-76.8052,
32.0736,3.1566,21.188,-7.6371,103.513,3.96675,-162.839,71.4397,9.18655,-91.2705,100.357,-12.3437,-107.834,92.6277,-10.5828,-128.498,92.7196,-6.91182,-76.8052,
34.8068,-0.325551,26.4525,-17.1014,103.581,3.89047,-163.43,68.7743,6.52227,-97.5598,103.907,-11.2366,-111.094,95.2268,-9.19738,-127.273,86.8053,-4.81816,-76.6087,
34.8068,-0.325551,26.4525,-17.1014,103.581,3.89047,-163.43,68.7743,6.52227,-97.5598,103.907,-11.2366,-111.094,95.2268,-9.19738,-127.273,86.8053,-4.81816,-76.6087,
34.1124,-1.82946,25.5189,-24.9535,103.82,3.68817,-163.563,69.708,5.26052,-98.3291,105.65,-10.765,-112.055,95.2268,-9.19738,-127.273,80.6963,-2.20884,-75.9858,
34.1124,-1.82946,25.5189,-24.9535,103.82,3.68817,-163.563,69.708,5.26052,-98.3291,105.65,-10.765,-112.055,95.2268,-9.19738,-127.273,80.6963,-2.20884,-75.9858,
31.8713,-4.04716,24.9752,-40.2835,104.519,3.33414,-163.686,72.6472,5.06438,-96.2467,108.566,-9.91482,-113.104,97.6225,-7.96481,-126.976,68.2822,3.85384,-78.2835,
31.8713,-4.04716,24.9752,-40.2835,104.519,3.33414,-163.686,72.6472,5.06438,-96.2467,108.566,-9.91482,-113.104,97.6225,-7.96481,-126.976,68.2822,3.85384,-78.2835,
32.1049,-3.81357,28.3364,-51.9632,104.752,3.52463,-163.482,72.6472,5.06438,-96.2467,108.566,-9.91482,-113.104,100.984,-6.26651,-127.448,56.6026,8.42283,-83.0846,
32.1049,-3.81357,28.3364,-51.9632,104.752,3.52463,-163.482,72.6472,5.06438,-96.2467,108.566,-9.91482,-113.104,100.984,-6.26651,-127.448,56.6026,8.42283,-83.0846,
31.455,-4.96555,28.9194,-58.2218,104.832,3.61318,-163.198,73.3775,6.82667,-94.8591,109.798,-9.41641,-114.289,102.297,-5.51018,-127.522,51.5762,9.76742,-85.0025,
31.455,-4.96555,28.9194,-58.2218,104.832,3.61318,-163.198,73.3775,6.82667,-94.8591,109.798,-9.41641,-114.289,102.297,-5.51018,-127.522,51.5762,9.76742,-85.0025,
38.048,-4.88354,36.5789,-61.9711,105.191,3.71616,-163.035,67.1428,8.71978,-98.432,110.074,-9.39924,-114.282,103.722,-4.57203,-127.446,48.1033,10.94,-86.3329,
38.048,-4.88354,36.5789,-61.9711,105.191,3.71616,-163.035,67.1428,8.71978,-98.432,110.074,-9.39924,-114.282,103.722,-4.57203,-127.446,48.1033,10.94,-86.3329,
38.1254,-3.21617,39.5608,-61.5665,106.454,4.35167,-162.808,68.3282,9.37074,-98.1634,109.67,-9.17042,-114.889,107.889,-2.20803,-127.135,48.1033,10.94,-86.3329,
38.1254,-3.21617,39.5608,-61.5665,106.454,4.35167,-162.808,68.3282,9.37074,-98.1634,109.67,-9.17042,-114.889,107.889,-2.20803,-127.135,48.1033,10.94,-86.3329,
38.698,-2.64354,44.2773,-55.3366,107.026,4.89612,-163.218,68.3282,9.37074,-98.1634,109.67,-9.17042,-114.889,112.606,1.10489,-128.102,54.3332,13.7028,-83.1849,
38.698,-2.64354,44.2773,-55.3366,107.026,4.89612,-163.218,68.3282,9.37074,-98.1634,109.67,-9.17042,-114.889,112.606,1.10489,-128.102,54.3332,13.7028,-83.1849,
23.5437,12.1763,31.653,-35.7993,106.798,4.59909,-162.501,83.2539,10.2817,-98.7539,94.6213,-8.14541,-112.715,114.907,3.62746,-129.704,58.822,10.9278,-82.3771,
23.5437,12.1763,31.653,-35.7993,106.798,4.59909,-162.501,83.2539,10.2817,-98.7539,94.6213,-8.14541,-112.715,114.907,3.62746,-129.704,58.822,10.9278,-82.3771,
23.6224,13.3864,34.6293,-33.6821,105.89,3.87936,-159.282,82.268,9.47586,-98.7102,92.5041,-7.42464,-113.794,116.897,6.86386,-132.254,58.822,10.9278,-82.3771,
23.6224,13.3864,34.6293,-33.6821,105.89,3.87936,-159.282,82.268,9.47586,-98.7102,92.5041,-7.42464,-113.794,116.897,6.86386,-132.254,58.822,10.9278,-82.3771,
24.7523,15.0844,46.5664,-27.4576,106.325,4.63042,-161.621,81.5724,9.75807,-97.2331,91.2403,-7.38891,-118.001,128.139,15.3309,-135.453,63.7827,11.0964,-82.6576,
24.7523,15.0844,46.5664,-27.4576,106.325,4.63042,-161.621,81.5724,9.75807,-97.2331,91.2403,-7.38891,-118.001,128.139,15.3309,-135.453,63.7827,11.0964,-82.6576,
24.8189,15.1511,46.5664,-27.4576,106.391,4.66155,-163.101,81.5724,9.75807,-97.2331,91.2403,-7.38891,-118.001,128.139,15.3309,-135.453,63.7827,11.0964,-82.6576,
24.8189,15.1511,46.5664,-27.4576,106.391,4.66155,-163.101,81.5724,9.75807,-97.2331,91.2403,-7.38891,-118.001,128.139,15.3309,-135.453,63.7827,11.0964,-82.6576,
14.1332,24.3866,39.2021,-11.4549,105.868,3.92966,-163.216,91.7351,13.7317,-94.8174,81.4817,-10.7252,-116.925,130.937,17.0456,-134.011,70.0268,8.6334,-83.4688,
14.1332,24.3866,39.2021,-11.4549,105.868,3.92966,-163.216,91.7351,13.7317,-94.8174,81.4817,-10.7252,-116.925,130.937,17.0456,-134.011,70.0268,8.6334,-83.4688,
13.6193,28.7613,33.1848,-7.7911,106.579,3.99315,-162.324,92.9599,14.3647,-93.7406,77.8179,-11.0427,-113.755,126.145,14.4946,-133.484,70.0268,8.6334,-83.4688,
13.6193,28.7613,33.1848,-7.7911,106.579,3.99315,-162.324,92.9599,14.3647,-93.7406,77.8179,-11.0427,-113.755,126.145,14.4946,-133.484,70.0268,8.6334,-83.4688,
12.2799,31.7533,28.3636,-1.59315,106.868,4.58887,-162.924,94.5886,14.3426,-92.7596,75.1152,-11.5078,-111.786,122.952,12.9471,-133.219,73.522,7.60795,-82.6439,
12.2799,31.7533,28.3636,-1.59315,106.868,4.58887,-162.924,94.5886,14.3426,-92.7596,75.1152,-11.5078,-111.786,122.952,12.9471,-133.219,73.522,7.60795,-82.6439,
11.402,30.8755,20.7239,-0.698162,105.991,4.62739,-163.57,94.5886,14.3426,-92.7596,75.1152,-11.5078,-111.786,115.312,8.41892,-131.245,74.417,7.06978,-83.0499,
11.402,30.8755,20.7239,-0.698162,105.991,4.62739,-163.57,94.5886,14.3426,-92.7596,75.1152,-11.5078,-111.786,115.312,8.41892,-131.245,74.417,7.06978,-83.0499,
5.33303,35.495,14.6445,4.97224,106.001,4.75428,-163.613,100.668,12.647,-89.6251,70.5061,-14.1531,-107.361,115.312,8.41892,-131.245,75.4783,6.46583,-83.5356,
5.33303,35.495,14.6445,4.97224,106.001,4.75428,-163.613,100.668,12.647,-89.6251,70.5061,-14.1531,-107.361,115.312,8.41892,-131.245,75.4783,6.46583,-83.5356,
4.42178,35.8304,13.4536,5.02802,106.281,4.91691,-163.364,101.859,12.5046,-88.8136,70.4503,-14.0976,-105.493,115.312,8.41892,-131.245,75.4783,6.46583,-83.5356,
4.42178,35.8304,13.4536,5.02802,106.281,4.91691,-163.364,101.859,12.5046,-88.8136,70.4503,-14.0976,-105.493,115.312,8.41892,-131.245,75.4783,6.46583,-83.5356,
3.90392,36.2632,-16.0044,6.97171,107.127,5.6493,-162.058,103.223,12.4037,-87.4786,70.8639,-13.341,-103.658,87.2188,-6.07529,-128.852,77.8356,5.53333,-82.3772,
3.90392,36.2632,-16.0044,6.97171,107.127,5.6493,-162.058,103.223,12.4037,-87.4786,70.8639,-13.341,-103.658,87.2188,-6.07529,-128.852,77.8356,5.53333,-82.3772,
0.314536,32.2837,-25.8598,6.78323,107.251,5.85346,-161.341,106.936,12.287,-84.8883,74.9668,-9.93506,-103.872,81.0762,-10.0024,-128.465,81.7501,4.26765,-83.1319,
0.314536,32.2837,-25.8598,6.78323,107.251,5.85346,-161.341,106.936,12.287,-84.8883,74.9668,-9.93506,-103.872,81.0762,-10.0024,-128.465,81.7501,4.26765,-83.1319,
-0.107027,30.1212,-26.4346,5.79089,107.404,5.94046,-160.729,107.511,12.2242,-84.2183,77.2825,-9.31006,-103.163,81.0762,-10.0024,-128.465,83.0734,3.83075,-82.9721,
-0.107027,30.1212,-26.4346,5.79089,107.404,5.94046,-160.729,107.511,12.2242,-84.2183,77.2825,-9.31006,-103.163,81.0762,-10.0024,-128.465,83.0734,3.83075,-82.9721,
0.202436,32.5388,-43.3432,7.94468,107.668,5.96103,-160.102,107.465,12.0141,-83.7033,75.1288,-9.59314,-102.613,64.122,-17.8566,-121.469,83.0734,3.83075,-82.9721,
0.202436,32.5388,-43.3432,7.94468,107.668,5.96103,-160.102,107.465,12.0141,-83.7033,75.1288,-9.59314,-102.613,64.122,-17.8566,-121.469,83.0734,3.83075,-82.9721,
0.179838,32.5162,-44.0939,15.9858,107.645,5.72962,-159.458,107.465,12.0141,-83.7033,75.1288,-9.59314,-102.613,63.3712,-18.849,-121.112,91.1146,1.31449,-82.0687,
0.179838,32.5162,-44.0939,15.9858,107.645,5.72962,-159.458,107.465,12.0141,-83.7033,75.1288,-9.59314,-102.613,63.3712,-18.849,-121.112,91.1146,1.31449,-82.0687,
0.155428,39.4911,-41.0103,25.9439,107.356,5.61256,-159.112,107.201,11.5872,-84.2738,67.8654,-13.2499,-100.018,66.1907,-19.8357,-124.193,93.8093,0.458428,-82.2188,
0.155428,39.4911,-41.0103,25.9439,107.356,5.61256,-159.112,107.201,11.5872,-84.2738,67.8654,-13.2499,-100.018,66.1907,-19.8357,-124.193,93.8093,0.458428,-82.2188,
2.0392,30.8863,-38.7466,20.5608,106.977,5.51368,-158.664,104.937,10.8961,-83.4552,76.0902,-13.5748,-103.625,66.1907,-19.8357,-124.193,96.651,-0.366683,-82.1367,
2.0392,30.8863,-38.7466,20.5608,106.977,5.51368,-158.664,104.937,10.8961,-83.4552,76.0902,-13.5748,-103.625,66.1907,-19.8357,-124.193,96.651,-0.366683,-82.1367,
9.54207,19.1069,-25.2967,8.55358,107.204,5.60047,-158.691,97.6623,9.40142,-88.8137,88.0974,-13.4377,-109.17,72.3655,-21.0785,-130.097,96.651,-0.366683,-82.1367,
9.54207,19.1069,-25.2967,8.55358,107.204,5.60047,-158.691,97.6623,9.40142,-88.8137,88.0974,-13.4377,-109.17,72.3655,-21.0785,-130.097,96.651,-0.366683,-82.1367,
9.60185,19.1667,-18.4533,20.3925,107.264,6.2181,-160.691,97.6623,9.40142,-88.8137,88.0974,-13.4377,-109.17,79.2089,-18.0611,-131.205,108.49,-8.79511,-72.9499,
9.60185,19.1667,-18.4533,20.3925,107.264,6.2181,-160.691,97.6623,9.40142,-88.8137,88.0974,-13.4377,-109.17,79.2089,-18.0611,-131.205,108.49,-8.79511,-72.9499,
13.6276,17.2451,-10.2402,25.902,105.181,6.57349,-162.932,91.5533,6.79962,-78.42,87.9358,-12.9164,-104.449,81.3131,-17.2883,-131.044,113.838,-11.1349,-71.2328,
13.6276,17.2451,-10.2402,25.902,105.181,6.57349,-162.932,91.5533,6.79962,-78.42,87.9358,-12.9164,-104.449,81.3131,-17.2883,-131.044,113.838,-11.1349,-71.2328,
19.2818,13.9577,-5.23118,25.9384,105.826,6.47951,-162.685,86.5443,9.12476,-77.5447,91.8684,-12.862,-105.828,81.3131,-17.2883,-131.044,117.807,-12.9651,-70.6991,
19.2818,13.9577,-5.23118,25.9384,105.826,6.47951,-162.685,86.5443,9.12476,-77.5447,91.8684,-12.862,-105.828,81.3131,-17.2883,-131.044,117.807,-12.9651,-70.6991,
22.9284,10.3929,3.51244,27.011,105.604,7.5941,-162.746,82.6757,9.2224,-82.2126,95.2111,-12.8587,-107.132,86.1881,-14.0619,-128.891,122.222,-15.5983,-72.2405,
22.9284,10.3929,3.51244,27.011,105.604,7.5941,-162.746,82.6757,9.2224,-82.2126,95.2111,-12.8587,-107.132,86.1881,-14.0619,-128.891,122.222,-15.5983,-72.2405,
22.9284,10.3929,4.52673,27.011,105.604,7.5941,-162.746,82.6757,9.2224,-82.2126,95.2111,-12.8587,-107.132,87.2024,-13.8712,-128.775,122.222,-15.5983,-72.2405,
22.9284,10.3929,4.52673,27.011,105.604,7.5941,-162.746,82.6757,9.2224,-82.2126,95.2111,-12.8587,-107.132,87.2024,-13.8712,-128.775,122.222,-15.5983,-72.2405,
34.8759,8.92068,17.271,16.7689,105.47,7.5427,-162.353,70.5941,8.74713,-92.5866,96.5493,-13.0561,-107.218,87.8651,-13.5445,-127.959,113.318,-13.5471,-74.1729,
34.8759,8.92068,17.271,16.7689,105.47,7.5427,-162.353,70.5941,8.74713,-92.5866,96.5493,-13.0561,-107.218,87.8651,-13.5445,-127.959,113.318,-13.5471,-74.1729,
37.5857,5.85406,19.4093,13.1307,106.042,6.65872,-160.98,68.4559,8.78304,-94.2868,100.187,-12.0521,-110.183,87.8651,-13.5445,-127.959,113.318,-13.5471,-74.1729,
37.5857,5.85406,19.4093,13.1307,106.042,6.65872,-160.98,68.4559,8.78304,-94.2868,100.187,-12.0521,-110.183,87.8651,-13.5445,-127.959,113.318,-13.5471,-74.1729,
39.3526,4.88891,25.4215,12.1775,106.03,6.50613,-160.242,66.677,8.60606,-96.4007,101.141,-12.1117,-110.72,92.0985,-11.0834,-125.004,113.318,-12.1945,-75.1772,
39.3526,4.88891,25.4215,12.1775,106.03,6.50613,-160.242,66.677,8.60606,-96.4007,101.141,-12.1117,-110.72,92.0985,-11.0834,-125.004,113.318,-12.1945,-75.1772,
38.68,4.21634,26.7766,-7.7738,105.357,6.42915,-160.339,66.677,8.60606,-96.4007,101.141,-12.1117,-110.72,93.4536,-10.4206,-124.757,93.3669,-7.7698,-80.3501,
38.68,4.21634,26.7766,-7.7738,105.357,6.42915,-160.339,66.677,8.60606,-96.4007,101.141,-12.1117,-110.72,93.4536,-10.4206,-124.757,93.3669,-7.7698,-80.3501,
41.1904,0.324247,29.6157,-24.8847,106.461,6.16982,-162.073,65.2711,3.03492,-105.059,106.137,-10.8189,-114.834,94.8868,-9.77307,-124.771,81.2525,-3.81131,-80.598,
41.1904,0.324247,29.6157,-24.8847,106.461,6.16982,-162.073,65.2711,3.03492,-105.059,106.137,-10.8189,-114.834,94.8868,-9.77307,-124.771,81.2525,-3.81131,-80.598,
39.9757,-0.6075,28.0552,-26.1623,106.807,6.0192,-162.459,66.8316,2.45061,-104.817,107.415,-10.3544,-115.687,94.8868,-9.77307,-124.771,81.2525,-3.81131,-80.598,
39.9757,-0.6075,28.0552,-26.1623,106.807,6.0192,-162.459,66.8316,2.45061,-104.817,107.415,-10.3544,-115.687,94.8868,-9.77307,-124.771,81.2525,-3.81131,-80.598,
37.92,-2.00199,28.8763,-39.9198,106.691,5.73958,-162.582,68.7711,2.81871,-103.378,108.693,-9.9304,-116.564,97.6473,-8.49814,-125.025,68.7733,1.69122,-84.0349,
37.92,-2.00199,28.8763,-39.9198,106.691,5.73958,-162.582,68.7711,2.81871,-103.378,108.693,-9.9304,-116.564,97.6473,-8.49814,-125.025,68.7733,1.69122,-84.0349,
38.0334,-1.88863,32.7294,-56.6732,106.804,5.76817,-162.88,68.7711,2.81871,-103.378,108.693,-9.9304,-116.564,101.5,-6.58847,-126.019,52.0199,8.2401,-90.4206,
38.0334,-1.88863,32.7294,-56.6732,106.804,5.76817,-162.88,68.7711,2.81871,-103.378,108.693,-9.9304,-116.564,101.5,-6.58847,-126.019,52.0199,8.2401,-90.4206,
37.8552,-3.5733,33.645,-62.4289,107.129,5.90248,-162.921,69.2737,5.75071,-98.4089,110.702,-9.34018,-119.689,102.919,-5.81554,-126.28,48.2733,9.30542,-91.9737,
37.8552,-3.5733,33.645,-62.4289,107.129,5.90248,-162.921,69.2737,5.75071,-98.4089,110.702,-9.34018,-119.689,102.919,-5.81554,-126.28,48.2733,9.30542,-91.9737,
40.2979,-3.16358,39.2812,-62.4269,107.537,6.2009,-163.177,67.2387,7.16462,-100.824,110.7,-9.27325,-120.645,106.52,-3.88076,-126.31,48.2733,9.30542,-91.9737,
40.2979,-3.16358,39.2812,-62.4269,107.537,6.2009,-163.177,67.2387,7.16462,-100.824,110.7,-9.27325,-120.645,106.52,-3.88076,-126.31,48.2733,9.30542,-91.9737,
40.1551,-2.9907,43.5109,-57.313,107.709,6.64254,-163.059,67.5544,8.08531,-101.41,110.7,-9.27325,-120.645,111.065,-1.19156,-126.451,53.3872,14.0481,-85.7719,
40.1551,-2.9907,43.5109,-57.313,107.709,6.64254,-163.059,67.5544,8.08531,-101.41,110.7,-9.27325,-120.645,111.065,-1.19156,-126.451,53.3872,14.0481,-85.7719,
40.358,2.06747,46.0195,-50.3059,107.912,7.16175,-164.007,67.5544,8.08531,-101.41,105.845,-9.12521,-121.284,113.574,0.689968,-127.217,55.5391,11.3463,-86.3673,
40.358,2.06747,46.0195,-50.3059,107.912,7.16175,-164.007,67.5544,8.08531,-101.41,105.845,-9.12521,-121.284,113.574,0.689968,-127.217,55.5391,11.3463,-86.3673,
30.125,7.6327,37.9757,-42.4147,108.11,7.14874,-163.918,77.9848,10.1284,-96.1241,100.477,-8.95755,-118.846,115.961,3.30669,-128.676,58.0624,10.2058,-85.4851,
30.125,7.6327,37.9757,-42.4147,108.11,7.14874,-163.918,77.9848,10.1284,-96.1241,100.477,-8.95755,-118.846,115.961,3.30669,-128.676,58.0624,10.2058,-85.4851,
25.7086,16.1022,42.657,-34.0728,108.237,6.53953,-160.943,82.5288,8.41991,-100.887,92.1352,-7.45708,-122.253,125.186,13.0945,-134.325,58.0624,10.2058,-85.4851,
25.7086,16.1022,42.657,-34.0728,108.237,6.53953,-160.943,82.5288,8.41991,-100.887,92.1352,-7.45708,-122.253,125.186,13.0945,-134.325,58.0624,10.2058,-85.4851,
27.0695,16.5516,50.597,-25.0407,108.687,6.95162,-161.674,81.6173,8.51683,-99.7787,92.1352,-7.45708,-122.253,132.214,15.7187,-131.661,67.0946,8.28654,-81.1507,
27.0695,16.5516,50.597,-25.0407,108.687,6.95162,-161.674,81.6173,8.51683,-99.7787,92.1352,-7.45708,-122.253,132.214,15.7187,-131.661,67.0946,8.28654,-81.1507,
20.9873,22.0796,42.3367,-19.8729,110.511,7.11508,-164.474,89.524,11.2725,-96.6213,88.4318,-9.60549,-126.503,131.861,16.2441,-130.45,68.5588,7.75425,-81.2449,
20.9873,22.0796,42.3367,-19.8729,110.511,7.11508,-164.474,89.524,11.2725,-96.6213,88.4318,-9.60549,-126.503,131.861,16.2441,-130.45,68.5588,7.75425,-81.2449,
18.3236,31.9099,40.6828,-7.84671,109.502,6.00603,-163.659,91.1779,12.1916,-94.5636,77.5916,-10.6061,-116.404,131.861,16.2441,-130.45,69.7449,7.42469,-81.2172,
18.3236,31.9099,40.6828,-7.84671,109.502,6.00603,-163.659,91.1779,12.1916,-94.5636,77.5916,-10.6061,-116.404,131.861,16.2441,-130.45,69.7449,7.42469,-81.2172,
14.0126,33.4091,36.3323,-4.82382,107.978,6.20331,-163.568,93.9653,12.7132,-92.2949,74.5687,-10.8155,-114.561,130.298,15.0908,-130.202,69.7449,7.42469,-81.2172,
14.0126,33.4091,36.3323,-4.82382,107.978,6.20331,-163.568,93.9653,12.7132,-92.2949,74.5687,-10.8155,-114.561,130.298,15.0908,-130.202,69.7449,7.42469,-81.2172,
14.4365,33.8331,30.9579,-2.79058,108.402,7.03877,-164.504,93.9653,12.7132,-92.2949,74.5687,-10.8155,-114.561,124.923,12.5445,-129.466,71.7781,6.83973,-79.3637,
14.4365,33.8331,30.9579,-2.79058,108.402,7.03877,-164.504,93.9653,12.7132,-92.2949,74.5687,-10.8155,-114.561,124.923,12.5445,-129.466,71.7781,6.83973,-79.3637,
11.0476,38.4003,19.0784,4.16532,108.742,7.61224,-165.414,97.6939,11.906,-89.3529,70.3413,-11.8562,-115.666,116.772,9.46983,-129.997,74.5066,5.23902,-82.0953,
11.0476,38.4003,19.0784,4.16532,108.742,7.61224,-165.414,97.6939,11.906,-89.3529,70.3413,-11.8562,-115.666,116.772,9.46983,-129.997,74.5066,5.23902,-82.0953,
7.72196,39.0228,16.7117,6.90115,107.783,7.70521,-165.97,100.061,11.3896,-88.5044,68.7598,-12.9822,-111.859,116.772,9.46983,-129.997,75.6609,4.63766,-82.9766,
7.72196,39.0228,16.7117,6.90115,107.783,7.70521,-165.97,100.061,11.3896,-88.5044,68.7598,-12.9822,-111.859,116.772,9.46983,-129.997,75.6609,4.63766,-82.9766,
5.65537,38.8636,-7.92982,9.28007,107.931,7.83409,-164.998,102.275,11.3212,-86.7828,69.0673,-12.2442,-110.313,94.3457,-0.371064,-132.571,78.3474,3.862,-85.1005,
5.65537,38.8636,-7.92982,9.28007,107.931,7.83409,-164.998,102.275,11.3212,-86.7828,69.0673,-12.2442,-110.313,94.3457,-0.371064,-132.571,78.3474,3.862,-85.1005,
6.81937,40.0276,-19.9077,11.9702,109.095,8.62015,-163.546,102.275,11.3212,-86.7828,69.0673,-12.2442,-110.313,82.3678,-7.67191,-132.275,81.0375,3.36347,-85.0174,
6.81937,40.0276,-19.9077,11.9702,109.095,8.62015,-163.546,102.275,11.3212,-86.7828,69.0673,-12.2442,-110.313,82.3678,-7.67191,-132.275,81.0375,3.36347,-85.0174,
4.0368,36.1572,-22.7834,9.38151,109.188,8.93695,-163.077,105.151,11.1273,-85.7545,73.0307,-9.28271,-110.038,82.3678,-7.67191,-132.275,82.4122,3.04891,-84.8017,
4.0368,36.1572,-22.7834,9.38151,109.188,8.93695,-163.077,105.151,11.1273,-85.7545,73.0307,-9.28271,-110.038,82.3678,-7.67191,-132.275,82.4122,3.04891,-84.8017,
1.90093,33.7461,-24.7875,8.49353,109.056,8.89101,-162.552,107.155,11.0892,-84.3466,75.3101,-8.45557,-109.188,82.3678,-7.67191,-132.275,83.8037,2.71075,-84.504,
1.90093,33.7461,-24.7875,8.49353,109.056,8.89101,-162.552,107.155,11.0892,-84.3466,75.3101,-8.45557,-109.188,82.3678,-7.67191,-132.275,83.8037,2.71075,-84.504,
1.92965,33.8055,-35.8473,11.653,109.116,8.85801,-162.443,107.186,10.9688,-84.0877,75.3101,-8.45557,-109.188,71.3386,-14.7147,-128.621,86.9631,1.84824,-83.6234,
1.92965,33.8055,-35.8473,11.653,109.116,8.85801,-162.443,107.186,10.9688,-84.0877,75.3101,-8.45557,-109.188,71.3386,-14.7147,-128.621,86.9631,1.84824,-83.6234,
1.97372,35.0815,-43.2654,17.4243,109.16,8.76015,-162.017,107.186,10.9688,-84.0877,74.0782,-8.22929,-108.822,63.9205,-17.7456,-123.715,91.5025,0.510165,-83.4067,
1.97372,35.0815,-43.2654,17.4243,109.16,8.76015,-162.017,107.186,10.9688,-84.0877,74.0782,-8.22929,-108.822,63.9205,-17.7456,-123.715,91.5025,0.510165,-83.4067,
3.74328,34.5436,-37.9329,20.1076,108.56,8.51974,-160.893,104.817,9.82838,-83.8346,74.0168,-11.8002,-107.94,66.8842,-17.4329,-125.506,94.1243,-0.281215,-83.3097,
3.74328,34.5436,-37.9329,20.1076,108.56,8.51974,-160.893,104.817,9.82838,-83.8346,74.0168,-11.8002,-107.94,66.8842,-17.4329,-125.506,94.1243,-0.281215,-83.3097,
6.76365,28.2277,-34.9602,16.5514,108.608,8.66985,-160.574,101.844,9.25605,-85.6015,80.3803,-12.0436,-112.49,66.8842,-17.4329,-125.506,96.9317,-1.05192,-83.0593,
6.76365,28.2277,-34.9602,16.5514,108.608,8.66985,-160.574,101.844,9.25605,-85.6015,80.3803,-12.0436,-112.49,66.8842,-17.4329,-125.506,96.9317,-1.05192,-83.0593,
9.94527,23.0023,-21.0594,19.6253,108.795,9.2948,-162.861,98.8499,8.31361,-87.299,85.7928,-11.9169,-116.365,77.7904,-17.8826,-134.534,105.418,-5.58763,-77.494,
9.94527,23.0023,-21.0594,19.6253,108.795,9.2948,-162.861,98.8499,8.31361,-87.299,85.7928,-11.9169,-116.365,77.7904,-17.8826,-134.534,105.418,-5.58763,-77.494,
8.95411,22.0112,-16.6585,27.7827,107.804,9.48203,-164.528,98.8499,8.31361,-87.299,85.7928,-11.9169,-116.365,82.1914,-16.5616,-134.487,113.575,-11.5129,-71.1506,
8.95411,22.0112,-16.6585,27.7827,107.804,9.48203,-164.528,98.8499,8.31361,-87.299,85.7928,-11.9169,-116.365,82.1914,-16.5616,-134.487,113.575,-11.5129,-71.1506,
12.397,22.9054,-12.7385,29.154,107.327,9.58795,-165.416,94.9299,5.8715,-83.5713,84.4215,-10.7489,-107.443,82.1914,-16.5616,-134.487,113.575,-11.5129,-71.1506,
12.397,22.9054,-12.7385,29.154,107.327,9.58795,-165.416,94.9299,5.8715,-83.5713,84.4215,-10.7489,-107.443,82.1914,-16.5616,-134.487,113.575,-11.5129,-71.1506,
19.8304,14.8299,-2.36807,25.4683,107.257,10.0271,-167.121,87.427,7.60444,-78.2047,92.4276,-11.4245,-111.445,85.059,-14.7937,-133.306,117.896,-13.5257,-69.9887,
19.8304,14.8299,-2.36807,25.4683,107.257,10.0271,-167.121,87.427,7.60444,-78.2047,92.4276,-11.4245,-111.445,85.059,-14.7937,-133.306,117.896,-13.5257,-69.9887,
25.0277,13.6062,3.58918,23.6191,108.858,11.2694,-168.977,83.8301,7.7003,-82.7149,95.2517,-11.3678,-112.412,87.4193,-13.5613,-133.666,118.871,-14.6959,-72.5501,
25.0277,13.6062,3.58918,23.6191,108.858,11.2694,-168.977,83.8301,7.7003,-82.7149,95.2517,-11.3678,-112.412,87.4193,-13.5613,-133.666,118.871,-14.6959,-72.5501,
31.9808,13.9896,11.3995,21.124,109.241,12.1663,-169.209,77.2605,7.66039,-88.0786,95.2517,-11.3678,-112.412,88.66,-13.335,-134.135,116.376,-13.6736,-73.7238,
31.9808,13.9896,11.3995,21.124,109.241,12.1663,-169.209,77.2605,7.66039,-88.0786,95.2517,-11.3678,-112.412,88.66,-13.335,-134.135,116.376,-13.6736,-73.7238,
34.8796,11.9862,16.7233,17.065,107.856,12.0409,-168.309,72.9762,8.22436,-90.3588,95.8696,-11.8502,-111.865,89.6995,-12.9909,-134.039,112.935,-12.5101,-74.7253,
34.8796,11.9862,16.7233,17.065,107.856,12.0409,-168.309,72.9762,8.22436,-90.3588,95.8696,-11.8502,-111.865,89.6995,-12.9909,-134.039,112.935,-12.5101,-74.7253,
35.1551,6.64165,17.8553,12.5769,106.999,11.1318,-166.002,71.8442,8.54168,-91.5473,100.358,-10.8727,-114.977,89.6995,-12.9909,-134.039,112.935,-12.5101,-74.7253,
35.1551,6.64165,17.8553,12.5769,106.999,11.1318,-166.002,71.8442,8.54168,-91.5473,100.358,-10.8727,-114.977,89.6995,-12.9909,-134.039,112.935,-12.5101,-74.7253,
36.4994,7.09809,23.1338,3.23539,107.456,10.8855,-165.316,70.9563,8.7975,-93.2265,100.358,-10.8727,-114.977,94.0902,-9.95329,-130.802,103.593,-9.38138,-77.1343,
36.4994,7.09809,23.1338,3.23539,107.456,10.8855,-165.316,70.9563,8.7975,-93.2265,100.358,-10.8727,-114.977,94.0902,-9.95329,-130.802,103.593,-9.38138,-77.1343,
40.1618,8.5115,27.9687,-7.72895,108.869,10.5516,-164.135,68.7074,7.40455,-97.5996,100.358,-10.8727,-114.977,96.6761,-8.25316,-129.057,92.6287,-5.65362,-78.4371,
40.1618,8.5115,27.9687,-7.72895,108.869,10.5516,-164.135,68.7074,7.40455,-97.5996,100.358,-10.8727,-114.977,96.6761,-8.25316,-129.057,92.6287,-5.65362,-78.4371,
38.6952,2.15368,26.1747,-26.6633,109.197,10.2024,-164.316,70.5014,3.89388,-101.392,107.043,-8.9518,-118.702,96.6761,-8.25316,-129.057,80.3796,-1.50614,-78.1276,
38.6952,2.15368,26.1747,-26.6633,109.197,10.2024,-164.316,70.5014,3.89388,-101.392,107.043,-8.9518,-118.702,96.6761,-8.25316,-129.057,80.3796,-1.50614,-78.1276,
36.3321,-0.114279,27.3745,-28.1586,108.424,9.97536,-165.408,72.0919,4.1356,-100.157,108.538,-8.39565,-119.51,99.4664,-6.71194,-128.051,80.3796,-1.50614,-78.1276,
36.3321,-0.114279,27.3745,-28.1586,108.424,9.97536,-165.408,72.0919,4.1356,-100.157,108.538,-8.39565,-119.51,99.4664,-6.71194,-128.051,80.3796,-1.50614,-78.1276,
36.5194,0.0730527,30.9511,-52.5238,108.611,9.27174,-166.898,72.0919,4.1356,-100.157,108.538,-8.39565,-119.51,103.043,-4.76787,-128.058,56.0144,9.64228,-86.0647,
36.5194,0.0730527,30.9511,-52.5238,108.611,9.27174,-166.898,72.0919,4.1356,-100.157,108.538,-8.39565,-119.51,103.043,-4.76787,-128.058,56.0144,9.64228,-86.0647,
33.9953,-1.37603,28.8191,-60.3416,109.499,9.00589,-166.959,75.5032,5.41039,-99.643,110.875,-7.58148,-119.751,104.322,-3.94579,-128.181,50.5329,11.1724,-88.1995,
33.9953,-1.37603,28.8191,-60.3416,109.499,9.00589,-166.959,75.5032,5.41039,-99.643,110.875,-7.58148,-119.751,104.322,-3.94579,-128.181,50.5329,11.1724,-88.1995,
38.347,-1.77781,33.4349,-64.481,109.234,8.8605,-166.327,70.8874,6.96733,-99.5022,111.012,-7.67715,-119.704,104.322,-3.94579,-128.181,46.5312,12.6201,-89.4179,
38.347,-1.77781,33.4349,-64.481,109.234,8.8605,-166.327,70.8874,6.96733,-99.5022,111.012,-7.67715,-119.704,104.322,-3.94579,-128.181,46.5312,12.6201,-89.4179,
40.3205,-2.27619,35.7028,-64.685,108.94,8.91804,-166.217,68.6195,8.28293,-102.458,111.216,-7.71302,-119.771,104.322,-3.94579,-128.181,46.5312,12.6201,-89.4179,
40.3205,-2.27619,35.7028,-64.685,108.94,8.91804,-166.217,68.6195,8.28293,-102.458,111.216,-7.71302,-119.771,104.322,-3.94579,-128.181,46.5312,12.6201,-89.4179,
39.9733,-1.82297,45.714,-61.2339,109.117,9.12903,-166.394,69.144,8.47633,-103.212,110.94,-7.74237,-119.99,114.858,2.34687,-127.651,49.7063,14.6925,-84.9257,
39.9733,-1.82297,45.714,-61.2339,109.117,9.12903,-166.394,69.144,8.47633,-103.212,110.94,-7.74237,-119.99,114.858,2.34687,-127.651,49.7063,14.6925,-84.9257,
30.9447,8.28534,38.0142,-45.8578,110.284,10.0032,-166.315,79.3394,9.77351,-101.492,101.999,-7.71063,-119.569,117.354,4.79974,-128.667,56.141,12.7655,-82.9035,
30.9447,8.28534,38.0142,-45.8578,110.284,10.0032,-166.315,79.3394,9.77351,-101.492,101.999,-7.71063,-119.569,117.354,4.79974,-128.667,56.141,12.7655,-82.9035,
27.471,15.8331,34.5955,-38.2549,110.229,10.2529,-165.978,82.758,8.19568,-104.122,94.3959,-6.46593,-118.526,117.354,4.79974,-128.667,56.141,12.7655,-82.9035,
27.471,15.8331,34.5955,-38.2549,110.229,10.2529,-165.978,82.758,8.19568,-104.122,94.3959,-6.46593,-118.526,117.354,4.79974,-128.667,56.141,12.7655,-82.9035,
27.4201,17.0997,39.0577,-31.1859,110.178,10.6809,-166.365,82.758,8.19568,-104.122,93.0784,-6.3276,-121.808,121.816,12.3839,-134.115,61.8925,13.2453,-79.4537,
27.4201,17.0997,39.0577,-31.1859,110.178,10.6809,-166.365,82.758,8.19568,-104.122,93.0784,-6.3276,-121.808,121.816,12.3839,-134.115,61.8925,13.2453,-79.4537,
29.3222,17.1425,52.6791,-27.3154,110.221,9.85731,-162.73,80.8986,8.22087,-102.417,93.0784,-6.3276,-121.808,133.578,18.6312,-132.647,65.7629,11.4467,-80.5062,
29.3222,17.1425,52.6791,-27.3154,110.221,9.85731,-162.73,80.8986,8.22087,-102.417,93.0784,-6.3276,-121.808,133.578,18.6312,-132.647,65.7629,11.4467,-80.5062,
27.7148,21.8619,53.2434,-19.2871,108.613,8.95709,-160.048,80.8986,8.22087,-102.417,86.7515,-9.15714,-126.542,134.142,19.0233,-131.311,67.4644,10.3671,-80.8881,
27.7148,21.8619,53.2434,-19.2871,108.613,8.95709,-160.048,80.8986,8.22087,-102.417,86.7515,-9.15714,-126.542,134.142,19.0233,-131.311,67.4644,10.3671,-80.8881,
17.581,29.361,43.2295,-10.2178,108.494,9.11382,-160.994,90.9126,12.8438,-101.951,79.1325,-9.85916,-120.05,134.142,19.0233,-131.311,68.9147,9.49149,-80.9405,
17.581,29.361,43.2295,-10.2178,108.494,9.11382,-160.994,90.9126,12.8438,-101.951,79.1325,-9.85916,-120.05,134.142,19.0233,-131.311,68.9147,9.49149,-80.9405,
18.6518,34.7618,36.0653,-7.33075,111.007,9.53459,-165.479,92.3554,12.8668,-99.7992,76.2454,-10.273,-118.279,128.421,16.5272,-131.094,68.9147,9.49149,-80.9405,
18.6518,34.7618,36.0653,-7.33075,111.007,9.53459,-165.479,92.3554,12.8668,-99.7992,76.2454,-10.273,-118.279,128.421,16.5272,-131.094,68.9147,9.49149,-80.9405,
15.3273,32.995,31.3131,-2.87785,109.24,8.76015,-163.212,93.9132,12.7423,-98.487,76.2454,-10.273,-118.279,125.226,14.4992,-130.537,73.3676,7.40161,-81.6895,
15.3273,32.995,31.3131,-2.87785,109.24,8.76015,-163.212,93.9132,12.7423,-98.487,76.2454,-10.273,-118.279,125.226,14.4992,-130.537,73.3676,7.40161,-81.6895,
11.4877,39.0424,23.8355,5.34992,109.085,10.422,-163.327,97.5977,11.9647,-96.1369,70.043,-13.2966,-112.695,121.433,11.993,-129.571,75.393,6.35701,-82.3326,
11.4877,39.0424,23.8355,5.34992,109.085,10.422,-163.327,97.5977,11.9647,-96.1369,70.043,-13.2966,-112.695,121.433,11.993,-129.571,75.393,6.35701,-82.3326,
7.03722,39.0155,10.6666,5.84994,108.558,10.5555,-163.184,101.521,11.1477,-95.6204,69.543,-13.4846,-110.888,112.188,6.92836,-127.998,75.393,6.35701,-82.3326,
7.03722,39.0155,10.6666,5.84994,108.558,10.5555,-163.184,101.521,11.1477,-95.6204,69.543,-13.4846,-110.888,112.188,6.92836,-127.998,75.393,6.35701,-82.3326,
3.79204,38.1011,-2.05756,9.07508,106.796,10.1101,-162.275,103.004,11.1304,-95.1255,68.6947,-13.0691,-108.678,100.946,1.68938,-127.22,77.7698,5.36555,-84.1286,
3.79204,38.1011,-2.05756,9.07508,106.796,10.1101,-162.275,103.004,11.1304,-95.1255,68.6947,-13.0691,-108.678,100.946,1.68938,-127.22,77.7698,5.36555,-84.1286,
3.32693,37.636,-8.14441,9.07508,106.331,10.057,-161.861,103.004,11.1304,-95.1255,68.6947,-13.0691,-108.678,94.8594,-1.23978,-127.407,77.7698,5.36555,-84.1286,
3.32693,37.636,-8.14441,9.07508,106.331,10.057,-161.861,103.004,11.1304,-95.1255,68.6947,-13.0691,-108.678,94.8594,-1.23978,-127.407,77.7698,5.36555,-84.1286,
-2.28869,33.3285,-19.8198,8.09076,106.327,10.513,-160.656,108.616,10.8137,-92.5029,72.9985,-9.82782,-106.748,88.7959,-4.60887,-127.521,81.0892,4.2421,-84.9652,
-2.28869,33.3285,-19.8198,8.09076,106.327,10.513,-160.656,108.616,10.8137,-92.5029,72.9985,-9.82782,-106.748,88.7959,-4.60887,-127.521,81.0892,4.2421,-84.9652,
-2.26273,31.2626,-31.4934,6.62273,106.768,11.0495,-160.002,109.031,10.7136,-92.2379,75.5057,-8.98257,-105.237,77.5376,-11.8506,-125.48,82.1284,3.91548,-84.963,
-2.26273,31.2626,-31.4934,6.62273,106.768,11.0495,-160.002,109.031,10.7136,-92.2379,75.5057,-8.98257,-105.237,77.5376,-11.8506,-125.48,82.1284,3.91548,-84.963,
-2.26817,31.2881,-41.4802,10.6815,106.794,11.4762,-158.829,109.062,10.6354,-91.8957,75.5057,-8.98257,-105.237,67.5817,-15.7701,-120.359,86.1872,2.78844,-84.7743,
-2.26817,31.2881,-41.4802,10.6815,106.794,11.4762,-158.829,109.062,10.6354,-91.8957,75.5057,-8.98257,-105.237,67.5817,-15.7701,-120.359,86.1872,2.78844,-84.7743,
-2.32365,31.2326,-44.1278,15.0438,106.738,11.2814,-157.597,109.062,10.6354,-91.8957,75.5057,-8.98257,-105.237,64.9341,-17.4477,-120.315,90.5495,1.28743,-84.5696,
-2.32365,31.2326,-44.1278,15.0438,106.738,11.2814,-157.597,109.062,10.6354,-91.8957,75.5057,-8.98257,-105.237,64.9341,-17.4477,-120.315,90.5495,1.28743,-84.5696,
-1.80244,29.6757,-41.5223,15.8544,106.926,11.2075,-156.735,108.729,10.0214,-89.5081,77.2505,-13.3324,-106.783,67.2064,-17.6274,-121.1,93.105,0.396511,-84.5087,
-1.80244,29.6757,-41.5223,15.8544,106.926,11.2075,-156.735,108.729,10.0214,-89.5081,77.2505,-13.3324,-106.783,67.2064,-17.6274,-121.1,93.105,0.396511,-84.5087,
0.76732,29.6757,-38.9526,15.8544,106.926,11.2075,-156.735,106.159,9.60233,-89.7567,77.2505,-13.3324,-106.783,67.2064,-17.6274,-121.1,93.105,0.396511,-84.5087,
0.76732,29.6757,-38.9526,15.8544,106.926,11.2075,-156.735,106.159,9.60233,-89.7567,77.2505,-13.3324,-106.783,67.2064,-17.6274,-121.1,93.105,0.396511,-84.5087,
3.87933,22.6401,-27.897,20.592,106.441,10.9207,-156.809,102.562,8.88426,-92.2501,83.8014,-13.6414,-111.252,74.6652,-19.7143,-129.467,104.393,-6.23164,-77.8356,
3.87933,22.6401,-27.897,20.592,106.441,10.9207,-156.809,102.562,8.88426,-92.2501,83.8014,-13.6414,-111.252,74.6652,-19.7143,-129.467,104.393,-6.23164,-77.8356,
10.3845,21.9439,-14.8454,23.7616,106.89,10.9377,-156.618,96.505,6.25418,-95.5414,84.9456,-11.6512,-105.772,81.6597,-15.8778,-130.759,108.707,-9.3285,-75.0569,
10.3845,21.9439,-14.8454,23.7616,106.89,10.9377,-156.618,96.505,6.25418,-95.5414,84.9456,-11.6512,-105.772,81.6597,-15.8778,-130.759,108.707,-9.3285,-75.0569,
12.2934,18.1531,-13.3207,25.4049,107.274,11.652,-158.827,94.9804,5.15079,-88.2604,89.1207,-12.5159,-109.93,81.6597,-15.8778,-130.759,114.526,-11.2912,-74.562,
12.2934,18.1531,-13.3207,25.4049,107.274,11.652,-158.827,94.9804,5.15079,-88.2604,89.1207,-12.5159,-109.93,81.6597,-15.8778,-130.759,114.526,-11.2912,-74.562,
19.0921,16.595,-1.40399,25.4049,105.716,11.897,-161.772,86.6235,7.54671,-87.904,89.1207,-12.5159,-109.93,85.2195,-14.3624,-129.779,114.526,-11.2912,-74.562,
19.0921,16.595,-1.40399,25.4049,105.716,11.897,-161.772,86.6235,7.54671,-87.904,89.1207,-12.5159,-109.93,85.2195,-14.3624,-129.779,114.526,-11.2912,-74.562,
18.8705,11.9832,0.858676,25.5538,105.494,12.0809,-163.047,86.6235,7.54671,-87.904,93.5108,-12.6821,-111.616,87.4822,-12.9326,-129.128,119.065,-13.4152,-79.9003,
18.8705,11.9832,0.858676,25.5538,105.494,12.0809,-163.047,86.6235,7.54671,-87.904,93.5108,-12.6821,-111.616,87.4822,-12.9326,-129.128,119.065,-13.4152,-79.9003,
20.2594,10.1268,3.10324,19.6551,106.883,12.6579,-163.288,86.6235,7.54671,-87.904,96.7561,-13.5771,-111.973,89.7268,-12.1833,-129.021,116.411,-13.3145,-80.1107,
20.2594,10.1268,3.10324,19.6551,106.883,12.6579,-163.288,86.6235,7.54671,-87.904,96.7561,-13.5771,-111.973,89.7268,-12.1833,-129.021,116.411,-13.3145,-80.1107,
20.1388,10.0062,3.10324,16.6345,106.762,12.8019,-163.138,86.6235,7.54671,-87.904,96.7561,-13.5771,-111.973,89.7268,-12.1833,-129.021,113.391,-12.8482,-80.4209,
20.1388,10.0062,3.10324,16.6345,106.762,12.8019,-163.138,86.6235,7.54671,-87.904,96.7561,-13.5771,-111.973,89.7268,-12.1833,-129.021,113.391,-12.8482,-80.4209,
30.3163,4.47935,18.7642,3.7473,104.667,12.646,-162.786,74.3511,7.22319,-99.3562,100.188,-11.6374,-113.481,93.1152,-9.9179,-125.472,103.935,-10.7391,-84.474,
30.3163,4.47935,18.7642,3.7473,104.667,12.646,-162.786,74.3511,7.22319,-99.3562,100.188,-11.6374,-113.481,93.1152,-9.9179,-125.472,103.935,-10.7391,-84.474,
33.6389,5.87661,21.9246,-7.02446,106.065,11.7863,-161.646,72.4258,7.39411,-100.387,100.188,-11.6374,-113.481,94.3504,-9.21714,-124.757,93.1636,-7.48758,-85.5315,
33.6389,5.87661,21.9246,-7.02446,106.065,11.7863,-161.646,72.4258,7.39411,-100.387,100.188,-11.6374,-113.481,94.3504,-9.21714,-124.757,93.1636,-7.48758,-85.5315,
35.3727,5.13894,24.0486,-14.4241,106.886,11.4328,-160.505,71.513,7.95333,-101.645,101.747,-11.4475,-113.96,95.5616,-8.45986,-124.178,87.3227,-5.7238,-86.1976,
35.3727,5.13894,24.0486,-14.4241,106.886,11.4328,-160.505,71.513,7.95333,-101.645,101.747,-11.4475,-113.96,95.5616,-8.45986,-124.178,87.3227,-5.7238,-86.1976,
37.9614,-0.0394559,27.2271,-25.0976,106.296,11.1968,-160.668,68.3344,5.56528,-110.132,106.335,-10.2038,-117.945,95.5616,-8.45986,-124.178,81.2377,-3.67896,-86.5171,
37.9614,-0.0394559,27.2271,-25.0976,106.296,11.1968,-160.668,68.3344,5.56528,-110.132,106.335,-10.2038,-117.945,95.5616,-8.45986,-124.178,81.2377,-3.67896,-86.5171,
36.809,-1.33977,31.1912,-26.2101,106.108,10.8279,-163.26,69.2991,3.07501,-112.953,107.448,-9.7467,-118.801,100.49,-6.50834,-124.332,81.2377,-3.67896,-86.5171,
36.809,-1.33977,31.1912,-26.2101,106.108,10.8279,-163.26,69.2991,3.07501,-112.953,107.448,-9.7467,-118.801,100.49,-6.50834,-124.332,81.2377,-3.67896,-86.5171,
35.7816,-1.15125,29.9753,-38.563,106.297,10.7118,-163.731,70.515,3.11813,-112.197,107.448,-9.7467,-118.801,100.49,-6.50834,-124.332,68.8849,1.66159,-91.2135,
35.7816,-1.15125,29.9753,-38.563,106.297,10.7118,-163.731,70.515,3.11813,-112.197,107.448,-9.7467,-118.801,100.49,-6.50834,-124.332,68.8849,1.66159,-91.2135,
32.253,-2.83085,28.5875,-62.3942,106.721,10.3136,-164.405,74.468,4.38258,-109.329,109.552,-9.27566,-119.45,103.055,-5.19611,-124.828,47.1577,8.35768,-100.639,
32.253,-2.83085,28.5875,-62.3942,106.721,10.3136,-164.405,74.468,4.38258,-109.329,109.552,-9.27566,-119.45,103.055,-5.19611,-124.828,47.1577,8.35768,-100.639,
35.04,-2.98104,31.6128,-62.306,106.483,10.1665,-164.486,71.4426,5.3599,-108.296,109.464,-9.11417,-120.027,103.055,-5.19611,-124.828,47.1577,8.35768,-100.639,
35.04,-2.98104,31.6128,-62.306,106.483,10.1665,-164.486,71.4426,5.3599,-108.296,109.464,-9.11417,-120.027,103.055,-5.19611,-124.828,47.1577,8.35768,-100.639,
39.2901,-2.41817,43.7668,-62.0848,106.824,10.692,-164.825,67.5342,6.91466,-112.948,109.242,-9.06851,-120.658,111.301,-1.19072,-124.693,47.1577,8.35768,-100.639,
39.2901,-2.41817,43.7668,-62.0848,106.824,10.692,-164.825,67.5342,6.91466,-112.948,109.242,-9.06851,-120.658,111.301,-1.19072,-124.693,47.1577,8.35768,-100.639,
39.2642,-2.44411,49.0322,-56.6451,106.798,11.1046,-164.821,67.5342,6.91466,-112.948,109.242,-9.06851,-120.658,116.566,2.52429,-126.605,52.5974,12.1899,-92.1464,
39.2642,-2.44411,49.0322,-56.6451,106.798,11.1046,-164.821,67.5342,6.91466,-112.948,109.242,-9.06851,-120.658,116.566,2.52429,-126.605,52.5974,12.1899,-92.1464,
30.1145,10.3745,39.8872,-41.437,106.794,11.3009,-165.014,76.6792,8.88957,-107.331,96.4191,-8.49478,-118.646,116.566,2.52429,-126.605,54.9821,10.9755,-91.2841,
30.1145,10.3745,39.8872,-41.437,106.794,11.3009,-165.014,76.6792,8.88957,-107.331,96.4191,-8.49478,-118.646,116.566,2.52429,-126.605,54.9821,10.9755,-91.2841,
30.3012,13.5933,39.8872,-38.405,106.98,11.4919,-165.465,76.6792,8.88957,-107.331,93.387,-7.89495,-118.756,116.566,2.52429,-126.605,54.9821,10.9755,-91.2841,
30.3012,13.5933,39.8872,-38.405,106.98,11.4919,-165.465,76.6792,8.88957,-107.331,93.387,-7.89495,-118.756,116.566,2.52429,-126.605,54.9821,10.9755,-91.2841,
22.621,15.5409,44.8244,-36.9746,107.498,11.8674,-165.988,84.8766,8.88391,-106.259,91.9567,-7.52589,-121.624,129.701,15.9815,-135.123,54.9821,10.9755,-91.2841,
22.621,15.5409,44.8244,-36.9746,107.498,11.8674,-165.988,84.8766,8.88391,-106.259,91.9567,-7.52589,-121.624,129.701,15.9815,-135.123,54.9821,10.9755,-91.2841,
23.146,14.9296,48.9531,-29.7268,106.886,11.4111,-163.191,83.7403,8.15758,-110.017,91.9567,-7.52589,-121.624,132.693,18.0905,-135.138,62.2299,10.6508,-90.4252,
23.146,14.9296,48.9531,-29.7268,106.886,11.4111,-163.191,83.7403,8.15758,-110.017,91.9567,-7.52589,-121.624,132.693,18.0905,-135.138,62.2299,10.6508,-90.4252,
22.3412,17.1376,49.4071,-21.6723,106.082,11.4225,-163.462,83.7403,8.15758,-110.017,88.9439,-9.5095,-132.092,133.147,18.2272,-134.716,67.2716,8.57701,-90.6656,
22.3412,17.1376,49.4071,-21.6723,106.082,11.4225,-163.462,83.7403,8.15758,-110.017,88.9439,-9.5095,-132.092,133.147,18.2272,-134.716,67.2716,8.57701,-90.6656,
24.9348,31.2903,50.8641,-8.47829,107.04,11.749,-165.366,82.1055,7.82179,-110.176,75.7499,-11.8835,-121.369,132.97,18.2878,-133.555,67.2716,8.57701,-90.6656,
24.9348,31.2903,50.8641,-8.47829,107.04,11.749,-165.366,82.1055,7.82179,-110.176,75.7499,-11.8835,-121.369,132.97,18.2878,-133.555,67.2716,8.57701,-90.6656,
18.823,32.3137,36.6387,-4.94186,108.064,10.6106,-167.126,89.2407,10.7512,-107.078,75.7499,-11.8835,-121.369,125.879,14.3086,-131.75,70.8081,7.43439,-89.1875,
18.823,32.3137,36.6387,-4.94186,108.064,10.6106,-167.126,89.2407,10.7512,-107.078,75.7499,-11.8835,-121.369,125.879,14.3086,-131.75,70.8081,7.43439,-89.1875,
14.2584,31.6986,28.9574,-4.03258,107.449,10.1245,-166.172,93.1902,12.0293,-102.389,75.7499,-11.8835,-121.369,122.148,11.9344,-130.831,71.7173,6.94594,-89.6243,
14.2584,31.6986,28.9574,-4.03258,107.449,10.1245,-166.172,93.1902,12.0293,-102.389,75.7499,-11.8835,-121.369,122.148,11.9344,-130.831,71.7173,6.94594,-89.6243,
11.8862,30.9297,27.3541,-2.91509,106.68,9.97054,-165.613,94.7934,11.9575,-101.724,75.7499,-11.8835,-121.369,122.148,11.9344,-130.831,72.8348,6.28229,-90.1649,
11.8862,30.9297,27.3541,-2.91509,106.68,9.97054,-165.613,94.7934,11.9575,-101.724,75.7499,-11.8835,-121.369,122.148,11.9344,-130.831,72.8348,6.28229,-90.1649,
7.03835,38.1195,8.3673,4.46371,106.491,11.4424,-167.678,99.4523,10.8012,-100.53,68.3711,-15.083,-114.828,107.82,4.20271,-127.309,72.8348,6.28229,-90.1649,
7.03835,38.1195,8.3673,4.46371,106.491,11.4424,-167.678,99.4523,10.8012,-100.53,68.3711,-15.083,-114.828,107.82,4.20271,-127.309,72.8348,6.28229,-90.1649,
5.54851,38.8503,-5.15839,10.575,106.419,11.8369,-168.717,100.871,10.9987,-100.344,67.5691,-14.549,-112.368,95.7125,-0.701858,-127.625,78.1441,4.19546,-90.5524,
5.54851,38.8503,-5.15839,10.575,106.419,11.8369,-168.717,100.871,10.9987,-100.344,67.5691,-14.549,-112.368,95.7125,-0.701858,-127.625,78.1441,4.19546,-90.5524,
-0.407399,36.2051,-15.5702,10.9314,104.688,11.6635,-168.749,105.095,10.8384,-95.9147,68.4829,-11.7593,-110.921,89.5253,-3.7274,-128.26,79.4143,3.84708,-90.4453,
-0.407399,36.2051,-15.5702,10.9314,104.688,11.6635,-168.749,105.095,10.8384,-95.9147,68.4829,-11.7593,-110.921,89.5253,-3.7274,-128.26,79.4143,3.84708,-90.4453,
-2.35574,30.8618,-17.0996,7.32158,104.269,11.6231,-168.016,106.625,10.8513,-94.7357,73.4073,-8.92055,-109.57,89.5253,-3.7274,-128.26,80.7289,3.52391,-90.262,
-2.35574,30.8618,-17.0996,7.32158,104.269,11.6231,-168.016,106.625,10.8513,-94.7357,73.4073,-8.92055,-109.57,89.5253,-3.7274,-128.26,80.7289,3.52391,-90.262,
-2.43936,29.9953,-28.9321,6.26247,104.462,11.7744,-167.578,106.901,10.7895,-93.6498,74.4665,-8.53433,-109.259,77.969,-10.7869,-127.725,80.7289,3.52391,-90.262,
-2.43936,29.9953,-28.9321,6.26247,104.462,11.7744,-167.578,106.901,10.7895,-93.6498,74.4665,-8.53433,-109.259,77.969,-10.7869,-127.725,80.7289,3.52391,-90.262,
-1.44025,30.9944,-39.3375,9.09275,105.461,12.3463,-166.691,106.901,10.7895,-93.6498,74.4665,-8.53433,-109.259,67.5636,-14.4403,-120.824,83.5592,2.76866,-90.7368,
-1.44025,30.9944,-39.3375,9.09275,105.461,12.3463,-166.691,106.901,10.7895,-93.6498,74.4665,-8.53433,-109.259,67.5636,-14.4403,-120.824,83.5592,2.76866,-90.7368,
0.949642,37.4612,-39.9036,23.5554,107.023,13.3358,-165.381,106.073,10.6825,-93.5738,69.5613,-8.7752,-106.525,66.1693,-14.9676,-118.897,93.1167,-0.170006,-90.5278,
0.949642,37.4612,-39.9036,23.5554,107.023,13.3358,-165.381,106.073,10.6825,-93.5738,69.5613,-8.7752,-106.525,66.1693,-14.9676,-118.897,93.1167,-0.170006,-90.5278,
5.92329,32.4925,-35.0117,18.5049,107.104,13.5702,-163.043,101.181,9.72368,-92.5174,74.6118,-10.518,-103.969,66.1693,-14.9676,-118.897,93.1167,-0.170006,-90.5278,
5.92329,32.4925,-35.0117,18.5049,107.104,13.5702,-163.043,101.181,9.72368,-92.5174,74.6118,-10.518,-103.969,66.1693,-14.9676,-118.897,93.1167,-0.170006,-90.5278,
6.71708,27.383,-25.8061,18.9605,107.898,13.5002,-161.585,101.181,9.72368,-92.5174,80.5151,-11.1147,-109.792,75.3749,-16.558,-129.18,99.4756,-2.05651,-88.4962,
6.71708,27.383,-25.8061,18.9605,107.898,13.5002,-161.585,101.181,9.72368,-92.5174,80.5151,-11.1147,-109.792,75.3749,-16.558,-129.18,99.4756,-2.05651,-88.4962,
6.61859,27.2845,-22.1318,24.6178,107.8,13.2328,-160.484,101.181,9.72368,-92.5174,80.5151,-11.1147,-109.792,79.0492,-16.6231,-130.893,105.133,-5.95408,-82.7698,
6.61859,27.2845,-22.1318,24.6178,107.8,13.2328,-160.484,101.181,9.72368,-92.5174,80.5151,-11.1147,-109.792,79.0492,-16.6231,-130.893,105.133,-5.95408,-82.7698,
6.68851,24.2373,-19.888,21.5007,107.869,13.081,-158.579,101.181,9.72368,-92.5174,83.6322,-9.96537,-105.301,81.293,-16.0397,-130.926,105.133,-5.95408,-82.7698,
6.68851,24.2373,-19.888,21.5007,107.869,13.081,-158.579,101.181,9.72368,-92.5174,83.6322,-9.96537,-105.301,81.293,-16.0397,-130.926,105.133,-5.95408,-82.7698,
10.1755,20.6456,-16.3198,26.9247,107.788,13.3188,-159.028,97.6128,8.99664,-95.779,87.1428,-11.7341,-106.57,81.293,-16.0397,-130.926,114.068,-11.8068,-76.9811,
10.1755,20.6456,-16.3198,26.9247,107.788,13.3188,-159.028,97.6128,8.99664,-95.779,87.1428,-11.7341,-106.57,81.293,-16.0397,-130.926,114.068,-11.8068,-76.9811,
9.69854,20.1686,-12.7041,26.9247,107.311,13.364,-159.665,97.6128,8.99664,-95.779,87.1428,-11.7341,-106.57,84.9087,-14.032,-129.561,114.068,-11.8068,-76.9811,
9.69854,20.1686,-12.7041,26.9247,107.311,13.364,-159.665,97.6128,8.99664,-95.779,87.1428,-11.7341,-106.57,84.9087,-14.032,-129.561,114.068,-11.8068,-76.9811,
13.5108,18.9116,-4.11002,32.5506,106.054,13.9276,-163.107,92.5436,6.68926,-94.2306,87.1428,-11.7341,-106.57,88.4336,-12.5623,-129.102,119.693,-14.762,-78.6696,
13.5108,18.9116,-4.11002,32.5506,106.054,13.9276,-163.107,92.5436,6.68926,-94.2306,87.1428,-11.7341,-106.57,88.4336,-12.5623,-129.102,119.693,-14.762,-78.6696,
17.7605,15.5756,-0.231216,23.4824,106.978,14.8101,-165.318,89.218,6.52986,-82.6526,91.4029,-11.9186,-108.431,88.9867,-12.2532,-128.094,114.885,-13.1747,-80.1097,
17.7605,15.5756,-0.231216,23.4824,106.978,14.8101,-165.318,89.218,6.52986,-82.6526,91.4029,-11.9186,-108.431,88.9867,-12.2532,-128.094,114.885,-13.1747,-80.1097,
23.07,11.0011,5.9302,18.8963,106.99,15.527,-164.591,83.92,8.31147,-85.1892,95.9889,-11.7658,-110.363,89.8502,-11.4021,-125.608,114.885,-13.1747,-80.1097,
23.07,11.0011,5.9302,18.8963,106.99,15.527,-164.591,83.92,8.31147,-85.1892,95.9889,-11.7658,-110.363,89.8502,-11.4021,-125.608,114.885,-13.1747,-80.1097,
28.8325,6.79442,15.0439,8.39534,105.635,14.5627,-161.257,76.8026,7.96284,-92.3388,98.8407,-10.278,-109.948,91.8465,-10.2071,-124.292,107.236,-10.2851,-84.0023,
28.8325,6.79442,15.0439,8.39534,105.635,14.5627,-161.257,76.8026,7.96284,-92.3388,98.8407,-10.278,-109.948,91.8465,-10.2071,-124.292,107.236,-10.2851,-84.0023,
37.5613,5.70647,23.0718,-9.85584,107.479,13.8473,-158.781,69.9174,8.51881,-95.7518,101.772,-9.62083,-111.578,92.9893,-9.59544,-124.088,91.9164,-4.79342,-86.8407,
37.5613,5.70647,23.0718,-9.85584,107.479,13.8473,-158.781,69.9174,8.51881,-95.7518,101.772,-9.62083,-111.578,92.9893,-9.59544,-124.088,91.9164,-4.79342,-86.8407,
37.6682,5.8134,24.3065,-9.85584,107.586,13.6359,-158.263,69.9174,8.51881,-95.7518,101.772,-9.62083,-111.578,94.2239,-9.01614,-124.138,91.9164,-4.79342,-86.8407,
37.6682,5.8134,24.3065,-9.85584,107.586,13.6359,-158.263,69.9174,8.51881,-95.7518,101.772,-9.62083,-111.578,94.2239,-9.01614,-124.138,91.9164,-4.79342,-86.8407,
37.6834,-0.0489933,27.9315,-20.2182,106.397,12.8514,-158.138,68.7139,8.88921,-97.1907,106.446,-8.80773,-115.055,96.6455,-7.69863,-124.365,86.2281,-3.11156,-86.3481,
37.6834,-0.0489933,27.9315,-20.2182,106.397,12.8514,-158.138,68.7139,8.88921,-97.1907,106.446,-8.80773,-115.055,96.6455,-7.69863,-124.365,86.2281,-3.11156,-86.3481,
40.76,0.294757,33.0494,-31.7003,106.741,12.6069,-158.09,65.9811,7.04973,-102.743,106.446,-8.80773,-115.055,99.0305,-6.59042,-125.042,74.746,1.62007,-84.9221,
40.76,0.294757,33.0494,-31.7003,106.741,12.6069,-158.09,65.9811,7.04973,-102.743,106.446,-8.80773,-115.055,99.0305,-6.59042,-125.042,74.746,1.62007,-84.9221,
