76.8254,100.584,-28.603,-0.245382,178.012,6.14953,28.8549,101.186,-1.90812,-167.294,77.4273,11.2063,-169.444,72.5832,-5.79015,-145.348,77.182,4.09129,-176.944,
76.8254,100.566,-28.5889,-0.263646,178.012,6.14953,28.8549,101.186,-1.90812,-167.294,77.4456,11.2082,-169.44,72.5973,-5.80116,-145.35,77.182,4.09129,-176.944,
76.827,100.584,-28.6051,-0.272553,178.029,6.1388,28.8533,101.202,-1.91427,-167.294,77.4456,11.2082,-169.44,72.5973,-5.80116,-145.35,77.1731,4.10099,-176.945,
76.8852,100.672,-28.6051,-0.242315,178.088,6.04021,28.8685,101.202,-1.91427,-167.294,77.4154,11.2417,-169.517,72.5973,-5.80116,-145.35,77.1731,4.10099,-176.945,
76.8852,100.672,-28.6051,-0.244904,178.088,6.04021,28.8685,101.202,-1.91427,-167.294,77.4154,11.2417,-169.517,72.5973,-5.80116,-145.35,77.1705,4.10641,-176.945,
76.8732,100.693,-28.6382,-0.244904,178.109,5.99262,28.883,101.236,-1.91865,-167.296,77.4154,11.2417,-169.517,72.5973,-5.80116,-145.35,77.1705,4.10641,-176.945,
76.8732,100.693,-28.6382,-0.244904,178.109,5.99262,28.883,101.236,-1.91865,-167.296,77.4154,11.2417,-169.517,72.5973,-5.80116,-145.35,77.1705,4.10641,-176.945,
76.8732,100.693,-28.6382,-0.244904,178.109,5.99262,28.883,101.236,-1.91865,-167.296,77.4154,11.2417,-169.517,72.5973,-5.80116,-145.35,77.1705,4.10641,-176.945,
76.8732,100.695,-28.6382,-0.243736,178.109,5.99262,28.883,101.236,-1.91865,-167.296,77.4142,11.2422,-169.517,72.5973,-5.80116,-145.35,77.1705,4.10641,-176.945,
76.8732,100.695,-28.6271,-0.233695,178.109,5.99262,28.883,101.236,-1.91865,-167.296,77.4142,11.2422,-169.517,72.6084,-5.77648,-145.335,77.1805,4.1118,-177.028,
76.8562,100.667,-28.6169,-0.233695,178.082,5.93885,28.9015,101.225,-1.90395,-167.574,77.4142,11.2422,-169.517,72.6084,-5.77648,-145.335,77.1805,4.1118,-177.028,
76.8562,100.655,-28.6244,-0.246106,178.082,5.93885,28.9015,101.225,-1.90395,-167.574,77.4266,11.225,-169.515,72.601,-5.78641,-145.334,77.1805,4.1118,-177.028,
76.8565,100.655,-28.624,-0.255614,178.082,5.93885,28.9015,101.225,-1.89952,-167.574,77.4266,11.225,-169.515,72.601,-5.78641,-145.334,77.171,4.10984,-177.029,
76.9049,100.703,-28.624,-0.255614,178.13,5.92603,28.9026,101.225,-1.89952,-167.574,77.4266,11.225,-169.515,72.601,-5.78641,-145.334,77.171,4.10984,-177.029,
76.9049,100.703,-28.624,-0.26073,178.13,5.92603,28.9026,101.225,-1.89952,-167.574,77.4266,11.225,-169.515,72.601,-5.78641,-145.334,77.1659,4.1101,-177.029,
76.8656,100.687,-28.6473,-0.26073,178.114,5.92687,28.8944,101.248,-1.88749,-167.575,77.4266,11.225,-169.515,72.601,-5.78641,-145.334,77.1659,4.1101,-177.029,
76.8656,100.703,-28.5943,-0.244733,178.114,5.92687,28.8944,101.248,-1.88749,-167.575,77.4106,11.2171,-169.562,72.654,-5.77828,-145.339,77.1659,4.1101,-177.029,
76.8515,100.699,-28.6045,-0.241099,178.11,5.91938,28.8911,101.259,-1.88475,-167.575,77.4106,11.2171,-169.562,72.654,-5.77828,-145.339,77.1695,4.11345,-177.029,
76.8518,100.705,-28.6045,-0.235648,178.11,5.91052,28.8885,101.259,-1.88475,-167.575,77.4052,11.2296,-169.563,72.654,-5.77828,-145.339,77.1695,4.11345,-177.029,
76.8457,100.705,-28.5914,-0.249323,178.11,5.91052,28.8885,101.265,-1.87224,-167.576,77.4052,11.2296,-169.563,72.6732,-5.78381,-145.341,77.1558,4.10634,-177.03,
76.8204,100.68,-28.5914,-0.249323,178.085,5.87046,28.8936,101.265,-1.87224,-167.576,77.4052,11.2296,-169.563,72.6732,-5.78381,-145.341,77.1558,4.10634,-177.03,
76.8204,100.72,-28.6016,-0.209611,178.085,5.87046,28.8936,101.265,-1.87224,-167.576,77.3655,11.2587,-169.57,72.663,-5.76694,-145.279,77.1558,4.10634,-177.03,
76.8358,100.71,-28.5768,-0.228545,178.076,5.86062,28.8939,101.24,-1.85422,-167.667,77.3655,11.2587,-169.57,72.663,-5.76694,-145.279,77.1369,4.11774,-176.896,
76.8216,100.699,-28.5705,-0.225922,178.061,5.84824,28.8917,101.24,-1.85422,-167.667,77.3628,11.2746,-169.571,72.6693,-5.76548,-145.28,77.1369,4.11774,-176.896,
76.8269,100.699,-28.5652,-0.21401,178.061,5.84824,28.8917,101.235,-1.85085,-167.667,77.3628,11.2746,-169.571,72.6693,-5.76548,-145.28,77.1488,4.11458,-176.895,
76.8533,100.725,-28.5652,-0.21401,178.088,5.77367,28.8888,101.235,-1.85085,-167.667,77.3628,11.2746,-169.571,72.6693,-5.76548,-145.28,77.1488,4.11458,-176.895,
76.8533,100.725,-28.5652,-0.21401,178.088,5.77367,28.8888,101.235,-1.85085,-167.667,77.3628,11.2746,-169.571,72.6693,-5.76548,-145.28,77.1488,4.11458,-176.895,
76.8533,100.725,-28.5652,-0.21401,178.088,5.77367,28.8888,101.235,-1.85085,-167.667,77.3628,11.2746,-169.571,72.6693,-5.76548,-145.28,77.1488,4.11458,-176.895,
76.8533,100.702,-28.5652,-0.236837,178.088,5.77367,28.8888,101.235,-1.85085,-167.667,77.3857,11.2398,-169.547,72.6693,-5.76548,-145.28,77.1488,4.11458,-176.895,
76.8531,100.702,-28.5378,-0.238893,178.088,5.77367,28.8888,101.235,-1.84765,-167.667,77.3857,11.2398,-169.547,72.6969,-5.75749,-145.282,77.1468,4.10123,-176.895,
76.8358,100.695,-28.5481,-0.238893,178.081,5.75742,28.8882,101.245,-1.85467,-167.667,77.3857,11.2398,-169.547,72.6969,-5.75749,-145.282,77.1468,4.10123,-176.895,
76.8358,100.712,-28.5557,-0.221619,178.081,5.75742,28.8882,101.245,-1.85467,-167.667,77.3684,11.2655,-169.551,72.6894,-5.77214,-145.282,77.1468,4.10123,-176.895,
76.8517,100.709,-28.5368,-0.244064,178.078,5.74033,28.8856,101.226,-1.84977,-167.373,77.3684,11.2655,-169.551,72.6894,-5.77214,-145.282,77.1243,4.11481,-176.776,
76.8635,100.745,-28.5464,-0.22028,178.09,5.72363,28.884,101.226,-1.84977,-167.373,77.3446,11.271,-169.555,72.6798,-5.75611,-145.255,77.1243,4.11481,-176.776,
76.8795,100.745,-28.5423,-0.225369,178.09,5.72363,28.884,101.21,-1.82966,-167.372,77.3446,11.271,-169.555,72.6679,-5.7496,-145.254,77.1192,4.09689,-176.777,
76.8897,100.755,-28.5423,-0.225369,178.1,5.70114,28.8769,101.21,-1.82966,-167.372,77.3446,11.271,-169.555,72.6679,-5.7496,-145.254,77.1192,4.09689,-176.777,
76.8897,100.767,-28.5506,-0.213388,178.1,5.70114,28.8769,101.21,-1.82966,-167.372,77.3326,11.266,-169.558,72.6596,-5.75714,-145.253,77.1192,4.09689,-176.777,
76.9004,100.775,-28.5479,-0.210116,178.108,5.69487,28.8745,101.207,-1.83165,-167.372,77.3326,11.266,-169.558,72.6596,-5.75714,-145.253,77.1225,4.08014,-176.776,
76.909,100.773,-28.5479,-0.220765,178.116,5.68603,28.873,101.207,-1.83165,-167.372,77.3433,11.2587,-169.556,72.6596,-5.75714,-145.253,77.1225,4.08014,-176.776,
76.9021,100.773,-28.5663,-0.198443,178.116,5.68603,28.873,101.214,-1.85374,-167.373,77.3433,11.2587,-169.556,72.6481,-5.75956,-145.252,77.1448,4.09126,-176.775,
76.9012,100.783,-28.5774,-0.198443,178.127,5.66231,28.88,101.226,-1.87451,-167.373,77.3433,11.2587,-169.556,72.6481,-5.75956,-145.252,77.1448,4.09126,-176.775,
76.9012,100.761,-28.5697,-0.220458,178.127,5.66231,28.88,101.226,-1.87451,-167.373,77.3653,11.2876,-169.606,72.6559,-5.76858,-145.253,77.1448,4.09126,-176.775,
76.9012,100.761,-28.5697,-0.220458,178.127,5.66231,28.88,101.226,-1.87451,-167.373,77.3653,11.2876,-169.606,72.6559,-5.76858,-145.253,77.1448,4.09126,-176.775,
76.9122,100.748,-28.5697,-0.245334,178.138,5.64936,28.888,101.226,-1.87451,-167.373,77.3902,11.2897,-169.601,72.6559,-5.76858,-145.253,77.1448,4.09126,-176.775,
76.9122,100.748,-28.5654,-0.245334,178.138,5.64936,28.888,101.226,-1.87451,-167.373,77.3902,11.2897,-169.601,72.6601,-5.76708,-145.253,77.1448,4.09126,-176.775,
76.9122,100.748,-28.5654,-0.245334,178.138,5.64936,28.888,101.226,-1.87451,-167.373,77.3902,11.2897,-169.601,72.6601,-5.76708,-145.253,77.1448,4.09126,-176.775,
76.9122,100.748,-28.5654,-0.245334,178.138,5.64936,28.888,101.226,-1.87451,-167.373,77.3902,11.2897,-169.601,72.6601,-5.76708,-145.253,77.1448,4.09126,-176.775,
76.9122,100.748,-28.5654,-0.245334,178.138,5.64936,28.888,101.226,-1.87451,-167.373,77.3902,11.2897,-169.601,72.6601,-5.76708,-145.253,77.1448,4.09126,-176.775,
76.9122,100.73,-28.4982,-0.262642,178.138,5.64936,28.888,101.226,-1.87451,-167.373,77.4075,11.2685,-169.62,72.7274,-5.79093,-145.188,77.1448,4.09126,-176.775,
76.9122,100.73,-28.531,-0.245027,178.138,5.64936,28.888,101.226,-1.87451,-167.373,77.4075,11.2685,-169.62,72.6945,-5.77124,-145.156,77.1624,4.1034,-176.821,
76.8497,100.749,-28.6118,-0.245027,178.156,5.65328,28.8905,101.306,-1.86804,-167.511,77.4075,11.2685,-169.62,72.6945,-5.77124,-145.156,77.1624,4.1034,-176.821,
76.8523,100.765,-28.6118,-0.231632,178.159,5.65616,28.8921,101.306,-1.86804,-167.511,77.3941,11.2455,-169.627,72.6945,-5.77124,-145.156,77.1624,4.1034,-176.821,
76.8523,100.765,-28.6244,-0.213183,178.159,5.65616,28.8921,101.306,-1.86804,-167.511,77.3941,11.2455,-169.627,72.682,-5.78677,-145.177,77.1809,4.10159,-176.82,
76.8523,100.765,-28.6244,-0.213183,178.159,5.65616,28.8921,101.306,-1.86804,-167.511,77.3941,11.2455,-169.627,72.682,-5.78677,-145.177,77.1809,4.10159,-176.82,
76.8438,100.755,-28.623,-0.211988,178.149,5.67371,28.8892,101.305,-1.90834,-167.511,77.3941,11.2455,-169.627,72.682,-5.78677,-145.177,77.1821,4.10611,-176.82,
76.8516,100.789,-28.623,-0.185186,178.157,5.6719,28.8842,101.305,-1.90834,-167.511,77.3673,11.2467,-169.632,72.682,-5.78677,-145.177,77.1821,4.10611,-176.82,
76.8578,100.789,-28.6168,-0.178628,178.157,5.6719,28.8842,101.299,-1.90991,-167.51,77.3673,11.2467,-169.632,72.682,-5.78677,-145.177,77.1886,4.10392,-176.792,
76.8611,100.798,-28.6218,-0.178628,178.165,5.65408,28.8803,101.304,-1.89843,-167.487,77.3673,11.2467,-169.632,72.682,-5.78677,-145.177,77.1886,4.10392,-176.792,
76.8611,100.793,-28.5788,-0.183068,178.165,5.65408,28.8803,101.304,-1.89843,-167.487,77.3717,11.2425,-169.631,72.725,-5.78796,-145.133,77.1886,4.10392,-176.792,
76.8432,100.793,-28.5967,-0.18287,178.165,5.65408,28.8803,101.322,-1.89098,-167.488,77.3717,11.2425,-169.631,72.725,-5.78796,-145.133,77.1888,4.09741,-176.792,
76.8553,100.815,-28.5967,-0.173308,178.177,5.65059,28.8772,101.322,-1.89098,-167.488,77.3622,11.2498,-169.633,72.725,-5.78796,-145.133,77.1888,4.09741,-176.792,
76.8388,100.815,-28.6044,-0.18578,178.177,5.65059,28.8772,101.338,-1.87061,-167.488,77.3622,11.2498,-169.633,72.7339,-5.78266,-145.134,77.1764,4.10627,-176.793,
76.8836,100.843,-28.588,-0.18578,178.205,5.66007,28.8748,101.322,-1.86278,-167.488,77.3622,11.2498,-169.633,72.7339,-5.78266,-145.134,77.1764,4.10627,-176.793,
76.8836,100.843,-28.594,-0.185855,178.205,5.66007,28.8748,101.322,-1.86278,-167.488,77.3622,11.2596,-169.512,72.7279,-5.7664,-145.134,77.1764,4.10627,-176.793,
76.8979,100.851,-28.5872,-0.185992,178.213,5.6661,28.8738,101.315,-1.84757,-167.488,77.3622,11.2596,-169.512,72.7279,-5.7664,-145.134,77.1762,4.13602,-176.793,
76.9114,100.848,-28.5782,-0.202303,178.226,5.67387,28.8777,101.315,-1.84757,-167.488,77.3785,11.2793,-169.508,72.7369,-5.77021,-145.135,77.1762,4.13602,-176.793,
76.9114,100.848,-28.5782,-0.202303,178.226,5.67387,28.8777,101.315,-1.84757,-167.488,77.3785,11.2793,-169.508,72.7369,-5.77021,-145.135,77.1762,4.13602,-176.793,
76.9114,100.848,-28.5782,-0.202303,178.226,5.67387,28.8777,101.315,-1.84757,-167.488,77.3785,11.2793,-169.508,72.7369,-5.77021,-145.135,77.1762,4.13602,-176.793,
76.9114,100.848,-28.5396,-0.202303,178.226,5.67387,28.8777,101.315,-1.84757,-167.488,77.3785,11.2793,-169.508,72.7755,-5.78304,-145.035,77.1762,4.13602,-176.793,
76.8733,100.848,-28.5776,-0.210362,178.226,5.67387,28.8777,101.353,-1.82606,-167.45,77.3785,11.2793,-169.508,72.7755,-5.78304,-145.035,77.1682,4.15739,-176.848,
76.8834,100.856,-28.5776,-0.212371,178.237,5.66853,28.8813,101.353,-1.82606,-167.45,77.3805,11.2818,-169.508,72.7755,-5.78304,-145.035,77.1682,4.15739,-176.848,
76.8478,100.856,-28.6028,-0.220868,178.237,5.66853,28.8813,101.389,-1.83422,-167.451,77.3805,11.2818,-169.508,72.786,-5.78075,-145.036,77.1597,4.15954,-176.848,
76.8598,100.868,-28.6028,-0.220868,178.249,5.66656,28.8772,101.389,-1.83422,-167.451,77.3805,11.2818,-169.508,72.786,-5.78075,-145.036,77.1597,4.15954,-176.848,
76.8598,100.853,-28.582,-0.2261,178.249,5.66656,28.8772,101.389,-1.83422,-167.451,77.3951,11.2644,-169.505,72.8068,-5.7836,-145.038,77.169,4.17313,-176.848,
76.8455,100.855,-28.5981,-0.2261,178.25,5.67375,28.8849,101.405,-1.81389,-167.452,77.3951,11.2644,-169.505,72.8068,-5.7836,-145.038,77.169,4.17313,-176.848,
76.798,100.813,-28.5984,-0.221216,178.203,5.76499,28.8646,101.405,-1.81389,-167.452,77.3903,11.2845,-169.464,72.8065,-5.76964,-145.038,77.169,4.17313,-176.848,
76.8006,100.813,-28.5814,-0.223149,178.203,5.76499,28.8646,101.402,-1.8159,-167.452,77.3903,11.2845,-169.464,72.821,-5.76686,-145.039,77.1671,4.17238,-176.848,
76.7855,100.798,-28.5814,-0.223149,178.188,5.79274,28.8614,101.402,-1.8159,-167.452,77.3903,11.2845,-169.464,72.821,-5.76686,-145.039,77.1671,4.17238,-176.848,
76.7855,100.759,-28.5814,-0.261583,178.188,5.79274,28.8614,101.402,-1.8159,-167.452,77.4287,11.2966,-169.456,72.821,-5.76686,-145.039,77.1671,4.17238,-176.848,
76.7734,100.747,-28.5814,-0.2403,178.176,5.80853,28.8607,101.402,-1.8159,-167.452,77.4287,11.2966,-169.456,72.821,-5.76686,-145.039,77.1884,4.17508,-176.846,
76.7617,100.738,-28.6025,-0.237342,178.164,5.83944,28.8558,101.402,-1.8159,-167.452,77.4257,11.3189,-169.457,72.7998,-5.75252,-145.238,77.1884,4.17508,-176.846,
76.7617,100.738,-28.6025,-0.254213,178.164,5.83944,28.8558,101.402,-1.8159,-167.452,77.4257,11.3189,-169.457,72.7998,-5.75252,-145.238,77.1715,4.18757,-176.695,
76.7542,100.731,-28.6025,-0.254213,178.157,5.88151,28.84,101.402,-1.8159,-167.452,77.4257,11.3189,-169.457,72.7998,-5.75252,-145.238,77.1715,4.18757,-176.695,
76.718,100.725,-28.6119,-0.254213,178.151,5.89819,28.8332,101.433,-1.76714,-167.297,77.4257,11.3189,-169.457,72.8206,-5.75173,-145.24,77.1715,4.18757,-176.695,
76.7063,100.708,-28.5937,-0.259657,178.139,5.92454,28.8309,101.433,-1.76714,-167.297,77.4312,11.3297,-169.456,72.8388,-5.75963,-145.242,77.1715,4.18757,-176.695,
76.7004,100.708,-28.5996,-0.23793,178.139,5.92454,28.8309,101.438,-1.74749,-167.297,77.4312,11.3297,-169.456,72.8388,-5.75963,-145.242,77.1932,4.19649,-176.693,
76.7004,100.708,-28.5996,-0.23793,178.139,5.92454,28.8309,101.438,-1.74749,-167.297,77.4312,11.3297,-169.456,72.8388,-5.75963,-145.242,77.1932,4.19649,-176.693,
76.7004,100.708,-28.5996,-0.23793,178.139,5.92454,28.8309,101.438,-1.74749,-167.297,77.4312,11.3297,-169.456,72.8388,-5.75963,-145.242,77.1932,4.19649,-176.693,
76.6626,100.685,-28.6152,-0.23793,178.117,5.94928,28.822,101.454,-1.74455,-167.297,77.4312,11.3297,-169.456,72.8388,-5.75963,-145.242,77.1932,4.19649,-176.693,
76.6317,100.602,-28.6053,-0.290592,178.086,5.99143,28.8182,101.454,-1.74455,-167.297,77.4838,11.357,-169.351,72.8486,-5.7643,-145.243,77.1932,4.19649,-176.693,
76.6317,100.602,-28.6073,-0.253216,178.086,5.99143,28.8182,101.454,-1.74455,-167.297,77.4838,11.357,-169.351,72.8467,-5.76515,-145.243,77.2306,4.21964,-176.69,
76.5636,100.55,-28.6239,-0.253216,178.034,6.01267,28.8099,101.471,-1.71568,-167.298,77.4838,11.357,-169.351,72.8467,-5.76515,-145.243,77.2306,4.21964,-176.69,
76.5636,100.556,-28.6109,-0.247527,178.034,6.01267,28.8099,101.471,-1.71568,-167.298,77.4781,11.3427,-169.352,72.8597,-5.77152,-145.379,77.2306,4.21964,-176.69,
76.5205,100.501,-28.5994,-0.264999,177.979,6.03286,28.8078,101.459,-1.72638,-167.55,77.4781,11.3427,-169.352,72.8597,-5.77152,-145.379,77.2131,4.22715,-176.839,
76.5184,100.493,-28.5994,-0.271194,177.977,6.04531,28.8057,101.459,-1.72638,-167.55,77.4843,11.3367,-169.351,72.8597,-5.77152,-145.379,77.2131,4.22715,-176.839,
76.4871,100.493,-28.6083,-0.250976,177.977,6.04531,28.8057,101.49,-1.70679,-167.551,77.4843,11.3367,-169.351,72.882,-5.77224,-145.381,77.2334,4.22038,-176.838,
76.3441,100.35,-28.6083,-0.250976,177.834,6.26788,28.7717,101.49,-1.70679,-167.551,77.4843,11.3367,-169.351,72.882,-5.77224,-145.381,77.2334,4.22038,-176.838,
76.3441,100.35,-28.6056,-0.228238,177.834,6.26788,28.7717,101.49,-1.70679,-167.551,77.4843,11.3367,-169.351,72.8847,-5.77787,-145.381,77.2561,4.21436,-176.836,
76.3102,100.316,-28.6056,-0.228238,177.8,6.30899,28.7676,101.49,-1.70679,-167.551,77.4843,11.3367,-169.351,72.8847,-5.77787,-145.381,77.2561,4.21436,-176.836,
76.2874,100.269,-28.5942,-0.25226,177.778,6.33137,28.7633,101.49,-1.70679,-167.551,77.5084,11.355,-169.391,72.8961,-5.77281,-145.382,77.2561,4.21436,-176.836,
76.2695,100.269,-28.612,-0.250593,177.778,6.33137,28.7633,101.508,-1.70487,-167.552,77.5084,11.355,-169.391,72.8961,-5.77281,-145.382,77.2578,4.22271,-176.836,
76.2035,100.214,-28.6247,-0.252356,177.724,6.36078,28.7545,101.521,-1.70035,-167.552,77.5101,11.3604,-169.391,72.8961,-5.77281,-145.382,77.2578,4.22271,-176.836,
76.2035,100.214,-28.6247,-0.260265,177.724,6.36078,28.7545,101.521,-1.70035,-167.552,77.5101,11.3604,-169.391,72.8961,-5.77281,-145.382,77.2499,4.23259,-176.837,
76.1833,100.194,-28.6247,-0.260265,177.704,6.37092,28.7449,101.521,-1.70035,-167.552,77.5101,11.3604,-169.391,72.8961,-5.77281,-145.382,77.2499,4.23259,-176.837,
76.1619,100.173,-28.6247,-0.265053,177.683,6.39554,28.7219,101.521,-1.70035,-167.552,77.5096,11.3616,-169.391,72.8961,-5.77281,-145.382,77.2446,4.24837,-176.884,
76.1596,100.171,-28.6248,-0.265053,177.681,6.40877,28.7166,101.521,-1.69317,-167.507,77.5096,11.3616,-169.391,72.8961,-5.77281,-145.382,77.2446,4.24837,-176.884,
76.1596,100.171,-28.6248,-0.265053,177.681,6.40877,28.7166,101.521,-1.69317,-167.507,77.5096,11.3616,-169.391,72.8961,-5.77281,-145.382,77.2446,4.24837,-176.884,
76.1596,100.171,-28.6248,-0.265053,177.681,6.40877,28.7166,101.521,-1.69317,-167.507,77.5096,11.3616,-169.391,72.8961,-5.77281,-145.382,77.2446,4.24837,-176.884,
76.1327,100.164,-28.6444,-0.265053,177.673,6.42796,28.7098,101.541,-1.68484,-167.508,77.5096,11.3616,-169.391,72.8961,-5.77281,-145.382,77.2446,4.24837,-176.884,
76.1209,100.117,-28.6354,-0.299922,177.661,6.452,28.7017,101.541,-1.68484,-167.508,77.5445,11.3438,-169.384,72.9051,-5.76786,-145.383,77.2446,4.24837,-176.884,
76.1209,100.117,-28.5936,-0.30454,177.661,6.452,28.7017,101.541,-1.68484,-167.508,77.5445,11.3438,-169.384,72.9469,-5.79328,-145.472,77.2399,4.24555,-176.884,
76.0271,100.072,-28.6441,-0.290298,177.618,6.49049,28.6952,101.591,-1.6678,-167.509,77.5465,11.3501,-169.384,72.9469,-5.79328,-145.472,77.2562,4.26211,-176.883,
76.0271,100.072,-28.634,-0.295612,177.618,6.49049,28.6952,101.591,-1.6678,-167.509,77.5461,11.3616,-169.416,72.957,-5.78251,-145.473,77.2505,4.27882,-176.883,
76.0063,100.034,-28.6171,-0.295612,177.58,6.51971,28.6931,101.574,-1.66172,-167.509,77.5461,11.3616,-169.416,72.957,-5.78251,-145.473,77.2505,4.27882,-176.883,
76.0063,100.022,-28.6171,-0.307668,177.58,6.51971,28.6931,101.574,-1.66172,-167.509,77.5582,11.3685,-169.414,72.957,-5.78251,-145.473,77.2505,4.27882,-176.883,
75.992,100.008,-28.6171,-0.307668,177.566,6.53468,28.6869,101.574,-1.66172,-167.509,77.5582,11.3685,-169.414,72.957,-5.78251,-145.473,77.2505,4.27882,-176.883,
75.9602,99.9762,-28.6171,-0.307668,177.534,6.568,28.6678,101.574,-1.66172,-167.509,77.5582,11.3685,-169.414,72.957,-5.78251,-145.473,77.2505,4.27882,-176.883,
75.976,99.9762,-28.5975,-0.308105,177.534,6.568,28.6678,101.558,-1.68383,-167.425,77.5582,11.3685,-169.414,72.9608,-5.76545,-145.398,77.2501,4.27389,-176.698,
75.9206,99.9207,-28.5975,-0.308105,177.479,6.62891,28.6495,101.558,-1.68383,-167.425,77.5582,11.3685,-169.414,72.9608,-5.76545,-145.398,77.2501,4.27389,-176.698,
75.9206,99.9568,-28.6069,-0.272075,177.479,6.62891,28.6495,101.558,-1.68383,-167.425,77.5222,11.3741,-169.421,72.9515,-5.75588,-145.397,77.2501,4.27389,-176.698,
75.9385,99.9463,-28.5786,-0.271529,177.469,6.64313,28.6457,101.53,-1.70054,-167.425,77.5222,11.3741,-169.421,72.9515,-5.75588,-145.397,77.2506,4.2765,-176.697,
75.9053,99.9132,-28.5786,-0.271529,177.435,6.67389,28.6302,101.53,-1.70054,-167.425,77.5222,11.3741,-169.421,72.9515,-5.75588,-145.397,77.2506,4.2765,-176.697,
75.9053,99.9132,-28.5834,-0.255265,177.435,6.67389,28.6302,101.53,-1.70054,-167.425,77.5222,11.3741,-169.421,72.9466,-5.74923,-145.396,77.2669,4.28707,-176.696,
75.8575,99.8784,-28.5964,-0.255265,177.401,6.70233,28.6163,101.543,-1.71219,-167.425,77.5222,11.3741,-169.421,72.9466,-5.74923,-145.396,77.2669,4.28707,-176.696,
75.8575,99.8605,-28.5787,-0.226038,177.401,6.70233,28.6163,101.543,-1.71219,-167.425,77.54,11.3965,-169.383,72.9643,-5.75946,-145.398,77.314,4.29342,-176.693,
75.8002,99.8406,-28.6161,-0.226038,177.381,6.71815,28.6101,101.58,-1.70649,-167.426,77.54,11.3965,-169.383,72.9643,-5.75946,-145.398,77.314,4.29342,-176.693,
75.8002,99.8406,-28.6161,-0.226038,177.381,6.71815,28.6101,101.58,-1.70649,-167.426,77.54,11.3965,-169.383,72.9643,-5.75946,-145.398,77.314,4.29342,-176.693,
75.8002,99.8406,-28.6161,-0.226038,177.381,6.71815,28.6101,101.58,-1.70649,-167.426,77.54,11.3965,-169.383,72.9643,-5.75946,-145.398,77.314,4.29342,-176.693,
75.7865,99.8269,-28.6161,-0.226038,177.367,6.74154,28.6037,101.58,-1.70649,-167.426,77.54,11.3965,-169.383,72.9643,-5.75946,-145.398,77.314,4.29342,-176.693,
75.7865,99.7576,-28.6197,-0.295332,177.367,6.74154,28.6037,101.58,-1.70649,-167.426,77.6093,11.3904,-169.369,72.9607,-5.76402,-145.398,77.314,4.29342,-176.693,
75.7526,99.7576,-28.6536,-0.286255,177.367,6.74154,28.6037,101.614,-1.69772,-167.262,77.6093,11.3904,-169.369,72.9607,-5.76402,-145.398,77.323,4.30132,-176.596,
75.7113,99.6643,-28.6536,-0.33822,177.326,6.79791,28.5954,101.614,-1.69772,-167.262,77.6613,11.3858,-169.359,72.9607,-5.76402,-145.398,77.323,4.30132,-176.596,
75.7113,99.6643,-28.6671,-0.366833,177.326,6.79791,28.5954,101.614,-1.69772,-167.262,77.6613,11.3858,-169.359,72.9472,-5.75631,-145.389,77.2944,4.29949,-176.598,
75.6691,99.6291,-28.6742,-0.366833,177.29,6.83172,28.5822,101.621,-1.68532,-167.262,77.6613,11.3858,-169.359,72.9472,-5.75631,-145.389,77.2944,4.29949,-176.598,
75.6691,99.6746,-28.6277,-0.315899,177.29,6.83172,28.5822,101.621,-1.68532,-167.262,77.6159,11.3773,-169.368,72.9937,-5.76437,-145.394,77.3,4.29893,-176.598,
75.6488,99.6615,-28.6349,-0.315899,177.277,6.84901,28.5758,101.629,-1.65698,-167.262,77.6159,11.3773,-169.368,72.9937,-5.76437,-145.394,77.3,4.29893,-176.598,
75.625,99.6994,-28.6222,-0.254227,177.254,6.883,28.5652,101.629,-1.65698,-167.262,77.5542,11.3659,-169.39,73.0063,-5.74369,-145.395,77.3,4.29893,-176.598,
75.625,99.6994,-28.6222,-0.253571,177.254,6.883,28.5652,101.629,-1.65698,-167.262,77.5542,11.3659,-169.39,73.0063,-5.74369,-145.395,77.3006,4.29968,-176.598,
75.6062,99.6728,-28.6145,-0.253571,177.227,6.91988,28.5543,101.621,-1.64563,-167.262,77.5542,11.3659,-169.39,73.0063,-5.74369,-145.395,77.3006,4.29968,-176.598,
75.6062,99.6683,-28.6145,-0.265313,177.227,6.91988,28.5543,101.621,-1.64563,-167.262,77.5587,11.3619,-169.389,73.0063,-5.74369,-145.395,77.2934,4.29072,-176.598,
75.522,99.5718,-28.6022,-0.265313,177.13,7.02624,28.5296,101.608,-1.67038,-167.262,77.5587,11.3619,-169.389,73.0063,-5.74369,-145.395,77.2934,4.29072,-176.598,
75.4981,99.5618,-28.6022,-0.251399,177.107,7.06367,28.5184,101.608,-1.67038,-167.262,77.5448,11.3642,-169.392,73.0063,-5.74369,-145.395,77.2934,4.29072,-176.598,
75.5161,99.5618,-28.57,-0.273065,177.107,7.06367,28.5184,101.59,-1.67758,-167.229,77.5448,11.3642,-169.392,73.0205,-5.73528,-145.319,77.2717,4.30034,-176.706,
75.5133,99.5484,-28.5593,-0.273065,177.093,7.09463,28.5125,101.58,-1.67018,-167.228,77.5448,11.3642,-169.392,73.0205,-5.73528,-145.319,77.2717,4.30034,-176.706,
75.5133,99.5426,-28.5593,-0.263038,177.093,7.09463,28.5125,101.58,-1.67018,-167.228,77.5506,11.3899,-169.391,73.0205,-5.73528,-145.319,77.2876,4.30709,-176.704,
75.4874,99.535,-28.5777,-0.244487,177.086,7.10766,28.509,101.598,-1.65443,-167.229,77.5506,11.3899,-169.391,73.0205,-5.73528,-145.319,77.3061,4.31747,-176.703,
75.4874,99.535,-28.5777,-0.244487,177.086,7.10766,28.509,101.598,-1.65443,-167.229,77.5506,11.3899,-169.391,73.0205,-5.73528,-145.319,77.3061,4.31747,-176.703,
75.4874,99.535,-28.5777,-0.244487,177.086,7.10766,28.509,101.598,-1.65443,-167.229,77.5506,11.3899,-169.391,73.0205,-5.73528,-145.319,77.3061,4.31747,-176.703,
75.4631,99.5107,-28.5777,-0.244487,177.061,7.14348,28.5041,101.598,-1.65443,-167.229,77.5506,11.3899,-169.391,73.0205,-5.73528,-145.319,77.3061,4.31747,-176.703,
75.4631,99.4466,-28.5448,-0.30859,177.061,7.14348,28.5041,101.598,-1.65443,-167.229,77.6147,11.4385,-169.406,73.0534,-5.72402,-145.322,77.3061,4.31747,-176.703,
75.4183,99.4325,-28.5755,-0.300735,177.047,7.15999,28.4966,101.629,-1.61846,-167.23,77.6147,11.4385,-169.406,73.0534,-5.72402,-145.322,77.314,4.32497,-176.702,
75.3965,99.4113,-28.5755,-0.300045,177.025,7.17502,28.4918,101.629,-1.61846,-167.23,77.614,11.442,-169.407,73.0534,-5.72402,-145.322,77.314,4.32497,-176.702,
75.3936,99.4113,-28.5819,-0.31553,177.025,7.17502,28.4918,101.632,-1.60938,-167.23,77.614,11.442,-169.407,73.0498,-5.70117,-145.377,77.2985,4.33397,-176.594,
75.3428,99.353,-28.5744,-0.31553,176.967,7.22139,28.4851,101.624,-1.60293,-167.321,77.614,11.442,-169.407,73.0498,-5.70117,-145.377,77.2985,4.33397,-176.594,
75.3428,99.3626,-28.5744,-0.312791,176.967,7.22139,28.4851,101.624,-1.60293,-167.321,77.6044,11.4457,-169.408,73.0498,-5.70117,-145.377,77.2916,4.33884,-176.595,
75.3468,99.3626,-28.5704,-0.312791,176.967,7.22139,28.4851,101.62,-1.59748,-167.32,77.6044,11.4457,-169.408,73.0498,-5.70117,-145.377,77.2916,4.33884,-176.595,
75.3123,99.3609,-28.5684,-0.279937,176.932,7.25152,28.467,101.62,-1.59748,-167.32,77.5716,11.4435,-169.415,73.0518,-5.71186,-145.377,77.2916,4.33884,-176.595,
75.3034,99.3609,-28.5718,-0.287109,176.932,7.25152,28.467,101.629,-1.59913,-167.321,77.5716,11.4435,-169.415,73.0573,-5.71618,-145.377,77.2844,4.34551,-176.595,
75.2876,99.357,-28.5836,-0.287109,176.929,7.29119,28.4479,101.641,-1.59492,-167.321,77.5716,11.4435,-169.415,73.0573,-5.71618,-145.377,77.2844,4.34551,-176.595,
75.2876,99.3712,-28.5972,-0.271447,176.929,7.29119,28.4479,101.641,-1.59492,-167.321,77.5573,11.4428,-169.418,73.0438,-5.69988,-145.376,77.2859,4.34922,-176.595,
75.2605,99.3616,-28.6146,-0.268066,176.919,7.29861,28.4418,101.658,-1.59048,-167.321,77.5573,11.4428,-169.418,73.0438,-5.69988,-145.376,77.2892,4.34873,-176.595,
75.2105,99.325,-28.6146,-0.254726,176.869,7.33596,28.4503,101.658,-1.59048,-167.321,77.544,11.4478,-169.576,73.0438,-5.69988,-145.376,77.2892,4.34873,-176.595,
75.2105,99.325,-28.5914,-0.254726,176.869,7.33596,28.4503,101.658,-1.59048,-167.321,77.544,11.4478,-169.576,73.0671,-5.69387,-145.378,77.2892,4.34873,-176.595,
75.193,99.3075,-28.5914,-0.254726,176.851,7.36005,28.4417,101.658,-1.59048,-167.321,77.544,11.4478,-169.576,73.0671,-5.69387,-145.378,77.2892,4.34873,-176.595,
75.193,99.278,-28.5877,-0.298119,176.851,7.36005,28.4417,101.658,-1.59048,-167.321,77.5735,11.4685,-169.57,73.0707,-5.68023,-145.509,77.2754,4.35492,-176.596,
75.1069,99.1919,-28.5877,-0.282628,176.765,7.37789,28.4157,101.658,-1.59048,-167.321,77.5735,11.4685,-169.57,73.0707,-5.68023,-145.509,77.2908,4.37893,-176.663,
75.1069,99.1919,-28.5877,-0.282628,176.765,7.37789,28.4157,101.658,-1.59048,-167.321,77.5735,11.4685,-169.57,73.0707,-5.68023,-145.509,77.2908,4.37893,-176.663,
75.1069,99.1919,-28.5877,-0.282628,176.765,7.37789,28.4157,101.658,-1.59048,-167.321,77.5735,11.4685,-169.57,73.0707,-5.68023,-145.509,77.2908,4.37893,-176.663,
75.1069,99.1919,-28.5763,-0.284308,176.765,7.37789,28.4157,101.658,-1.59048,-167.321,77.5735,11.4685,-169.57,73.0821,-5.68901,-145.51,77.2892,4.37853,-176.663,
75.0774,99.163,-28.577,-0.284308,176.736,7.3881,28.4106,101.659,-1.56118,-167.37,77.5735,11.4685,-169.57,73.0821,-5.68901,-145.51,77.2892,4.37853,-176.663,
75.0603,99.1391,-28.5765,-0.291173,176.719,7.39974,28.4007,101.659,-1.56118,-167.37,77.5803,11.4736,-169.569,73.0826,-5.69227,-145.51,77.2892,4.37853,-176.663,
75.0464,99.1391,-28.5702,-0.297197,176.719,7.39974,28.4007,101.673,-1.54622,-167.37,77.5803,11.4736,-169.569,73.1028,-5.69743,-145.512,77.2831,4.38461,-176.663,
74.9887,99.1131,-28.5702,-0.26549,176.662,7.48863,28.3698,101.673,-1.54622,-167.37,77.5486,11.4786,-169.555,73.1028,-5.69743,-145.512,77.2831,4.38461,-176.663,
74.9887,99.1094,-28.5552,-0.277136,176.662,7.48863,28.3698,101.673,-1.54622,-167.37,77.5524,11.4803,-169.554,73.1178,-5.69753,-145.514,77.2753,4.38461,-176.664,
74.9505,99.0995,-28.5836,-0.277136,176.652,7.5198,28.3627,101.701,-1.52496,-167.371,77.5524,11.4803,-169.554,73.1178,-5.69753,-145.514,77.2753,4.38461,-176.664,
74.9418,99.0775,-28.5836,-0.290476,176.643,7.53846,28.359,101.701,-1.52496,-167.371,77.5657,11.4734,-169.551,73.1178,-5.69753,-145.514,77.2753,4.38461,-176.664,
74.9449,99.0775,-28.5851,-0.267963,176.643,7.53846,28.359,101.698,-1.49522,-167.224,77.5657,11.4734,-169.551,73.1133,-5.69443,-145.63,77.2978,4.39392,-176.907,
74.9281,99.0607,-28.5851,-0.267963,176.626,7.57848,28.3388,101.698,-1.49522,-167.224,77.5657,11.4734,-169.551,73.1133,-5.69443,-145.63,77.2978,4.39392,-176.907,
74.9281,99.0435,-28.5982,-0.285326,176.626,7.57848,28.3388,101.698,-1.49522,-167.224,77.5829,11.4673,-169.548,73.1002,-5.69242,-145.628,77.2976,4.39973,-176.907,
74.9249,99.021,-28.5789,-0.285326,176.604,7.58601,28.3324,101.679,-1.51508,-167.223,77.5829,11.4673,-169.548,73.1002,-5.69242,-145.628,77.2976,4.39973,-176.907,
74.9061,98.9963,-28.5792,-0.291282,176.585,7.59168,28.3237,101.679,-1.51508,-167.223,77.5889,11.4637,-169.547,73.0999,-5.69665,-145.628,77.2976,4.39973,-176.907,
74.925,98.9963,-28.5603,-0.289902,176.585,7.59168,28.3237,101.66,-1.54385,-167.223,77.5889,11.4637,-169.547,73.0999,-5.69665,-145.628,77.299,4.40582,-176.907,
74.8611,98.9324,-28.5603,-0.289902,176.521,7.59227,28.2527,101.66,-1.54385,-167.223,77.5889,11.4637,-169.547,73.0999,-5.69665,-145.628,77.299,4.40582,-176.907,
74.8611,98.935,-28.5467,-0.29355,176.521,7.59227,28.2527,101.66,-1.54385,-167.223,77.5863,11.4873,-169.547,73.1135,-5.70391,-145.63,77.2928,4.41592,-176.907,
74.8329,98.9261,-28.5661,-0.29355,176.512,7.59454,28.2439,101.68,-1.5398,-167.202,77.5863,11.4873,-169.547,73.1135,-5.70391,-145.63,77.2928,4.41592,-176.907,
74.8249,98.923,-28.5552,-0.2887,176.505,7.60009,28.2289,101.68,-1.5398,-167.202,77.5815,11.4841,-169.548,73.1244,-5.70689,-145.631,77.2928,4.41592,-176.907,
74.8249,98.923,-28.5552,-0.2887,176.505,7.60009,28.2289,101.68,-1.5398,-167.202,77.5815,11.4841,-169.548,73.1244,-5.70689,-145.631,77.2928,4.41592,-176.907,
74.8249,98.923,-28.5552,-0.2887,176.505,7.60009,28.2289,101.68,-1.5398,-167.202,77.5815,11.4841,-169.548,73.1244,-5.70689,-145.631,77.2928,4.41592,-176.907,
74.8249,98.923,-28.5467,-0.2887,176.505,7.60009,28.2289,101.68,-1.5398,-167.202,77.5815,11.4841,-169.548,73.1329,-5.70902,-145.632,77.2928,4.41592,-176.907,
74.7933,98.9177,-28.573,-0.272403,176.499,7.60741,28.2148,101.706,-1.50886,-167.177,77.5815,11.4841,-169.548,73.1329,-5.70902,-145.632,77.3091,4.42144,-176.853,
74.7845,98.8774,-28.5719,-0.303987,176.49,7.61854,28.1979,101.706,-1.50886,-167.177,77.6131,11.4842,-169.542,73.134,-5.71362,-145.608,77.3091,4.42144,-176.853,
74.7726,98.8774,-28.5937,-0.297327,176.49,7.61854,28.1979,101.718,-1.50757,-167.178,77.6131,11.4842,-169.542,73.1242,-5.69488,-145.607,77.3158,4.43319,-176.852,
74.7694,98.8684,-28.5937,-0.303201,176.487,7.63429,28.179,101.718,-1.50757,-167.178,77.619,11.4979,-169.541,73.1242,-5.69488,-145.607,77.3158,4.43319,-176.852,
74.7694,98.8684,-28.5969,-0.339177,176.487,7.63429,28.179,101.718,-1.50757,-167.178,77.619,11.4979,-169.541,73.121,-5.70525,-145.607,77.2798,4.42908,-176.855,
74.7761,98.8575,-28.5795,-0.339177,176.476,7.64981,28.1665,101.7,-1.51317,-167.177,77.619,11.4979,-169.541,73.121,-5.70525,-145.607,77.2798,4.42908,-176.855,
74.7411,98.8727,-28.5776,-0.289124,176.442,7.68429,28.142,101.7,-1.51317,-167.177,77.5689,11.5095,-169.529,73.1228,-5.70447,-145.607,77.2798,4.42908,-176.855,
74.768,98.8727,-28.5508,-0.291275,176.442,7.68429,28.142,101.674,-1.51773,-167.176,77.5689,11.5095,-169.529,73.1228,-5.70447,-145.607,77.2776,4.41301,-176.855,
74.7412,98.8468,-28.5508,-0.290339,176.415,7.70728,28.1224,101.674,-1.51773,-167.176,77.568,11.509,-169.529,73.1228,-5.70447,-145.607,77.2776,4.41301,-176.855,
74.7412,98.8468,-28.5635,-0.290339,176.415,7.70728,28.1224,101.674,-1.51773,-167.176,77.568,11.509,-169.529,73.1101,-5.69024,-145.605,77.2776,4.41301,-176.855,
74.741,98.8466,-28.5635,-0.290339,176.415,7.7101,28.1177,101.674,-1.51773,-167.176,77.568,11.509,-169.529,73.1101,-5.69024,-145.605,77.2776,4.41301,-176.855,
74.7398,98.8403,-28.5673,-0.295442,176.413,7.70964,28.1021,101.674,-1.51773,-167.176,77.5731,11.5362,-169.528,73.1062,-5.69776,-145.627,77.2776,4.41301,-176.855,
74.7476,98.8403,-28.5595,-0.274452,176.413,7.70964,28.1021,101.666,-1.56759,-167.031,77.5731,11.5362,-169.528,73.1062,-5.69776,-145.627,77.2986,4.41483,-176.771,
74.7414,98.8341,-28.5595,-0.274452,176.407,7.72051,28.0805,101.666,-1.56759,-167.031,77.5731,11.5362,-169.528,73.1062,-5.69776,-145.627,77.2986,4.41483,-176.771,
74.7414,98.8034,-28.5548,-0.288263,176.407,7.72051,28.0805,101.666,-1.56759,-167.031,77.6037,11.5565,-169.522,73.111,-5.69544,-145.628,77.3155,4.44388,-176.769,
74.7663,98.7832,-28.5096,-0.288263,176.387,7.74378,28.0554,101.621,-1.58683,-167.029,77.6037,11.5565,-169.522,73.111,-5.69544,-145.628,77.3155,4.44388,-176.769,
74.7591,98.776,-28.5096,-0.288263,176.38,7.74897,28.0487,101.621,-1.58683,-167.029,77.6037,11.5565,-169.522,73.111,-5.69544,-145.628,77.3155,4.44388,-176.769,
74.7591,98.776,-28.5174,-0.288263,176.38,7.74897,28.0487,101.621,-1.58683,-167.029,77.6037,11.5565,-169.522,73.1032,-5.67817,-145.627,77.3155,4.44388,-176.769,
74.7591,98.776,-28.5174,-0.288263,176.38,7.74897,28.0487,101.621,-1.58683,-167.029,77.6037,11.5565,-169.522,73.1032,-5.67817,-145.627,77.3155,4.44388,-176.769,
74.7591,98.776,-28.4981,-0.278789,176.38,7.74897,28.0487,101.621,-1.58683,-167.029,77.6037,11.5565,-169.522,73.1225,-5.67082,-145.629,77.325,4.44985,-176.769,
74.6562,98.7644,-28.5895,-0.29622,176.368,7.75771,28.0418,101.712,-1.52597,-167.032,77.6037,11.5565,-169.522,73.1225,-5.67082,-145.629,77.3075,4.44852,-176.77,
74.6292,98.6798,-28.5752,-0.353814,176.341,7.7923,28.0299,101.712,-1.52597,-167.032,77.6613,11.5342,-169.54,73.1367,-5.69269,-145.63,77.3075,4.44852,-176.77,
74.6292,98.6798,-28.5752,-0.333378,176.341,7.7923,28.0299,101.712,-1.52597,-167.032,77.6613,11.5342,-169.54,73.1367,-5.69269,-145.63,77.328,4.43112,-176.768,
74.613,98.6636,-28.5752,-0.333378,176.325,7.81668,28.0156,101.712,-1.52597,-167.032,77.6613,11.5342,-169.54,73.1367,-5.69269,-145.63,77.328,4.43112,-176.768,
74.613,98.6801,-28.5784,-0.318337,176.325,7.81668,28.0156,101.712,-1.52597,-167.032,77.6448,11.5275,-169.544,73.1336,-5.67659,-145.586,77.3265,4.43381,-176.773,
74.5788,98.6801,-28.6126,-0.315523,176.325,7.81668,28.0156,101.746,-1.50169,-166.963,77.6448,11.5275,-169.544,73.1336,-5.67659,-145.586,77.3293,4.43669,-176.772,
74.5578,98.6701,-28.5858,-0.304622,176.304,7.8453,28.0005,101.746,-1.50169,-166.963,77.6339,11.5235,-169.546,73.1603,-5.68193,-145.589,77.3293,4.43669,-176.772,
74.5841,98.6701,-28.5595,-0.284978,176.304,7.8453,28.0005,101.72,-1.5075,-166.983,77.6339,11.5235,-169.546,73.1603,-5.68193,-145.589,77.3489,4.43039,-176.771,
74.5773,98.6516,-28.5479,-0.284978,176.286,7.86736,27.9882,101.708,-1.53738,-166.983,77.6339,11.5235,-169.546,73.1603,-5.68193,-145.589,77.3489,4.43039,-176.771,
74.5773,98.6516,-28.5346,-0.279302,176.286,7.86736,27.9882,101.708,-1.53738,-166.983,77.6339,11.5235,-169.546,73.1736,-5.70989,-145.59,77.3546,4.43355,-176.77,
74.5793,98.6357,-28.5167,-0.279302,176.27,7.89153,27.9848,101.69,-1.5508,-166.982,77.6339,11.5235,-169.546,73.1736,-5.70989,-145.59,77.3546,4.43355,-176.77,
74.5697,98.6311,-28.5601,-0.274261,176.26,7.90428,27.9763,101.69,-1.5508,-166.982,77.6289,11.5326,-169.585,73.1302,-5.696,-145.586,77.3546,4.43355,-176.77,
74.5854,98.6311,-28.5444,-0.287655,176.26,7.90428,27.9763,101.675,-1.54404,-166.982,77.6289,11.5326,-169.585,73.1302,-5.696,-145.586,77.3412,4.43423,-176.771,
74.5591,98.5913,-28.5444,-0.301248,176.234,7.9308,27.9657,101.675,-1.54404,-166.982,77.6425,11.535,-169.582,73.1302,-5.696,-145.586,77.3412,4.43423,-176.771,
74.5591,98.5913,-28.5444,-0.314444,176.234,7.9308,27.9657,101.675,-1.54404,-166.982,77.6425,11.535,-169.582,73.1302,-5.696,-145.586,77.328,4.43961,-176.772,
74.5523,98.5661,-28.526,-0.314444,176.209,7.95329,27.9572,101.656,-1.55649,-166.981,77.6425,11.535,-169.582,73.1302,-5.696,-145.586,77.328,4.43961,-176.772,
74.5228,98.5248,-28.5006,-0.326254,176.179,8.00442,27.9393,101.656,-1.55649,-166.981,77.6543,11.54,-169.58,73.1556,-5.69637,-145.567,77.328,4.43961,-176.772,
74.5228,98.5248,-28.5006,-0.326254,176.179,8.00442,27.9393,101.656,-1.55649,-166.981,77.6543,11.54,-169.58,73.1556,-5.69637,-145.567,77.328,4.43961,-176.772,
74.5228,98.5248,-28.5006,-0.326254,176.179,8.00442,27.9393,101.656,-1.55649,-166.981,77.6543,11.54,-169.58,73.1556,-5.69637,-145.567,77.328,4.43961,-176.772,
74.5228,98.5248,-28.5027,-0.329259,176.179,8.00442,27.9393,101.656,-1.55649,-166.981,77.6543,11.54,-169.58,73.1536,-5.69829,-145.567,77.325,4.43423,-177.03,
74.5145,98.5134,-28.4996,-0.295189,176.168,8.02135,27.9391,101.653,-1.55016,-167.089,77.6543,11.54,-169.58,73.1536,-5.69829,-145.567,77.3591,4.44015,-177.027,
74.5024,98.4974,-28.4842,-0.299123,176.156,8.03469,27.9339,101.653,-1.55016,-167.089,77.6582,11.5455,-169.636,73.169,-5.70922,-145.568,77.3591,4.44015,-177.027,
74.4403,98.4974,-28.5463,-0.297839,176.156,8.03469,27.9339,101.715,-1.52267,-167.091,77.6582,11.5455,-169.636,73.169,-5.70922,-145.568,77.3604,4.43113,-177.027,
74.3838,98.4409,-28.5463,-0.297839,176.099,8.08541,27.924,101.715,-1.52267,-167.091,77.6582,11.5455,-169.636,73.169,-5.70922,-145.568,77.3604,4.43113,-177.027,
74.3838,98.4409,-28.5275,-0.306206,176.099,8.08541,27.924,101.715,-1.52267,-167.091,77.6582,11.5455,-169.636,73.1878,-5.70879,-145.57,77.352,4.43607,-177.028,
74.3513,98.4276,-28.5466,-0.306206,176.086,8.10531,27.9112,101.734,-1.51239,-167.091,77.6582,11.5455,-169.636,73.1878,-5.70879,-145.57,77.352,4.43607,-177.028,
74.34,98.4096,-28.5466,-0.312832,176.074,8.13415,27.9053,101.734,-1.51239,-167.091,77.6648,11.5378,-169.634,73.1878,-5.70879,-145.57,77.352,4.43607,-177.028,
74.3313,98.4096,-28.5554,-0.310025,176.074,8.13415,27.9053,101.743,-1.50309,-167.092,77.6648,11.5378,-169.634,73.1878,-5.70879,-145.57,77.3548,4.41473,-177.029,
74.322,98.3731,-28.5554,-0.33736,176.065,8.16594,27.8962,101.743,-1.50309,-167.092,77.6922,11.5429,-169.629,73.1878,-5.70879,-145.57,77.3548,4.41473,-177.029,
74.3195,98.3731,-28.5579,-0.314328,176.065,8.16594,27.8962,101.746,-1.52011,-167.265,77.6922,11.5429,-169.629,73.1878,-5.70879,-145.57,77.3778,4.44071,-177.027,
74.3011,98.3546,-28.5579,-0.314328,176.047,8.19541,27.9091,101.746,-1.52011,-167.265,77.6922,11.5429,-169.629,73.1878,-5.70879,-145.57,77.3778,4.44071,-177.027,
74.3011,98.3426,-28.5532,-0.326315,176.047,8.19541,27.9091,101.746,-1.52011,-167.265,77.7042,11.5583,-169.626,73.1926,-5.67432,-145.47,77.3778,4.44071,-177.027,
74.3166,98.3426,-28.5376,-0.311234,176.047,8.19541,27.9091,101.73,-1.53876,-167.265,77.7042,11.5583,-169.626,73.1926,-5.67432,-145.47,77.3929,4.44642,-177.026,
74.2867,98.3219,-28.5376,-0.302013,176.017,8.23847,27.8957,101.73,-1.53876,-167.265,77.6949,11.5595,-169.628,73.1926,-5.67432,-145.47,77.3929,4.44642,-177.026,
74.2867,98.3219,-28.5472,-0.322838,176.017,8.23847,27.8957,101.73,-1.53876,-167.265,77.6949,11.5595,-169.628,73.1829,-5.67715,-145.469,77.3721,4.44465,-177.028,
74.2217,98.2313,-28.5216,-0.328364,175.926,8.25984,27.889,101.705,-1.53785,-167.264,77.6949,11.5595,-169.628,73.1829,-5.67715,-145.469,77.3666,4.45456,-177.028,
74.2217,98.2671,-28.5132,-0.292552,175.926,8.25984,27.889,101.705,-1.53785,-167.264,77.6591,11.5675,-169.794,73.1913,-5.67656,-145.47,77.3666,4.45456,-177.028,
74.2217,98.2671,-28.5132,-0.292552,175.926,8.25984,27.889,101.705,-1.53785,-167.264,77.6591,11.5675,-169.794,73.1913,-5.67656,-145.47,77.3666,4.45456,-177.028,
74.2217,98.2671,-28.5132,-0.292552,175.926,8.25984,27.889,101.705,-1.53785,-167.264,77.6591,11.5675,-169.794,73.1913,-5.67656,-145.47,77.3666,4.45456,-177.028,
74.2217,98.2671,-28.5132,-0.26838,175.926,8.25984,27.889,101.705,-1.53785,-167.264,77.6591,11.5675,-169.794,73.1913,-5.67656,-145.47,77.3908,4.46217,-176.926,
74.1259,98.2323,-28.5742,-0.26838,175.891,8.26483,27.8891,101.766,-1.52603,-167.19,77.6591,11.5675,-169.794,73.1913,-5.67656,-145.47,77.3908,4.46217,-176.926,
74.0855,98.1721,-28.5734,-0.288154,175.851,8.28659,27.8746,101.766,-1.52603,-167.19,77.6789,11.5779,-169.79,73.1922,-5.67536,-145.376,77.3908,4.46217,-176.926,
74.0575,98.1721,-28.6119,-0.291979,175.851,8.28659,27.8746,101.794,-1.50175,-167.191,77.6789,11.5779,-169.79,73.1816,-5.67542,-145.375,77.3869,4.48044,-176.927,
74.0386,98.1418,-28.6119,-0.303392,175.832,8.33981,27.8655,101.794,-1.50175,-167.191,77.6903,11.5787,-169.788,73.1816,-5.67542,-145.375,77.3869,4.48044,-176.927,
74.0386,98.1418,-28.602,-0.305879,175.832,8.33981,27.8655,101.794,-1.50175,-167.191,77.6903,11.5787,-169.788,73.1915,-5.68147,-145.376,77.3844,4.49301,-176.927,
74.0417,98.1392,-28.5963,-0.305879,175.83,8.36551,27.8594,101.788,-1.49751,-167.191,77.6903,11.5787,-169.788,73.1915,-5.68147,-145.376,77.3844,4.49301,-176.927,
74.0417,98.105,-28.5878,-0.340092,175.83,8.36551,27.8594,101.788,-1.49751,-167.191,77.7245,11.5877,-169.537,73.2001,-5.68179,-145.377,77.3844,4.49301,-176.927,
74.0818,98.105,-28.5476,-0.335645,175.83,8.36551,27.8594,101.748,-1.49122,-167.19,77.7245,11.5877,-169.537,73.2001,-5.68179,-145.377,77.3889,4.50983,-176.927,
74.0653,98.1023,-28.5476,-0.321793,175.813,8.37587,27.8438,101.748,-1.49122,-167.19,77.7107,11.5982,-169.54,73.2001,-5.68179,-145.377,77.3889,4.50983,-176.927,
74.0653,98.1023,-28.5538,-0.321793,175.813,8.37587,27.8438,101.748,-1.49122,-167.19,77.7107,11.5982,-169.54,73.1939,-5.67223,-145.376,77.3889,4.50983,-176.927,
74.0375,98.0746,-28.5538,-0.321793,175.785,8.36917,27.8298,101.748,-1.49122,-167.19,77.7107,11.5982,-169.54,73.1939,-5.67223,-145.376,77.3889,4.50983,-176.927,
74.0375,98.0891,-28.5669,-0.30721,175.785,8.36917,27.8298,101.748,-1.49122,-167.19,77.6961,11.6169,-169.543,73.1808,-5.6754,-145.375,77.3889,4.50983,-176.927,
74.0183,98.0699,-28.5669,-0.294192,175.766,8.34883,27.8159,101.748,-1.49122,-167.19,77.6961,11.6169,-169.543,73.1808,-5.6754,-145.375,77.4019,4.52275,-176.872,
74.0183,98.1075,-28.5539,-0.280756,175.766,8.34883,27.8159,101.748,-1.49122,-167.19,77.6584,11.6411,-169.551,73.1937,-5.65603,-145.334,77.3777,4.53193,-176.873,
74.048,98.1006,-28.5172,-0.280756,175.759,8.33619,27.8083,101.711,-1.50809,-167.095,77.6584,11.6411,-169.551,73.1937,-5.65603,-145.334,77.3777,4.53193,-176.873,
74.0504,98.103,-28.5064,-0.280756,175.761,8.32315,27.8028,101.711,-1.50809,-167.095,77.6584,11.6411,-169.551,73.2046,-5.65387,-145.335,77.3777,4.53193,-176.873,
74.0252,98.103,-28.5316,-0.267799,175.761,8.32315,27.8028,101.736,-1.50209,-167.095,77.6584,11.6411,-169.551,73.2046,-5.65387,-145.335,77.3906,4.51075,-176.872,
74.0252,98.103,-28.5316,-0.267799,175.761,8.32315,27.8028,101.736,-1.50209,-167.095,77.6584,11.6411,-169.551,73.2046,-5.65387,-145.335,77.3906,4.51075,-176.872,
74.0252,98.103,-28.5316,-0.267799,175.761,8.32315,27.8028,101.736,-1.50209,-167.095,77.6584,11.6411,-169.551,73.2046,-5.65387,-145.335,77.3906,4.51075,-176.872,
74.0492,98.127,-28.5316,-0.267799,175.785,8.24635,27.765,101.736,-1.50209,-167.095,77.6584,11.6411,-169.551,73.2046,-5.65387,-145.335,77.3906,4.51075,-176.872,
74.0492,98.1062,-28.5319,-0.288598,175.785,8.24635,27.765,101.736,-1.50209,-167.095,77.6792,11.6428,-169.477,73.2043,-5.66053,-145.335,77.3906,4.51075,-176.872,
74.0373,98.1062,-28.5574,-0.289581,175.785,8.24635,27.765,101.748,-1.48845,-167.096,77.6792,11.6428,-169.477,73.1907,-5.65382,-145.334,77.3896,4.52696,-176.873,
74.0601,98.1693,-28.5574,-0.249241,175.808,8.21759,27.7678,101.748,-1.48845,-167.096,77.6389,11.6312,-169.485,73.1907,-5.65382,-145.334,77.3896,4.52696,-176.873,
74.0601,98.1693,-28.5633,-0.301972,175.808,8.21759,27.7678,101.748,-1.48845,-167.096,77.6389,11.6312,-169.485,73.1848,-5.6491,-145.333,77.3369,4.50433,-176.973,
74.195,98.2328,-28.4919,-0.301972,175.872,8.16851,27.7622,101.677,-1.47148,-167.079,77.6389,11.6312,-169.485,73.1848,-5.6491,-145.333,77.3369,4.50433,-176.973,
74.195,98.2418,-28.5008,-0.292914,175.872,8.16851,27.7622,101.677,-1.47148,-167.079,77.6298,11.6092,-169.487,73.1759,-5.66089,-145.32,77.3369,4.50433,-176.973,
74.2129,98.2418,-28.4829,-0.28064,175.872,8.16851,27.7622,101.659,-1.47818,-167.079,77.6298,11.6092,-169.487,73.1759,-5.66089,-145.32,77.3492,4.50314,-176.972,
74.2478,98.2733,-28.4829,-0.284076,175.907,8.13328,27.7515,101.659,-1.47818,-167.079,77.6333,11.6138,-169.486,73.1759,-5.66089,-145.32,77.3492,4.50314,-176.972,
74.2478,98.2733,-28.4714,-0.270989,175.907,8.13328,27.7515,101.659,-1.47818,-167.079,77.6333,11.6138,-169.486,73.1874,-5.66757,-145.321,77.3623,4.52245,-176.971,
74.3053,98.3347,-28.4753,-0.270989,175.968,8.07875,27.7522,101.663,-1.49776,-167.079,77.6333,11.6138,-169.486,73.1874,-5.66757,-145.321,77.3623,4.52245,-176.971,
74.3053,98.2984,-28.4793,-0.307217,175.968,8.07875,27.7522,101.663,-1.49776,-167.079,77.6695,11.6518,-169.526,73.1833,-5.67678,-145.32,77.3623,4.52245,-176.971,
74.2715,98.2984,-28.5132,-0.279158,175.968,8.07875,27.7522,101.696,-1.50445,-167.08,77.6695,11.6518,-169.526,73.1833,-5.67678,-145.32,77.3903,4.53387,-176.969,
74.3003,98.3262,-28.5132,-0.280169,175.997,8.03497,27.7529,101.696,-1.50445,-167.08,77.6705,11.6525,-169.526,73.1833,-5.67678,-145.32,77.3903,4.53387,-176.969,
74.3003,98.3262,-28.4879,-0.280169,175.997,8.03497,27.7529,101.696,-1.50445,-167.08,77.6705,11.6525,-169.526,73.2086,-5.67888,-145.323,77.3903,4.53387,-176.969,
74.3271,98.3531,-28.4879,-0.280169,176.024,7.97176,27.7591,101.696,-1.50445,-167.08,77.6705,11.6525,-169.526,73.2086,-5.67888,-145.323,77.3903,4.53387,-176.969,
74.3271,98.2997,-28.4666,-0.333501,176.024,7.97176,27.7591,101.696,-1.50445,-167.08,77.7238,11.6441,-169.515,73.2298,-5.66946,-145.188,77.3903,4.53387,-176.969,
74.3408,98.3134,-28.4666,-0.315496,176.037,7.82709,27.7618,101.696,-1.50445,-167.08,77.7238,11.6441,-169.515,73.2298,-5.66946,-145.188,77.4083,4.54222,-176.854,
74.3408,98.3134,-28.4666,-0.315496,176.037,7.82709,27.7618,101.696,-1.50445,-167.08,77.7238,11.6441,-169.515,73.2298,-5.66946,-145.188,77.4083,4.54222,-176.854,
74.3408,98.3134,-28.4666,-0.315496,176.037,7.82709,27.7618,101.696,-1.50445,-167.08,77.7238,11.6441,-169.515,73.2298,-5.66946,-145.188,77.4083,4.54222,-176.854,
74.3559,98.3285,-28.4666,-0.315496,176.052,7.78119,27.7621,101.696,-1.50445,-167.08,77.7238,11.6441,-169.515,73.2298,-5.66946,-145.188,77.4083,4.54222,-176.854,
74.3559,98.305,-28.4666,-0.339074,176.052,7.78119,27.7621,101.696,-1.50445,-167.08,77.7474,11.6401,-169.51,73.2298,-5.66946,-145.188,77.4083,4.54222,-176.854,
74.2527,98.305,-28.5535,-0.310885,176.052,7.78119,27.7621,101.8,-1.47112,-167.311,77.7474,11.6401,-169.51,73.2462,-5.68992,-145.19,77.4365,4.54696,-176.851,
74.2441,98.3247,-28.5818,-0.310885,176.072,7.72869,27.7527,101.828,-1.47384,-167.312,77.7474,11.6401,-169.51,73.2462,-5.68992,-145.19,77.4365,4.54696,-176.851,
74.2441,98.3197,-28.5753,-0.315906,176.072,7.72869,27.7527,101.828,-1.47384,-167.312,77.7524,11.6062,-169.465,73.2527,-5.68826,-145.19,77.4365,4.54696,-176.851,
74.304,98.3318,-28.5276,-0.333507,176.084,7.68413,27.7587,101.78,-1.48651,-167.311,77.7524,11.6062,-169.465,73.2527,-5.68826,-145.19,77.4189,4.54743,-176.853,
74.304,98.3668,-28.5276,-0.298522,176.084,7.68413,27.7587,101.78,-1.48651,-167.311,77.7174,11.6169,-169.472,73.2527,-5.68826,-145.19,77.4189,4.54743,-176.853,
74.3404,98.4032,-28.5276,-0.298522,176.121,7.64127,27.7631,101.78,-1.48651,-167.311,77.7174,11.6169,-169.472,73.2527,-5.68826,-145.19,77.4189,4.54743,-176.853,
74.3404,98.4274,-28.5461,-0.274377,176.121,7.64127,27.7631,101.78,-1.48651,-167.311,77.6933,11.6389,-169.477,73.2342,-5.70145,-145.386,77.4189,4.54743,-176.853,
74.3873,98.4274,-28.4992,-0.290251,176.121,7.64127,27.7631,101.733,-1.51399,-167.337,77.6933,11.6389,-169.477,73.2342,-5.70145,-145.386,77.4031,4.55975,-176.843,
74.421,98.464,-28.4992,-0.287307,176.154,7.62199,27.7567,101.733,-1.51399,-167.337,77.6904,11.6368,-169.478,73.2342,-5.70145,-145.386,77.4031,4.55975,-176.843,
74.421,98.464,-28.5067,-0.245997,176.154,7.62199,27.7567,101.733,-1.51399,-167.337,77.6904,11.6368,-169.478,73.2267,-5.69372,-145.385,77.4444,4.54312,-176.84,
74.4277,98.4821,-28.5181,-0.245997,176.172,7.6017,27.7634,101.745,-1.51585,-167.338,77.6904,11.6368,-169.478,73.2267,-5.69372,-145.385,77.4444,4.54312,-176.84,
74.4237,98.4781,-28.5186,-0.245997,176.168,7.58697,27.7655,101.745,-1.51585,-167.338,77.6904,11.6368,-169.478,73.2261,-5.69799,-145.385,77.4444,4.54312,-176.84,
74.4299,98.4781,-28.5125,-0.245833,176.168,7.58697,27.7655,101.739,-1.51553,-167.337,77.6904,11.6368,-169.478,73.2261,-5.69799,-145.385,77.4445,4.54928,-176.84,
74.4311,98.4337,-28.5125,-0.29146,176.17,7.55911,27.7692,101.739,-1.51553,-167.337,77.736,11.6546,-169.38,73.2261,-5.69799,-145.385,77.4445,4.54928,-176.84,
74.4311,98.4337,-28.489,-0.288604,176.17,7.55911,27.7692,101.739,-1.51553,-167.337,77.736,11.6546,-169.38,73.2496,-5.71388,-145.387,77.4474,4.55048,-176.839,
74.4588,98.4837,-28.5112,-0.288604,176.22,7.452,27.7833,101.761,-1.49643,-167.338,77.736,11.6546,-169.38,73.2496,-5.71388,-145.387,77.4474,4.55048,-176.839,
74.4756,98.5004,-28.5112,-0.288604,176.236,7.44366,27.7786,101.761,-1.49643,-167.338,77.736,11.6546,-169.38,73.2496,-5.71388,-145.387,77.4474,4.55048,-176.839,
74.4756,98.5004,-28.5112,-0.288604,176.236,7.44366,27.7786,101.761,-1.49643,-167.338,77.736,11.6546,-169.38,73.2496,-5.71388,-145.387,77.4474,4.55048,-176.839,
74.4756,98.4789,-28.5112,-0.310086,176.236,7.44366,27.7786,101.761,-1.49643,-167.338,77.7575,11.6417,-169.376,73.2496,-5.71388,-145.387,77.4474,4.55048,-176.839,
74.4756,98.4789,-28.4887,-0.299082,176.236,7.44366,27.7786,101.761,-1.49643,-167.338,77.7575,11.6417,-169.376,73.2722,-5.68973,-145.445,77.4584,4.56487,-176.843,
74.4403,98.4868,-28.5319,-0.299082,176.244,7.42585,27.7857,101.804,-1.42994,-167.295,77.7575,11.6417,-169.376,73.2722,-5.68973,-145.445,77.4584,4.56487,-176.843,
74.4403,98.4822,-28.535,-0.303679,176.244,7.42585,27.7857,101.804,-1.42994,-167.295,77.7621,11.6293,-169.375,73.269,-5.68414,-145.445,77.4584,4.56487,-176.843,
74.4722,98.4822,-28.5169,-0.319553,176.244,7.42585,27.7857,101.772,-1.42587,-167.295,77.7621,11.6293,-169.375,73.2551,-5.67109,-145.443,77.4425,4.56277,-176.845,
74.4722,98.4959,-28.5169,-0.305872,176.244,7.38203,27.7857,101.772,-1.42587,-167.295,77.7484,11.6241,-169.377,73.2551,-5.67109,-145.443,77.4425,4.56277,-176.845,
74.4722,98.4959,-28.5157,-0.321015,176.244,7.38203,27.7857,101.772,-1.42587,-167.295,77.7484,11.6241,-169.377,73.2564,-5.67738,-145.443,77.4274,4.57177,-176.846,
74.4856,98.4934,-28.4997,-0.321015,176.242,7.34568,27.7939,101.756,-1.43654,-167.294,77.7484,11.6241,-169.377,73.2564,-5.67738,-145.443,77.4274,4.57177,-176.846,
74.4856,98.5285,-28.4997,-0.285886,176.242,7.34568,27.7939,101.756,-1.43654,-167.294,77.7133,11.6637,-169.326,73.2564,-5.67738,-145.443,77.4274,4.57177,-176.846,
74.5098,98.5285,-28.4755,-0.288844,176.242,7.34568,27.7939,101.732,-1.45417,-167.293,77.7133,11.6637,-169.326,73.2564,-5.67738,-145.443,77.4244,4.57533,-176.846,
74.4744,98.5072,-28.4755,-0.274752,176.206,7.3036,27.7968,101.732,-1.45417,-167.293,77.6992,11.689,-169.329,73.2564,-5.67738,-145.443,77.4244,4.57533,-176.846,
74.4744,98.5072,-28.4711,-0.271016,176.206,7.3036,27.7968,101.732,-1.45417,-167.293,77.6992,11.689,-169.329,73.2609,-5.67886,-145.444,77.4281,4.57519,-176.846,
74.4816,98.5225,-28.4793,-0.271016,176.222,7.28271,27.79,101.74,-1.45787,-167.294,77.6992,11.689,-169.329,73.2609,-5.67886,-145.444,77.4281,4.57519,-176.846,
74.4816,98.5469,-28.501,-0.246584,176.222,7.28271,27.79,101.74,-1.45787,-167.294,77.6747,11.6963,-169.334,73.2391,-5.66271,-145.35,77.4281,4.57519,-176.846,
74.4743,98.5469,-28.5083,-0.261597,176.222,7.28271,27.79,101.747,-1.43839,-167.256,77.6747,11.6963,-169.334,73.2391,-5.66271,-145.35,77.4131,4.58907,-176.961,
74.4449,98.5149,-28.5083,-0.264288,176.192,7.2879,27.7773,101.747,-1.43839,-167.256,77.6774,11.6946,-169.333,73.2391,-5.66271,-145.35,77.4131,4.58907,-176.961,
74.4449,98.5149,-28.5037,-0.270026,176.192,7.2879,27.7773,101.747,-1.43839,-167.256,77.6774,11.6946,-169.333,73.2437,-5.65878,-145.35,77.4074,4.58504,-176.962,
74.4107,98.488,-28.511,-0.270026,176.165,7.25072,27.7696,101.755,-1.42553,-167.256,77.6774,11.6946,-169.333,73.2437,-5.65878,-145.35,77.4074,4.58504,-176.962,
74.4107,98.488,-28.511,-0.270026,176.165,7.25072,27.7696,101.755,-1.42553,-167.256,77.6774,11.6946,-169.333,73.2437,-5.65878,-145.35,77.4074,4.58504,-176.962,
74.4107,98.488,-28.511,-0.270026,176.165,7.25072,27.7696,101.755,-1.42553,-167.256,77.6774,11.6946,-169.333,73.2437,-5.65878,-145.35,77.4074,4.58504,-176.962,
74.4107,98.47,-28.511,-0.288044,176.165,7.25072,27.7696,101.755,-1.42553,-167.256,77.6954,11.6695,-169.16,73.2437,-5.65878,-145.35,77.4074,4.58504,-176.962,
74.4107,98.4606,-28.5144,-0.302436,176.165,7.25072,27.7696,101.755,-1.42553,-167.256,77.7048,11.6635,-169.158,73.2403,-5.65008,-145.35,77.4024,4.57875,-176.962,
74.4048,98.4427,-28.5025,-0.289909,176.148,7.21237,27.7625,101.743,-1.42393,-167.256,77.7048,11.6635,-169.158,73.2403,-5.65008,-145.35,77.4149,4.57755,-176.961,
74.3877,98.4405,-28.5025,-0.275053,176.13,7.18763,27.7604,101.743,-1.42393,-167.256,77.69,11.6473,-169.161,73.2403,-5.65008,-145.35,77.4149,4.57755,-176.961,
74.4202,98.4405,-28.47,-0.309827,176.13,7.18763,27.7604,101.71,-1.43676,-167.124,77.69,11.6473,-169.161,73.2403,-5.65008,-145.35,77.3802,4.57338,-176.805,
74.38,98.3999,-28.47,-0.310236,176.09,7.16946,27.7436,101.71,-1.43676,-167.124,77.6904,11.6552,-169.161,73.2403,-5.65008,-145.35,77.3802,4.57338,-176.805,
74.38,98.3999,-28.4722,-0.315366,176.09,7.16946,27.7436,101.71,-1.43676,-167.124,77.6904,11.6552,-169.161,73.2381,-5.66266,-145.306,77.375,4.58068,-176.805,
74.3798,98.3888,-28.4613,-0.315366,176.079,7.16299,27.7492,101.699,-1.43621,-167.124,77.6904,11.6552,-169.161,73.2381,-5.66266,-145.306,77.375,4.58068,-176.805,
74.3694,98.3853,-28.4805,-0.308488,176.069,7.15985,27.7439,101.699,-1.43621,-167.124,77.6835,11.661,-169.162,73.2189,-5.6609,-145.305,77.375,4.58068,-176.805,
74.3798,98.3853,-28.4701,-0.308898,176.069,7.15985,27.7439,101.689,-1.43529,-167.124,77.6835,11.661,-169.162,73.2189,-5.6609,-145.305,77.3746,4.57244,-176.805,
74.3708,98.3855,-28.4701,-0.29967,176.06,7.14238,27.7163,101.689,-1.43529,-167.124,77.6743,11.655,-169.164,73.2189,-5.6609,-145.305,77.3746,4.57244,-176.805,
74.3708,98.3855,-28.4827,-0.287594,176.06,7.14238,27.7163,101.689,-1.43529,-167.124,77.6743,11.655,-169.164,73.2063,-5.66494,-145.303,77.3867,4.54947,-176.804,
74.3381,98.3798,-28.5097,-0.287594,176.054,7.1427,27.7014,101.716,-1.44878,-167.124,77.6743,11.655,-169.164,73.2063,-5.66494,-145.303,77.3867,4.54947,-176.804,
74.3381,98.3629,-28.4832,-0.304437,176.054,7.1427,27.7014,101.716,-1.44878,-167.124,77.6911,11.6578,-169.119,73.2328,-5.67447,-145.306,77.3867,4.54947,-176.804,
74.3381,98.3629,-28.4832,-0.304437,176.054,7.1427,27.7014,101.716,-1.44878,-167.124,77.6911,11.6578,-169.119,73.2328,-5.67447,-145.306,77.3867,4.54947,-176.804,
74.3277,98.3463,-28.4832,-0.310742,176.044,7.10669,27.6763,101.716,-1.44878,-167.124,77.6974,11.6441,-169.118,73.2328,-5.67447,-145.306,77.3867,4.54947,-176.804,
74.3277,98.3463,-28.4896,-0.291624,176.044,7.10669,27.6763,101.716,-1.44878,-167.124,77.6974,11.6441,-169.118,73.2263,-5.67139,-145.305,77.4058,4.5484,-176.868,
74.3274,98.3796,-28.4896,-0.257977,176.043,7.07327,27.6649,101.716,-1.44878,-167.124,77.6638,11.6406,-169.125,73.2263,-5.67139,-145.305,77.4058,4.5484,-176.868,
74.3274,98.3796,-28.4896,-0.257977,176.043,7.07327,27.6649,101.716,-1.44878,-167.124,77.6638,11.6406,-169.125,73.2263,-5.67139,-145.305,77.4058,4.5484,-176.868,
74.3274,98.3796,-28.4896,-0.257977,176.043,7.07327,27.6649,101.716,-1.44878,-167.124,77.6638,11.6406,-169.125,73.2263,-5.67139,-145.305,77.4058,4.5484,-176.868,
74.3274,98.3796,-28.4896,-0.291009,176.043,7.07327,27.6649,101.716,-1.44878,-167.124,77.6638,11.6406,-169.125,73.2263,-5.67139,-145.305,77.3728,4.52761,-176.87,
74.3503,98.3878,-28.4749,-0.291009,176.052,7.07478,27.6495,101.701,-1.44751,-167.373,77.6638,11.6406,-169.125,73.2263,-5.67139,-145.305,77.3728,4.52761,-176.87,
74.3475,98.385,-28.4943,-0.291009,176.049,7.07438,27.6423,101.701,-1.44751,-167.373,77.6638,11.6406,-169.125,73.2069,-5.64692,-145.362,77.3728,4.52761,-176.87,
74.3616,98.385,-28.4802,-0.325762,176.049,7.07438,27.6423,101.687,-1.47437,-167.372,77.6638,11.6406,-169.125,73.2069,-5.64692,-145.362,77.338,4.52356,-176.873,
74.3676,98.482,-28.4802,-0.234685,176.055,7.08581,27.6254,101.687,-1.47437,-167.372,77.5727,11.6243,-169.071,73.2069,-5.64692,-145.362,77.338,4.52356,-176.873,
74.3676,98.484,-28.4874,-0.232677,176.055,7.08581,27.6254,101.687,-1.47437,-167.372,77.5707,11.6266,-169.071,73.1998,-5.65079,-145.362,77.338,4.52356,-176.873,
74.3861,98.4946,-28.4794,-0.232677,176.065,7.08395,27.5998,101.679,-1.49476,-167.372,77.5707,11.6266,-169.071,73.1998,-5.65079,-145.362,77.338,4.52356,-176.873,
74.3861,98.4633,-28.4631,-0.26396,176.065,7.08395,27.5998,101.679,-1.49476,-167.372,77.602,11.6292,-169.065,73.216,-5.68228,-145.363,77.338,4.52356,-176.873,
74.3415,98.4633,-28.5078,-0.222063,176.065,7.08395,27.5998,101.724,-1.50961,-167.53,77.602,11.6292,-169.065,73.216,-5.68228,-145.363,77.3799,4.52448,-176.944,
74.3372,98.4036,-28.5078,-0.277573,176.061,7.0693,27.5919,101.724,-1.50961,-167.53,77.6575,11.6241,-169.054,73.216,-5.68228,-145.363,77.3799,4.52448,-176.944,
74.3372,98.4036,-28.5069,-0.246748,176.061,7.0693,27.5919,101.724,-1.50961,-167.53,77.6575,11.6241,-169.054,73.217,-5.6923,-145.407,77.4107,4.5317,-176.941,
74.2993,98.401,-28.5422,-0.246748,176.058,7.05954,27.5765,101.759,-1.50962,-167.531,77.6575,11.6241,-169.054,73.217,-5.6923,-145.407,77.4107,4.5317,-176.941,
74.2993,98.3499,-28.5293,-0.297832,176.058,7.05954,27.5765,101.759,-1.50962,-167.531,77.7086,11.6034,-169.043,73.2299,-5.69777,-145.408,77.4107,4.5317,-176.941,
74.263,98.3499,-28.5656,-0.273619,176.058,7.05954,27.5765,101.795,-1.48938,-167.532,77.7086,11.6034,-169.043,73.2299,-5.69777,-145.408,77.435,4.52066,-176.939,
74.2715,98.321,-28.5656,-0.311022,176.067,7.06134,27.5674,101.795,-1.48938,-167.532,77.746,11.5635,-168.996,73.2299,-5.69777,-145.408,77.435,4.52066,-176.939,
74.2715,98.321,-28.5356,-0.311022,176.067,7.06134,27.5674,101.795,-1.48938,-167.532,77.746,11.5635,-168.996,73.2598,-5.70086,-145.411,77.435,4.52066,-176.939,
74.2744,98.3371,-28.5489,-0.311022,176.083,7.07277,27.5534,101.809,-1.47822,-167.532,77.746,11.5635,-168.996,73.2598,-5.70086,-145.411,77.435,4.52066,-176.939,
74.2744,98.3509,-28.555,-0.297177,176.083,7.07277,27.5534,101.809,-1.47822,-167.532,77.7321,11.5409,-168.999,73.2537,-5.70853,-145.41,77.435,4.52066,-176.939,
74.2744,98.3509,-28.555,-0.297177,176.083,7.07277,27.5534,101.809,-1.47822,-167.532,77.7321,11.5409,-168.999,73.2537,-5.70853,-145.41,77.435,4.52066,-176.939,
74.2744,98.3509,-28.555,-0.297177,176.083,7.07277,27.5534,101.809,-1.47822,-167.532,77.7321,11.5409,-168.999,73.2537,-5.70853,-145.41,77.435,4.52066,-176.939,
74.2744,98.3509,-28.555,-0.316527,176.083,7.07277,27.5534,101.809,-1.47822,-167.532,77.7321,11.5409,-168.999,73.2537,-5.70853,-145.41,77.4156,4.50233,-177.055,
74.3179,98.3624,-28.5229,-0.316527,176.095,7.08516,27.5472,101.777,-1.50128,-167.707,77.7321,11.5409,-168.999,73.2537,-5.70853,-145.41,77.4156,4.50233,-177.055,
74.3179,98.4176,-28.5356,-0.261276,176.095,7.08516,27.5472,101.777,-1.50128,-167.707,77.6769,11.5687,-169.01,73.241,-5.71651,-145.578,77.4156,4.50233,-177.055,
74.3324,98.4176,-28.5265,-0.263687,176.095,7.08516,27.5472,101.762,-1.5036,-167.707,77.6769,11.5687,-169.01,73.2357,-5.71329,-145.578,77.4132,4.49259,-177.055,
74.3487,98.4423,-28.5265,-0.2553,176.111,7.09526,27.5394,101.762,-1.5036,-167.707,77.6685,11.5653,-169.012,73.2357,-5.71329,-145.578,77.4132,4.49259,-177.055,
74.3487,98.4423,-28.5236,-0.264596,176.111,7.09526,27.5394,101.762,-1.5036,-167.707,77.6685,11.5653,-169.012,73.2385,-5.71374,-145.578,77.4039,4.51264,-177.056,
74.4094,98.4697,-28.4902,-0.264596,176.138,7.11436,27.5304,101.729,-1.50706,-167.706,77.6685,11.5653,-169.012,73.2385,-5.71374,-145.578,77.4039,4.51264,-177.056,
74.4094,98.4566,-28.4797,-0.277751,176.138,7.11436,27.5304,101.729,-1.50706,-167.706,77.6817,11.5858,-169.01,73.2491,-5.70651,-145.579,77.4039,4.51264,-177.056,
74.4224,98.4566,-28.4668,-0.278072,176.138,7.11436,27.5304,101.716,-1.50179,-167.706,77.6817,11.5858,-169.01,73.2491,-5.70651,-145.579,77.4036,4.51844,-177.056,
74.4316,98.4546,-28.4668,-0.289233,176.147,7.12485,27.5261,101.716,-1.50179,-167.706,77.6928,11.5891,-169.008,73.2491,-5.70651,-145.579,77.4036,4.51844,-177.056,
74.4316,98.4546,-28.4703,-0.289233,176.147,7.12485,27.5261,101.716,-1.50179,-167.706,77.6928,11.5891,-169.008,73.2455,-5.6963,-145.579,77.4036,4.51844,-177.056,
74.397,98.4374,-28.4877,-0.289233,176.13,7.13927,27.5183,101.733,-1.47772,-167.706,77.6928,11.5891,-169.008,73.2455,-5.6963,-145.579,77.4036,4.51844,-177.056,
74.397,98.4319,-28.491,-0.294752,176.13,7.13927,27.5183,101.733,-1.47772,-167.706,77.6983,11.586,-169.007,73.2422,-5.70142,-145.564,77.4036,4.51844,-177.056,
74.3711,98.4319,-28.5169,-0.293843,176.13,7.13927,27.5183,101.759,-1.45021,-167.812,77.6983,11.586,-169.007,73.2422,-5.70142,-145.564,77.4045,4.49765,-176.847,
74.3613,98.4221,-28.5169,-0.293843,176.12,7.14486,27.529,101.759,-1.45021,-167.812,77.6983,11.586,-169.007,73.2422,-5.70142,-145.564,77.4045,4.49765,-176.847,
74.3613,98.4221,-28.5045,-0.284711,176.12,7.14486,27.529,101.759,-1.45021,-167.812,77.6983,11.586,-169.007,73.2546,-5.70322,-145.566,77.4136,4.49741,-176.846,
74.3216,98.3978,-28.5199,-0.284711,176.096,7.17928,27.5279,101.774,-1.43773,-167.812,77.6983,11.586,-169.007,73.2546,-5.70322,-145.566,77.4136,4.49741,-176.846,
74.3216,98.3875,-28.5068,-0.294936,176.096,7.17928,27.5279,101.774,-1.43773,-167.812,77.7086,11.5848,-169.005,73.2677,-5.69112,-145.567,77.4136,4.49741,-176.846,
74.3216,98.3875,-28.5068,-0.294936,176.096,7.17928,27.5279,101.774,-1.43773,-167.812,77.7086,11.5848,-169.005,73.2677,-5.69112,-145.567,77.4136,4.49741,-176.846,
74.3216,98.3875,-28.5068,-0.294936,176.096,7.17928,27.5279,101.774,-1.43773,-167.812,77.7086,11.5848,-169.005,73.2677,-5.69112,-145.567,77.4136,4.49741,-176.846,
74.3216,98.3875,-28.5068,-0.296398,176.096,7.17928,27.5279,101.774,-1.43773,-167.812,77.7086,11.5848,-169.005,73.2677,-5.69112,-145.567,77.4122,4.50404,-176.846,
74.3297,98.3989,-28.5101,-0.296398,176.107,7.20711,27.5098,101.778,-1.45153,-167.812,77.7086,11.5848,-169.005,73.2677,-5.69112,-145.567,77.4122,4.50404,-176.846,
74.3297,98.4014,-28.4954,-0.293878,176.107,7.20711,27.5098,101.778,-1.45153,-167.812,77.706,11.5725,-169.035,73.2824,-5.70457,-145.568,77.4122,4.50404,-176.846,
74.3297,98.4014,-28.4954,-0.31275,176.107,7.20711,27.5098,101.778,-1.45153,-167.812,77.706,11.5725,-169.035,73.2824,-5.70457,-145.568,77.3933,4.48838,-176.848,
74.3006,98.4103,-28.4954,-0.274746,176.078,7.25147,27.4948,101.778,-1.45153,-167.812,77.668,11.5882,-169.043,73.2824,-5.70457,-145.568,77.3933,4.48838,-176.848,
74.3006,98.4103,-28.4762,-0.287819,176.078,7.25147,27.4948,101.778,-1.45153,-167.812,77.668,11.5882,-169.043,73.3016,-5.72073,-145.639,77.3802,4.48789,-176.995,
74.2897,98.3973,-28.474,-0.287819,176.065,7.25482,27.4823,101.776,-1.44093,-167.634,77.668,11.5882,-169.043,73.3016,-5.72073,-145.639,77.3802,4.48789,-176.995,
74.2897,98.3849,-28.469,-0.300237,176.065,7.25482,27.4823,101.776,-1.44093,-167.634,77.6805,11.604,-169.041,73.3066,-5.73311,-145.639,77.3802,4.48789,-176.995,
74.2889,98.3849,-28.4699,-0.303058,176.065,7.25482,27.4823,101.776,-1.45303,-167.634,77.6805,11.604,-169.041,73.3066,-5.73311,-145.639,77.3774,4.48477,-176.996,
74.2339,98.3299,-28.4699,-0.303058,176.01,7.24902,27.4731,101.776,-1.45303,-167.634,77.6805,11.604,-169.041,73.3066,-5.73311,-145.639,77.3774,4.48477,-176.996,
74.2339,98.3299,-28.4814,-0.300667,176.01,7.24902,27.4731,101.776,-1.45303,-167.634,77.6805,11.604,-169.041,73.295,-5.71993,-145.638,77.3798,4.48365,-176.995,
74.266,98.3621,-28.4814,-0.300667,176.043,7.26269,27.4784,101.776,-1.45303,-167.634,77.6805,11.604,-169.041,73.295,-5.71993,-145.638,77.3798,4.48365,-176.995,
74.266,98.3144,-28.5025,-0.34837,176.043,7.26269,27.4784,101.776,-1.45303,-167.634,77.7282,11.5844,-169.082,73.274,-5.73438,-145.636,77.3798,4.48365,-176.995,
74.2394,98.3144,-28.5292,-0.322032,176.043,7.26269,27.4784,101.803,-1.46738,-167.635,77.7282,11.5844,-169.082,73.274,-5.73438,-145.636,77.4061,4.4837,-176.993,
74.2287,98.2936,-28.5292,-0.332087,176.032,7.33917,27.4635,101.803,-1.46738,-167.635,77.7382,11.5778,-169.08,73.274,-5.73438,-145.636,77.4061,4.4837,-176.993,
74.2287,98.2936,-28.5042,-0.332462,176.032,7.33917,27.4635,101.803,-1.46738,-167.635,77.7382,11.5778,-169.08,73.2989,-5.74038,-145.638,77.4058,4.48817,-176.993,
74.1865,98.2564,-28.5092,-0.332462,175.995,7.39096,27.4551,101.808,-1.46302,-167.635,77.7382,11.5778,-169.08,73.2989,-5.74038,-145.638,77.4058,4.48817,-176.993,
74.1865,98.2413,-28.4761,-0.347558,175.995,7.39096,27.4551,101.808,-1.46302,-167.635,77.7533,11.5556,-169.077,73.332,-5.76067,-145.705,77.4058,4.48817,-176.993,
74.1865,98.2413,-28.4761,-0.347558,175.995,7.39096,27.4551,101.808,-1.46302,-167.635,77.7533,11.5556,-169.077,73.332,-5.76067,-145.705,77.4058,4.48817,-176.993,
74.1865,98.2413,-28.4761,-0.347558,175.995,7.39096,27.4551,101.808,-1.46302,-167.635,77.7533,11.5556,-169.077,73.332,-5.76067,-145.705,77.4058,4.48817,-176.993,
74.1865,98.2413,-28.4761,-0.305517,175.995,7.39096,27.4551,101.808,-1.46302,-167.635,77.7533,11.5556,-169.077,73.332,-5.76067,-145.705,77.4478,4.4694,-176.914,
74.1177,98.2248,-28.5284,-0.313556,175.978,7.43064,27.4462,101.86,-1.46819,-167.809,77.7533,11.5556,-169.077,73.332,-5.76067,-145.705,77.4398,4.48631,-176.915,
74.1084,98.1716,-28.5049,-0.357475,175.969,7.44793,27.4424,101.86,-1.46819,-167.809,77.7972,11.533,-169.068,73.3555,-5.77295,-145.707,77.4398,4.48631,-176.915,
74.0951,98.1716,-28.536,-0.357243,175.969,7.44793,27.4424,101.874,-1.47391,-167.809,77.7972,11.533,-169.068,73.3376,-5.77046,-145.706,77.44,4.49322,-176.915,
74.0525,98.1382,-28.536,-0.348015,175.926,7.49087,27.4217,101.874,-1.47391,-167.809,77.788,11.5367,-168.941,73.3376,-5.77046,-145.706,77.44,4.49322,-176.915,
74.0525,98.1382,-28.5183,-0.348015,175.926,7.49087,27.4217,101.874,-1.47391,-167.809,77.788,11.5367,-168.941,73.3553,-5.78075,-145.707,77.44,4.49322,-176.915,
74.0049,98.0856,-28.5133,-0.348015,175.874,7.51498,27.3934,101.869,-1.48241,-167.809,77.788,11.5367,-168.941,73.3553,-5.78075,-145.707,77.44,4.49322,-176.915,
74.0049,98.0649,-28.5133,-0.368718,175.874,7.51498,27.3934,101.869,-1.48241,-167.809,77.8087,11.5405,-168.937,73.3553,-5.78075,-145.707,77.44,4.49322,-176.915,
73.9734,98.0263,-28.5063,-0.368718,175.835,7.51596,27.3738,101.862,-1.4867,-167.809,77.8087,11.5405,-168.937,73.3553,-5.78075,-145.707,77.44,4.49322,-176.915,
73.9676,98.0322,-28.4984,-0.356984,175.829,7.52187,27.3687,101.862,-1.4867,-167.809,77.797,11.5609,-168.94,73.3632,-5.76788,-145.737,77.44,4.49322,-176.915,
73.9676,98.0322,-28.4984,-0.342476,175.829,7.52187,27.3687,101.862,-1.4867,-167.809,77.797,11.5609,-168.94,73.3632,-5.76788,-145.737,77.4545,4.50851,-176.764,
73.9338,98.0007,-28.5007,-0.342476,175.798,7.57559,27.3435,101.864,-1.46289,-167.786,77.797,11.5609,-168.94,73.3632,-5.76788,-145.737,77.4545,4.50851,-176.764,
73.9338,97.999,-28.5057,-0.344156,175.798,7.57559,27.3435,101.864,-1.46289,-167.786,77.7986,11.5628,-168.939,73.3582,-5.75462,-145.736,77.4545,4.50851,-176.764,
73.934,97.999,-28.5055,-0.351219,175.798,7.57559,27.3435,101.864,-1.45931,-167.786,77.7986,11.5628,-168.939,73.3582,-5.75462,-145.736,77.4474,4.49961,-176.765,
73.9148,98.003,-28.5055,-0.32807,175.778,7.61479,27.326,101.864,-1.45931,-167.786,77.7755,11.5625,-168.944,73.3582,-5.75462,-145.736,77.4474,4.49961,-176.765,
73.9148,98.003,-28.5039,-0.353889,175.778,7.61479,27.326,101.864,-1.45931,-167.786,77.7755,11.5625,-168.944,73.3598,-5.74473,-145.737,77.4216,4.52315,-176.767,
73.8805,97.9422,-28.4775,-0.353889,175.718,7.69535,27.2791,101.837,-1.45897,-167.786,77.7755,11.5625,-168.944,73.3598,-5.74473,-145.737,77.4216,4.52315,-176.767,
73.8805,97.9532,-28.4736,-0.342913,175.718,7.69535,27.2791,101.837,-1.45897,-167.786,77.7645,11.5831,-168.779,73.3637,-5.71943,-145.737,77.4216,4.52315,-176.767,
73.8805,97.9532,-28.4736,-0.342913,175.718,7.69535,27.2791,101.837,-1.45897,-167.786,77.7645,11.5831,-168.779,73.3637,-5.71943,-145.737,77.4216,4.52315,-176.767,
73.8805,97.9532,-28.4736,-0.342913,175.718,7.69535,27.2791,101.837,-1.45897,-167.786,77.7645,11.5831,-168.779,73.3637,-5.71943,-145.737,77.4216,4.52315,-176.767,
73.8805,97.9532,-28.4736,-0.323262,175.718,7.69535,27.2791,101.837,-1.45897,-167.786,77.7645,11.5831,-168.779,73.3637,-5.71943,-145.737,77.4413,4.53887,-176.767,
73.8193,97.9143,-28.4958,-0.323262,175.679,7.72832,27.2525,101.859,-1.44367,-167.734,77.7645,11.5831,-168.779,73.3637,-5.71943,-145.737,77.4413,4.53887,-176.767,
73.8193,97.8829,-28.4823,-0.354627,175.679,7.72832,27.2525,101.859,-1.44367,-167.734,77.7959,11.6027,-168.773,73.3772,-5.70927,-145.738,77.4413,4.53887,-176.767,
73.7887,97.8829,-28.5033,-0.339491,175.679,7.72832,27.2525,101.89,-1.42813,-167.735,77.7959,11.6027,-168.773,73.3868,-5.72838,-145.63,77.4564,4.56182,-176.765,
73.7643,97.8585,-28.5033,-0.339491,175.654,7.75168,27.2315,101.89,-1.42813,-167.735,77.7959,11.6027,-168.773,73.3868,-5.72838,-145.63,77.4564,4.56182,-176.765,
73.7643,97.8585,-28.4832,-0.340782,175.654,7.75168,27.2315,101.89,-1.42813,-167.735,77.7959,11.6027,-168.773,73.4068,-5.73166,-145.632,77.4551,4.55283,-176.765,
73.7309,97.8172,-28.4754,-0.340782,175.613,7.7649,27.1925,101.882,-1.4233,-167.735,77.7959,11.6027,-168.773,73.4068,-5.73166,-145.632,77.4551,4.55283,-176.765,
73.7309,97.8126,-28.4712,-0.345392,175.613,7.7649,27.1925,101.882,-1.4233,-167.735,77.8005,11.6077,-168.756,73.4111,-5.72505,-145.633,77.4551,4.55283,-176.765,
73.7191,97.8126,-28.4829,-0.346308,175.613,7.7649,27.1925,101.894,-1.39053,-167.735,77.8005,11.6077,-168.756,73.4111,-5.72505,-145.633,77.4542,4.55585,-176.766,
73.7168,97.8389,-28.4829,-0.317634,175.611,7.76647,27.1704,101.894,-1.39053,-167.735,77.7718,11.6126,-168.762,73.4111,-5.72505,-145.633,77.4542,4.55585,-176.766,
73.7168,97.8389,-28.4749,-0.317634,175.611,7.76647,27.1704,101.894,-1.39053,-167.735,77.7718,11.6126,-168.762,73.4191,-5.72186,-145.634,77.4542,4.55585,-176.766,
73.6775,97.7997,-28.4749,-0.317634,175.571,7.79981,27.1559,101.894,-1.39053,-167.735,77.7718,11.6126,-168.762,73.4191,-5.72186,-145.634,77.4542,4.55585,-176.766,
73.6775,97.8219,-28.4961,-0.295408,175.571,7.79981,27.1559,101.894,-1.39053,-167.735,77.7496,11.6218,-168.767,73.3979,-5.71684,-145.534,77.4542,4.55585,-176.766,
73.6313,97.7668,-28.4961,-0.304301,175.525,7.83402,27.1239,101.894,-1.39053,-167.735,77.7585,11.634,-168.765,73.3979,-5.71684,-145.534,77.4542,4.55585,-176.766,
73.6403,97.7668,-28.4871,-0.327859,175.525,7.83402,27.1239,101.885,-1.36968,-167.626,77.7585,11.634,-168.765,73.3979,-5.71684,-145.534,77.4306,4.55405,-176.797,
73.6248,97.7325,-28.4872,-0.346642,175.51,7.86534,27.0923,101.885,-1.36968,-167.626,77.7773,11.6361,-168.761,73.3978,-5.71177,-145.534,77.4306,4.55405,-176.797,
73.6462,97.7325,-28.4657,-0.358609,175.51,7.86534,27.0923,101.864,-1.38467,-167.625,77.7773,11.6361,-168.761,73.3978,-5.71177,-145.534,77.4187,4.56041,-176.798,
73.6415,97.7284,-28.4664,-0.358609,175.506,7.87659,27.0865,101.864,-1.3979,-167.625,77.7773,11.6361,-168.761,73.3978,-5.71177,-145.534,77.4187,4.56041,-176.798,
73.6415,97.7284,-28.4664,-0.358609,175.506,7.87659,27.0865,101.864,-1.3979,-167.625,77.7773,11.6361,-168.761,73.3978,-5.71177,-145.534,77.4187,4.56041,-176.798,
73.6415,97.7284,-28.4664,-0.358609,175.506,7.87659,27.0865,101.864,-1.3979,-167.625,77.7773,11.6361,-168.761,73.3978,-5.71177,-145.534,77.4187,4.56041,-176.798,
73.6415,97.6839,-28.4664,-0.40313,175.506,7.87659,27.0865,101.864,-1.3979,-167.625,77.8218,11.6339,-168.743,73.3978,-5.71177,-145.534,77.4187,4.56041,-176.798,
73.6415,97.6839,-28.473,-0.375173,175.506,7.87659,27.0865,101.864,-1.3979,-167.625,77.8218,11.6339,-168.743,73.3913,-5.71876,-145.533,77.4466,4.57334,-176.795,
73.5842,97.6494,-28.4958,-0.375173,175.471,7.95731,27.0415,101.887,-1.40865,-167.626,77.8218,11.6339,-168.743,73.3913,-5.71876,-145.533,77.4466,4.57334,-176.795,
73.5842,97.6775,-28.5157,-0.341943,175.471,7.95731,27.0415,101.887,-1.40865,-167.626,77.7938,11.6308,-168.748,73.3713,-5.72183,-145.531,77.4518,4.57179,-176.795,
73.5878,97.669,-28.5037,-0.357817,175.463,7.97771,27.0291,101.875,-1.4183,-167.632,77.7938,11.6308,-168.748,73.3713,-5.72183,-145.531,77.436,4.56011,-176.744,
73.5462,97.6273,-28.5037,-0.357817,175.421,8.00734,27.0063,101.875,-1.4183,-167.632,77.7938,11.6308,-168.748,73.3713,-5.72183,-145.531,77.436,4.56011,-176.744,
73.5462,97.6273,-28.5021,-0.345543,175.421,8.00734,27.0063,101.875,-1.4183,-167.632,77.7938,11.6308,-168.748,73.3729,-5.72511,-145.398,77.4482,4.56456,-176.743,
73.5538,97.6273,-28.4945,-0.345543,175.421,8.00734,27.0063,101.867,-1.42153,-167.631,77.7938,11.6308,-168.748,73.3729,-5.72511,-145.398,77.4482,4.56456,-176.743,
73.5538,97.6374,-28.4945,-0.335468,175.421,8.00734,27.0063,101.867,-1.42153,-167.631,77.7837,11.6186,-168.75,73.3729,-5.72511,-145.398,77.4482,4.56456,-176.743,
73.5272,97.6109,-28.4945,-0.335468,175.395,8.02671,26.9985,101.867,-1.42153,-167.631,77.7837,11.6186,-168.75,73.3729,-5.72511,-145.398,77.4482,4.56456,-176.743,
73.5071,97.6043,-28.4945,-0.321882,175.374,8.03363,26.9922,101.867,-1.42153,-167.631,77.7701,11.6111,-168.753,73.3729,-5.72511,-145.398,77.4482,4.56456,-176.743,
73.5071,97.6043,-28.4829,-0.329464,175.374,8.03363,26.9922,101.867,-1.42153,-167.631,77.7701,11.6111,-168.753,73.3845,-5.72873,-145.399,77.4407,4.55665,-176.743,
73.4226,97.5312,-28.4941,-0.329464,175.301,8.06831,26.9768,101.879,-1.41659,-167.632,77.7701,11.6111,-168.753,73.3845,-5.72873,-145.399,77.4407,4.55665,-176.743,
73.4226,97.5506,-28.4741,-0.310004,175.301,8.06831,26.9768,101.879,-1.41659,-167.632,77.7507,11.6097,-168.659,73.4046,-5.73535,-145.401,77.4407,4.55665,-176.743,
73.3934,97.531,-28.4837,-0.29495,175.282,8.08473,26.9693,101.888,-1.41219,-167.632,77.7507,11.6097,-168.659,73.4046,-5.73535,-145.401,77.4557,4.5433,-176.742,
73.3763,97.4985,-28.4837,-0.31038,175.265,8.10502,26.9546,101.888,-1.41219,-167.632,77.7661,11.622,-168.656,73.4046,-5.73535,-145.401,77.4557,4.5433,-176.742,
73.3763,97.4985,-28.4837,-0.305359,175.265,8.10502,26.9546,101.888,-1.41219,-167.632,77.7661,11.622,-168.656,73.4046,-5.73535,-145.401,77.4607,4.53809,-176.639,
73.3529,97.476,-28.4846,-0.305359,175.242,8.13536,26.9317,101.889,-1.40915,-167.632,77.7661,11.622,-168.656,73.4046,-5.73535,-145.401,77.4607,4.53809,-176.639,
73.3529,97.476,-28.4846,-0.305359,175.242,8.13536,26.9317,101.889,-1.40915,-167.632,77.7661,11.622,-168.656,73.4046,-5.73535,-145.401,77.4607,4.53809,-176.639,
73.3529,97.476,-28.4846,-0.305359,175.242,8.13536,26.9317,101.889,-1.40915,-167.632,77.7661,11.622,-168.656,73.4046,-5.73535,-145.401,77.4607,4.53809,-176.639,
73.3529,97.4578,-28.4927,-0.323562,175.242,8.13536,26.9317,101.889,-1.40915,-167.632,77.7843,11.6322,-168.652,73.3965,-5.72874,-145.553,77.4607,4.53809,-176.639,
73.3529,97.4578,-28.4872,-0.297593,175.242,8.13536,26.9317,101.889,-1.40915,-167.632,77.7843,11.6322,-168.652,73.4019,-5.72476,-145.553,77.4867,4.52809,-176.637,
73.3061,97.4451,-28.5213,-0.297593,175.229,8.14377,26.9287,101.923,-1.39593,-167.802,77.7843,11.6322,-168.652,73.4019,-5.72476,-145.553,77.4867,4.52809,-176.637,
73.3061,97.4227,-28.5137,-0.319983,175.229,8.14377,26.9287,101.923,-1.39593,-167.802,77.8067,11.6284,-168.648,73.4095,-5.72726,-145.554,77.4867,4.52809,-176.637,
73.3015,97.4084,-28.5041,-0.33848,175.215,8.16175,26.9316,101.914,-1.40082,-167.802,77.8067,11.6284,-168.648,73.4095,-5.72726,-145.554,77.4682,4.53078,-176.638,
73.1229,97.217,-28.5041,-0.351328,175.037,8.24271,26.9001,101.914,-1.40082,-167.802,77.8195,11.6487,-168.604,73.4095,-5.72726,-145.554,77.4682,4.53078,-176.638,
73.1418,97.217,-28.481,-0.351328,175.037,8.24271,26.9001,101.895,-1.40039,-167.801,77.8195,11.6487,-168.604,73.4137,-5.73573,-145.554,77.4682,4.53078,-176.638,
73.0828,97.158,-28.481,-0.351328,174.978,8.28315,26.886,101.895,-1.40039,-167.801,77.8195,11.6487,-168.604,73.4137,-5.73573,-145.554,77.4682,4.53078,-176.638,
73.0828,97.186,-28.466,-0.323296,174.978,8.28315,26.886,101.895,-1.40039,-167.801,77.7915,11.6379,-168.609,73.4287,-5.73787,-145.556,77.4682,4.53078,-176.638,
