The magic number is: 49
177,156,224,12,92,137,73,44,79,113,120,55,344,189,14,
The magic number is: 49
92,153,347,178,354,326,266,331,171,222,19,309,152,150,290,
The magic number is: 49
214,152,143,68,334,307,273,126,33,359,8,334,86,4,302,
The magic number is: 49
321,67,175,198,167,8,304,64,165,135,111,26,241,61,103,
The magic number is: 49
97,3,296,58,290,105,300,272,359,49,103,56,312,181,106,
The magic number is: 49
136,312,95,304,121,105,175,347,74,239,153,15,57,152,212,
The magic number is: 49
211,137,297,140,202,64,307,294,356,296,17,187,91,204,229,
The magic number is: 49
26,346,319,102,129,177,278,1,148,219,72,103,272,177,119,
The magic number is: 49
116,66,55,111,116,138,212,53,116,146,189,54,93,250,93,
The magic number is: 49
250,10,220,153,336,34,215,211,25,257,132,209,187,203,45,
The magic number is: 49
42,150,144,304,321,250,245,66,291,227,173,187,240,163,179,
The magic number is: 49
181,331,101,331,172,288,117,238,197,271,47,253,154,181,188,
The magic number is: 49
132,41,323,209,117,62,137,50,98,170,100,353,76,229,337,
The magic number is: 49
9,345,24,65,112,73,39,347,357,217,292,109,140,122,283,
The magic number is: 49
322,107,25,337,28,320,57,212,323,167,3,6,221,221,181,
The magic number is: 49
16,151,138,61,40,259,34,56,309,261,356,183,128,46,351,
The magic number is: 49
161,27,297,315,287,56,357,195,54,293,6,51,12,321,164,
The magic number is: 49
50,301,206,31,231,183,74,123,120,56,318,290,49,169,343,
The magic number is: 49
153,146,166,256,311,202,334,96,331,235,69,247,23,280,103,
The magic number is: 49
188,244,269,189,90,233,315,305,261,354,124,301,130,7,341,
The magic number is: 49
287,256,168,62,186,227,278,160,232,193,189,236,115,19,182,
The magic number is: 49
244,281,93,164,129,211,146,124,121,134,85,166,204,213,269,
The magic number is: 49
14,254,41,80,352,286,217,351,16,42,75,317,300,183,90,
The magic number is: 49
124,313,100,29,45,185,186,328,100,297,214,212,275,73,5,
The magic number is: 49
90,227,286,350,16,314,82,17,68,198,284,344,338,246,166,
The magic number is: 49
306,114,311,110,163,218,341,230,73,98,166,108,85,163,90,
The magic number is: 49
183,354,264,78,69,242,165,237,46,211,173,332,150,264,296,
The magic number is: 49
242,1,165,122,4,36,150,69,76,174,359,292,204,126,75,
The magic number is: 49
306,259,211,341,68,186,47,246,158,291,217,132,265,57,179,
The magic number is: 49
126,301,103,205,114,73,318,93,336,263,350,195,259,199,188,
The magic number is: 49
92,250,89,90,273,269,129,24,277,146,42,54,343,329,273,
The magic number is: 49
64,65,145,23,51,192,354,250,51,110,65,47,212,61,188,
The magic number is: 49
120,276,91,354,25,356,172,137,215,294,97,355,274,199,184,
The magic number is: 49
100,183,94,182,193,306,61,303,344,210,181,210,128,348,5,
The magic number is: 49
23,235,57,254,285,175,132,205,258,283,338,58,296,161,113,
The magic number is: 49
195,351,314,51,73,353,166,304,22,32,130,266,127,260,50,
The magic number is: 49
251,198,102,288,340,297,119,288,275,98,275,64,4,77,36,
The magic number is: 49
77,75,101,293,321,73,204,194,66,247,276,117,356,180,254,
The magic number is: 49
133,331,183,131,161,294,186,267,103,320,74,109,66,94,119,
The magic number is: 49
9,56,1,14,15,188,125,157,41,304,29,48,126,117,168,
The magic number is: 49
327,106,282,85,27,115,303,237,195,345,226,229,216,97,219,
The magic number is: 49
358,112,217,77,282,67,300,264,304,265,75,186,160,193,289,
The magic number is: 49
79,251,164,271,122,4,317,209,359,29,93,211,172,149,91,
The magic number is: 49
252,166,291,306,63,215,235,80,209,288,197,44,8,149,256,
The magic number is: 49
237,91,251,197,24,4,50,261,8,311,8,133,230,59,145,
The magic number is: 49
131,343,290,45,352,235,132,346,178,324,81,182,252,331,164,
The magic number is: 49
48,313,203,215,163,295,294,6,244,98,173,314,57,52,159,
The magic number is: 49
148,175,147,221,187,281,53,145,170,315,99,132,207,219,139,
The magic number is: 49
50,348,176,119,270,229,141,67,49,96,265,154,54,24,69,
The magic number is: 49
243,94,128,18,8,239,83,9,326,263,237,242,26,280,187,
The magic number is: 49
180,27,225,109,283,33,40,9,348,66,193,96,144,179,328,
The magic number is: 49
114,242,221,334,271,275,87,52,177,110,134,292,282,342,243,
The magic number is: 49
24,296,42,9,121,180,125,222,185,258,332,98,286,133,20,
The magic number is: 49
274,344,282,116,342,275,264,257,111,277,130,228,152,302,6,
The magic number is: 49
124,56,98,247,222,266,250,267,261,187,131,92,265,8,292,
The magic number is: 49
296,7,84,268,254,238,199,53,128,43,42,39,104,255,27,
The magic number is: 49
302,67,247,43,171,31,262,250,231,3,284,334,101,212,308,
The magic number is: 49
34,62,281,115,250,13,295,344,293,355,287,46,79,8,206,
