208,275,351,83,343,166,45,118,45,75,69,56,275,299,244,
162,145,236,109,208,89,314,100,162,199,99,265,11,334,95,
57,178,267,5,114,247,152,93,212,317,191,139,219,176,317,
152,126,237,10,200,50,97,206,64,215,304,77,213,20,72,
232,354,344,187,215,337,92,230,286,247,170,234,46,70,215,
99,42,67,56,95,260,11,236,66,165,83,37,134,114,26,
324,23,142,222,294,155,254,213,59,69,115,111,229,50,204,
162,168,47,99,133,171,198,299,236,8,177,285,7,254,235,
265,155,116,101,50,315,306,25,269,254,100,124,345,297,66,
154,107,137,105,17,110,152,128,349,211,296,4,27,143,20,
255,86,1,187,170,10,293,14,346,33,220,56,9,19,138,
275,254,241,222,60,106,3,6,263,346,72,145,148,203,261,
53,163,144,88,98,82,336,307,72,285,258,53,225,83,327,
79,344,107,89,335,87,315,358,211,187,237,174,178,7,49,
308,58,298,61,305,285,144,296,241,265,171,315,264,167,187,
171,84,151,62,216,311,61,99,124,73,206,289,345,276,207,
222,138,35,109,21,214,87,75,284,273,71,223,74,161,124,
213,33,34,121,257,45,116,359,281,155,299,53,279,67,130,
125,56,15,236,113,196,107,221,356,148,66,23,263,309,209,
140,5,80,230,58,134,206,143,178,67,124,151,235,246,204,
264,293,333,313,318,149,41,231,96,110,184,117,337,111,283,
319,25,280,67,108,239,147,187,98,44,291,185,42,307,351,
93,161,118,345,38,258,278,317,168,115,257,337,138,88,311,
18,320,287,173,248,356,197,255,341,319,84,283,111,241,337,
310,62,278,135,290,357,299,19,335,39,170,201,73,152,191,
244,219,150,184,38,342,190,312,340,199,35,157,26,351,201,
342,258,288,122,9,208,111,240,22,303,353,192,183,186,116,
81,0,348,338,279,200,53,181,159,51,274,250,349,308,307,
145,153,87,115,263,44,292,273,232,320,158,248,225,55,313,
163,105,180,240,122,237,198,333,142,244,231,34,191,254,227,
239,87,5,101,353,74,267,215,187,239,304,156,31,187,205,
114,245,87,188,57,69,258,160,127,38,126,192,109,166,312,
189,305,175,216,9,224,139,118,132,128,136,13,140,80,216,
42,349,267,183,140,83,165,92,348,217,260,261,243,58,278,
167,280,65,198,202,28,242,168,268,42,158,233,1,245,42,
279,335,341,133,116,170,146,303,122,179,25,208,315,265,253,
259,129,112,250,321,237,152,69,140,285,199,283,352,297,70,
171,40,143,197,297,146,83,47,56,274,67,160,181,162,120,
215,257,264,58,44,1,71,337,193,214,134,58,93,119,63,
342,337,96,279,116,96,5,181,71,84,105,64,8,265,120,
267,166,10,34,348,229,52,284,265,114,186,4,347,48,280,
134,53,46,12,2,323,18,337,143,266,250,288,54,207,218,
55,350,25,231,110,344,248,16,322,125,40,276,42,309,326,
114,261,64,86,334,269,274,126,346,215,348,103,294,25,124,
260,57,20,230,294,292,213,333,139,314,199,170,185,80,110,
56,99,190,227,115,77,49,198,67,207,135,336,43,164,37,
188,259,293,129,295,256,350,318,114,41,4,343,141,144,60,
240,47,226,221,151,152,7,50,262,253,11,225,218,48,245,
195,156,33,78,188,301,30,14,55,284,155,51,307,44,301,
177,156,224,12,92,137,73,44,79,113,120,55,344,189,14,
92,153,347,178,354,326,266,331,171,222,19,309,152,150,290,
214,152,143,68,334,307,273,126,33,359,8,334,86,4,302,
321,67,175,198,167,8,304,64,165,135,111,26,241,61,103,
97,3,296,58,290,105,300,272,359,49,103,56,312,181,106,
136,312,95,304,121,105,175,347,74,239,153,15,57,152,212,
211,137,297,140,202,64,307,294,356,296,17,187,91,204,229,
26,346,319,102,129,177,278,1,148,219,72,103,272,177,119,
116,66,55,111,116,138,212,53,116,146,189,54,93,250,93,
250,10,220,153,336,34,215,211,25,257,132,209,187,203,45,
42,150,144,304,321,250,245,66,291,227,173,187,240,163,179,
181,331,101,331,172,288,117,238,197,271,47,253,154,181,188,
132,41,323,209,117,62,137,50,98,170,100,353,76,229,337,
9,345,24,65,112,73,39,347,357,217,292,109,140,122,283,
322,107,25,337,28,320,57,212,323,167,3,6,221,221,181,
16,151,138,61,40,259,34,56,309,261,356,183,128,46,351,
161,27,297,315,287,56,357,195,54,293,6,51,12,321,164,
50,301,206,31,231,183,74,123,120,56,318,290,49,169,343,
153,146,166,256,311,202,334,96,331,235,69,247,23,280,103,
188,244,269,189,90,233,315,305,261,354,124,301,130,7,341,
287,256,168,62,186,227,278,160,232,193,189,236,115,19,182,
244,281,93,164,129,211,146,124,121,134,85,166,204,213,269,
14,254,41,80,352,286,217,351,16,42,75,317,300,183,90,
124,313,100,29,45,185,186,328,100,297,214,212,275,73,5,
90,227,286,350,16,314,82,17,68,198,284,344,338,246,166,
306,114,311,110,163,218,341,230,73,98,166,108,85,163,90,
183,354,264,78,69,242,165,237,46,211,173,332,150,264,296,
242,1,165,122,4,36,150,69,76,174,359,292,204,126,75,
306,259,211,341,68,186,47,246,158,291,217,132,265,57,179,
126,301,103,205,114,73,318,93,336,263,350,195,259,199,188,
92,250,89,90,273,269,129,24,277,146,42,54,343,329,273,
64,65,145,23,51,192,354,250,51,110,65,47,212,61,188,
120,276,91,354,25,356,172,137,215,294,97,355,274,199,184,
100,183,94,182,193,306,61,303,344,210,181,210,128,348,5,
23,235,57,254,285,175,132,205,258,283,338,58,296,161,113,
195,351,314,51,73,353,166,304,22,32,130,266,127,260,50,
251,198,102,288,340,297,119,288,275,98,275,64,4,77,36,
77,75,101,293,321,73,204,194,66,247,276,117,356,180,254,
133,331,183,131,161,294,186,267,103,320,74,109,66,94,119,
9,56,1,14,15,188,125,157,41,304,29,48,126,117,168,
327,106,282,85,27,115,303,237,195,345,226,229,216,97,219,
358,112,217,77,282,67,300,264,304,265,75,186,160,193,289,
79,251,164,271,122,4,317,209,359,29,93,211,172,149,91,
252,166,291,306,63,215,235,80,209,288,197,44,8,149,256,
237,91,251,197,24,4,50,261,8,311,8,133,230,59,145,
131,343,290,45,352,235,132,346,178,324,81,182,252,331,164,
48,313,203,215,163,295,294,6,244,98,173,314,57,52,159,
148,175,147,221,187,281,53,145,170,315,99,132,207,219,139,
50,348,176,119,270,229,141,67,49,96,265,154,54,24,69,
243,94,128,18,8,239,83,9,326,263,237,242,26,280,187,
180,27,225,109,283,33,40,9,348,66,193,96,144,179,328,
114,242,221,334,271,275,87,52,177,110,134,292,282,342,243,
24,296,42,9,121,180,125,222,185,258,332,98,286,133,20,
274,344,282,116,342,275,264,257,111,277,130,228,152,302,6,
124,56,98,247,222,266,250,267,261,187,131,92,265,8,292,
