95.9775,88.2041,-34.7089,-2.12093,0,0,0,95.9775,-7.49198,177.91,88.2041,25.9453,172.374,61.2686,-8.37362,-143.012,86.0831,21.3674,174.879,
95.9775,88.1901,-34.7089,-2.10696,0,0,0,95.9775,-7.49198,177.91,88.1901,25.9657,172.368,61.2686,-8.37362,-143.012,86.0831,21.3674,174.879,
95.9775,88.1901,-34.7578,-2.10696,0,0,0,95.9775,-7.49198,177.91,88.1901,25.9657,172.368,61.2197,-8.37224,-142.783,86.0831,21.3674,174.879,
95.972,88.1901,-34.7523,-2.10491,0,0,0,95.972,-7.51831,177.911,88.1901,25.9657,172.368,61.2197,-8.37224,-142.783,86.0852,21.3863,174.88,
95.972,88.2549,-34.7478,-2.16971,0,0,0,95.972,-7.51831,177.911,88.2549,25.9615,172.377,61.2242,-8.39256,-142.784,86.0852,21.3863,174.88,
95.972,88.2549,-34.7478,-2.11548,0,0,0,95.972,-7.51831,177.911,88.2549,25.9615,172.377,61.2242,-8.39256,-142.784,86.1394,21.3869,174.888,
96.0402,88.3622,-34.7846,-2.22277,0,0,0,96.0402,-7.54515,177.936,88.3622,25.9525,172.424,61.2556,-8.41143,-142.788,86.1394,21.3869,174.888,
96.0402,88.3622,-34.7846,-2.22277,0,0,0,96.0402,-7.54515,177.936,88.3622,25.9525,172.424,61.2556,-8.41143,-142.788,86.1394,21.3869,174.888,
96.0402,88.3622,-34.753,-2.22277,0,0,0,96.0402,-7.54515,177.936,88.3622,25.9525,172.424,61.2872,-8.45482,-142.793,86.1394,21.3869,174.888,
96.2439,88.3622,-34.9566,-2.11606,0,0,0,96.2439,-7.48218,178.103,88.3622,25.9525,172.424,61.2872,-8.45482,-142.793,86.2461,21.4158,174.927,
96.2439,88.3622,-34.9054,-2.11606,0,0,0,96.2439,-7.48218,178.103,88.3622,25.9525,172.424,61.3384,-8.49324,-142.801,86.2461,21.4158,174.927,
96.3442,88.3622,-35.0058,-2.04447,0,0,0,96.3442,-7.39573,178.09,88.3622,25.9525,172.424,61.3384,-8.49324,-142.801,86.3177,21.4125,174.953,
96.3442,88.3622,-35.0058,-2.04447,0,0,0,96.3442,-7.39573,178.09,88.3622,25.9525,172.424,61.3384,-8.49324,-142.801,86.3177,21.4125,174.953,
96.3442,88.3622,-35.0058,-2.04447,0,0,0,96.3442,-7.39573,178.09,88.3622,25.9525,172.424,61.3384,-8.49324,-142.801,86.3177,21.4125,174.953,
96.3442,88.4206,-35.0058,-2.10283,0,0,0,96.3442,-7.39573,178.09,88.4206,25.9405,172.362,61.3384,-8.49324,-142.801,86.3177,21.4125,174.953,
96.3442,88.5022,-34.9997,-2.21279,0,0,0,96.3442,-7.39573,178.09,88.5022,25.8977,172.398,61.3446,-8.47335,-142.773,86.2894,21.4252,174.942,
96.2499,88.476,-34.9053,-2.18658,0,0,0,96.2499,-7.38714,178.026,88.476,25.8857,172.405,61.3446,-8.47335,-142.773,86.2894,21.4252,174.942,
96.2499,88.476,-34.9769,-2.26319,0,0,0,96.2499,-7.38714,178.026,88.476,25.8857,172.405,61.273,-8.45058,-142.762,86.2128,21.4,174.914,
96.1598,88.3704,-34.9477,-2.15758,0,0,0,96.1598,-7.41592,178,88.3704,25.887,172.48,61.212,-8.43438,-142.753,86.2128,21.4,174.914,
96.1598,88.3704,-34.9477,-2.15758,0,0,0,96.1598,-7.41592,178,88.3704,25.887,172.48,61.212,-8.43438,-142.753,86.2128,21.4,174.914,
96.1598,88.3704,-34.9477,-2.15758,0,0,0,96.1598,-7.41592,178,88.3704,25.887,172.48,61.212,-8.43438,-142.753,86.2128,21.4,174.914,
96.1598,88.3704,-34.9773,-2.15758,0,0,0,96.1598,-7.41592,178,88.3704,25.887,172.48,61.1825,-8.4204,-142.749,86.2128,21.4,174.914,
96.1598,88.3704,-34.9773,-2.21845,0,0,0,96.1598,-7.41592,178,88.3704,25.887,172.48,61.1825,-8.4204,-142.749,86.1519,21.338,174.919,
96.1598,88.3704,-34.9773,-2.21845,0,0,0,96.1598,-7.41592,178,88.3704,25.887,172.48,61.1825,-8.4204,-142.749,86.1519,21.338,174.919,
96.0309,88.3704,-34.8484,-2.21845,0,0,0,96.0309,-7.5869,178.279,88.3704,25.887,172.48,61.1825,-8.4204,-142.749,86.1519,21.338,174.919,
96.0309,88.3988,-34.8484,-2.22262,0,0,0,96.0309,-7.5869,178.279,88.3988,25.9152,172.146,61.1825,-8.4204,-142.749,86.1762,21.3487,174.942,
96.1067,88.3988,-34.9243,-2.18594,0,0,0,96.1067,-7.58131,178.334,88.3988,25.9152,172.146,61.1825,-8.4204,-142.749,86.2129,21.3497,174.944,
96.1067,88.4716,-34.8639,-2.25869,0,0,0,96.1067,-7.58131,178.334,88.4716,25.9026,172.104,61.2428,-8.47052,-142.763,86.2129,21.3497,174.944,
96.1719,88.4716,-34.9291,-2.22322,0,0,0,96.1719,-7.55585,178.376,88.4716,25.9026,172.104,61.2428,-8.47052,-142.763,86.2484,21.3479,174.941,
96.1719,88.5469,-34.9144,-2.29852,0,0,0,96.1719,-7.55585,178.376,88.5469,25.8869,172.086,61.2575,-8.46711,-142.745,86.2484,21.3479,174.941,
96.1719,88.5469,-34.9144,-2.22562,0,0,0,96.1719,-7.55585,178.376,88.5469,25.8869,172.086,61.2575,-8.46711,-142.745,86.3213,21.3677,174.967,
96.2103,88.5469,-34.9504,-2.22562,0,0,0,96.2103,-7.52475,178.399,88.5469,25.8869,172.086,61.2598,-8.48063,-142.745,86.3213,21.3677,174.967,
96.2103,88.694,-34.9504,-2.37271,0,0,0,96.2103,-7.52475,178.399,88.694,25.8479,172.15,61.2598,-8.48063,-142.745,86.3213,21.3677,174.967,
96.2103,88.694,-34.9504,-2.37271,0,0,0,96.2103,-7.52475,178.399,88.694,25.8479,172.15,61.2598,-8.48063,-142.745,86.3213,21.3677,174.967,
96.2103,88.694,-34.9404,-2.37271,0,0,0,96.2103,-7.52475,178.399,88.694,25.8479,172.15,61.2699,-8.47781,-142.747,86.3213,21.3677,174.967,
96.1803,88.694,-34.9104,-2.29018,0,0,0,96.1803,-7.49982,178.213,88.694,25.8479,172.15,61.2699,-8.47781,-142.747,86.4038,21.382,174.997,
96.1803,88.6711,-34.9104,-2.26731,0,0,0,96.1803,-7.49982,178.213,88.6711,25.8605,172.17,61.2699,-8.47781,-142.747,86.4038,21.382,174.997,
96.1803,88.6711,-34.9077,-2.28203,0,0,0,96.1803,-7.49982,178.213,88.6711,25.8605,172.17,61.2726,-8.48775,-142.766,86.3891,21.4201,174.992,
96.1551,88.6711,-34.8786,-2.28203,0,0,0,96.1551,-7.50969,178.173,88.6711,25.8605,172.17,61.2764,-8.49932,-142.836,86.3891,21.4201,174.992,
96.1439,88.6711,-34.8675,-2.32603,0,0,0,96.1439,-7.52183,178.125,88.6711,25.8605,172.17,61.2764,-8.49932,-142.836,86.3451,21.4239,174.976,
96.1439,88.5903,-34.8747,-2.24525,0,0,0,96.1439,-7.52183,178.125,88.5903,25.9342,172.135,61.2692,-8.49656,-142.835,86.3451,21.4239,174.976,
96.1336,88.5903,-34.8643,-2.30479,0,0,0,96.1336,-7.58319,178.087,88.5903,25.9342,172.135,61.2692,-8.49656,-142.835,86.2855,21.4117,174.954,
96.1336,88.4996,-34.8632,-2.21405,0,0,0,96.1336,-7.58319,178.087,88.4996,25.9587,172.095,61.2704,-8.48752,-142.835,86.2855,21.4117,174.954,
96.1336,88.4996,-34.8632,-2.21405,0,0,0,96.1336,-7.58319,178.087,88.4996,25.9587,172.095,61.2704,-8.48752,-142.835,86.2855,21.4117,174.954,
96.1336,88.4785,-34.8542,-2.19303,0,0,0,96.1336,-7.58319,178.087,88.4785,25.9577,172.063,61.2794,-8.49649,-142.836,86.2855,21.4117,174.954,
96.1336,88.4785,-34.8557,-2.19303,0,0,0,96.1336,-7.58319,178.087,88.4785,25.9577,172.063,61.2779,-8.50331,-142.836,86.2855,21.4117,174.954,
96.1336,88.4785,-34.8557,-2.19303,0,0,0,96.1336,-7.58319,178.087,88.4785,25.9577,172.063,61.2779,-8.50331,-142.836,86.2855,21.4117,174.954,
96.1336,88.4673,-34.8557,-2.25528,0,0,0,96.1336,-7.58319,178.087,88.4673,25.938,172.065,61.2779,-8.50331,-142.836,86.212,21.375,174.927,
96.1336,88.4673,-34.8557,-2.24781,0,0,0,96.1336,-7.58319,178.087,88.4673,25.938,172.065,61.2779,-8.50331,-142.836,86.2195,21.3616,174.93,
96.1464,88.4673,-34.8685,-2.24781,0,0,0,96.1464,-7.62379,178.284,88.4673,25.938,172.065,61.2779,-8.50331,-142.836,86.2195,21.3616,174.93,
96.1464,88.5022,-34.8855,-2.2827,0,0,0,96.1464,-7.62379,178.284,88.5022,25.9334,172.08,61.2609,-8.49565,-142.834,86.2195,21.3616,174.93,
96.1464,88.5022,-34.8427,-2.25506,0,0,0,96.1464,-7.62379,178.284,88.5022,25.9334,172.08,61.3036,-8.53095,-142.8,86.2471,21.3712,174.94,
96.1464,88.5022,-34.8427,-2.22929,0,0,0,96.1464,-7.62379,178.284,88.5022,25.9334,172.08,61.3036,-8.53095,-142.8,86.2729,21.3999,174.949,
96.1464,88.5022,-34.8427,-2.22929,0,0,0,96.1464,-7.62379,178.284,88.5022,25.9334,172.08,61.3036,-8.53095,-142.8,86.2729,21.3999,174.949,
96.1464,88.5022,-34.8427,-2.21426,0,0,0,96.1464,-7.62379,178.284,88.5022,25.9334,172.08,61.3036,-8.53095,-142.8,86.2879,21.404,174.955,
96.2664,88.5022,-34.9628,-2.21426,0,0,0,96.2664,-7.54191,178.294,88.5022,25.9334,172.08,61.3036,-8.53095,-142.8,86.2879,21.404,174.955,
96.2664,88.5553,-34.9482,-2.24546,0,0,0,96.2664,-7.54191,178.294,88.5553,25.9186,172.103,61.3182,-8.53536,-142.802,86.3098,21.4063,174.963,
96.2664,88.6616,-34.9722,-2.35176,0,0,0,96.2664,-7.54191,178.294,88.6616,25.9087,172.15,61.2942,-8.52839,-142.798,86.3098,21.4063,174.963,
96.2183,88.6616,-34.9241,-2.33228,0,0,0,96.2183,-7.55598,178.377,88.6616,25.9087,172.15,61.2942,-8.52839,-142.798,86.3293,21.3907,174.97,
96.2183,88.6282,-34.9241,-2.29888,0,0,0,96.2183,-7.55598,178.377,88.6282,25.8986,172.073,61.2942,-8.52839,-142.798,86.3293,21.3907,174.97,
96.1839,88.6282,-34.8898,-2.31576,0,0,0,96.1839,-7.57285,178.364,88.6282,25.8986,172.073,61.2942,-8.52839,-142.798,86.3124,21.3679,174.964,
96.1839,88.5951,-34.8945,-2.28262,0,0,0,96.1839,-7.57285,178.364,88.5951,25.9004,172.07,61.2894,-8.50363,-142.748,86.3124,21.3679,174.964,
96.1433,88.5951,-34.8539,-2.32028,0,0,0,96.1433,-7.61706,178.369,88.5951,25.9004,172.07,61.2894,-8.50363,-142.748,86.2748,21.3576,174.95,
96.1433,88.5219,-34.8799,-2.24713,0,0,0,96.1433,-7.61706,178.369,88.5219,25.9112,172.038,61.2634,-8.49555,-142.744,86.2748,21.3576,174.95,
96.1433,88.5219,-34.8799,-2.28942,0,0,0,96.1433,-7.61706,178.369,88.5219,25.9112,172.038,61.2634,-8.49555,-142.744,86.2325,21.3573,174.935,
96.136,88.4648,-34.8726,-2.23235,0,0,0,96.136,-7.64688,178.37,88.4648,25.9198,172.014,61.2634,-8.49555,-142.744,86.2325,21.3573,174.935,
96.136,88.4648,-34.8781,-2.25576,0,0,0,96.136,-7.64688,178.37,88.4648,25.9198,172.014,61.2579,-8.50292,-142.744,86.2091,21.3244,174.926,
96.1346,88.4648,-34.8767,-2.25576,0,0,0,96.1346,-7.66733,178.371,88.4648,25.9198,172.014,61.2579,-8.50292,-142.744,86.2091,21.3244,174.926,
96.1346,88.4447,-34.8712,-2.23566,0,0,0,96.1346,-7.66733,178.371,88.4447,25.9216,172.005,61.2635,-8.50107,-142.744,86.2091,21.3244,174.926,
96.1649,88.4447,-34.9014,-2.24056,0,0,0,96.1649,-7.65032,178.107,88.4447,25.9216,172.005,61.2635,-8.50107,-142.744,86.2042,21.3321,174.924,
96.1649,88.4368,-34.9027,-2.23265,0,0,0,96.1649,-7.65032,178.107,88.4368,25.9156,171.978,61.2622,-8.49968,-142.744,86.2042,21.3321,174.924,
96.1649,88.4368,-34.9027,-2.23516,0,0,0,96.1649,-7.65032,178.107,88.4368,25.9156,171.978,61.2622,-8.49968,-142.744,86.2017,21.3172,174.923,
96.1933,88.4368,-34.931,-2.23516,0,0,0,96.1933,-7.63103,178.103,88.4368,25.9156,171.978,61.2622,-8.49968,-142.744,86.2017,21.3172,174.923,
96.1933,88.4368,-34.931,-2.23516,0,0,0,96.1933,-7.63103,178.103,88.4368,25.9156,171.978,61.2622,-8.49968,-142.744,86.2017,21.3172,174.923,
96.2217,88.4368,-34.9595,-2.23516,0,0,0,96.2217,-7.61086,178.099,88.4368,25.9156,171.978,61.2622,-8.49968,-142.744,86.2017,21.3172,174.923,
96.2217,88.4992,-34.9595,-2.29751,0,0,0,96.2217,-7.61086,178.099,88.4992,25.8813,171.81,61.2622,-8.49968,-142.744,86.2017,21.3172,174.923,
96.1972,88.4992,-34.9143,-2.31385,0,0,0,96.1972,-7.61206,178.093,88.4992,25.8813,171.81,61.2829,-8.52082,-142.888,86.1853,21.2961,174.918,
96.1972,88.4943,-34.9348,-2.30901,0,0,0,96.1972,-7.61206,178.093,88.4943,25.8605,171.821,61.2624,-8.5199,-142.885,86.1853,21.2961,174.918,
96.1602,88.4943,-34.8977,-2.33588,0,0,0,96.1602,-7.61749,178.098,88.4943,25.8605,171.821,61.2624,-8.5199,-142.885,86.1585,21.3003,174.908,
96.1602,88.4703,-34.9085,-2.31185,0,0,0,96.1602,-7.61749,178.098,88.4703,25.8606,171.821,61.2517,-8.51429,-142.884,86.1585,21.3003,174.908,
96.1602,88.4703,-34.9085,-2.31185,0,0,0,96.1602,-7.61749,178.098,88.4703,25.8606,171.821,61.2517,-8.51429,-142.884,86.1585,21.3003,174.908,
96.1602,88.4703,-34.928,-2.31185,0,0,0,96.1602,-7.61749,178.098,88.4703,25.8606,171.821,61.2322,-8.49821,-142.881,86.1585,21.3003,174.908,
96.1204,88.4703,-34.8883,-2.30391,0,0,0,96.1204,-7.62784,178.062,88.4703,25.8606,171.821,61.2322,-8.49821,-142.881,86.1664,21.275,174.911,
96.1204,88.4703,-34.8883,-2.34336,0,0,0,96.1204,-7.62784,178.062,88.4703,25.8606,171.821,61.2322,-8.49821,-142.881,86.1269,21.2644,174.896,
96.0973,88.4703,-34.8651,-2.34336,0,0,0,96.0973,-7.64043,178.066,88.4703,25.8606,171.821,61.2322,-8.49821,-142.881,86.1269,21.2644,174.896,
96.0973,88.3557,-34.8651,-2.24431,0,0,0,96.0973,-7.64043,178.066,88.3557,25.8624,171.464,61.2322,-8.49821,-142.881,86.1114,21.2534,174.891,
96.0973,88.3557,-34.8857,-2.24431,0,0,0,96.0973,-7.64043,178.066,88.3557,25.8624,171.464,61.2116,-8.50972,-142.609,86.1114,21.2534,174.891,
96.0733,88.3557,-34.8618,-2.24431,0,0,0,96.0733,-7.70045,178.069,88.3557,25.8624,171.464,61.2116,-8.50972,-142.609,86.1114,21.2534,174.891,
96.0733,88.3059,-34.8657,-2.19454,0,0,0,96.0733,-7.70045,178.069,88.3059,25.8579,171.442,61.2076,-8.51486,-142.609,86.1114,21.2534,174.891,
96.0778,88.3059,-34.8702,-2.21208,0,0,0,96.0778,-7.69515,178.068,88.3059,25.8579,171.442,61.2076,-8.51486,-142.609,86.0938,21.2171,174.884,
96.0778,88.2581,-34.885,-2.16428,0,0,0,96.0778,-7.69515,178.068,88.2581,25.8733,171.421,61.1928,-8.51403,-142.606,86.0938,21.2171,174.884,
96.0778,88.2581,-34.885,-2.16428,0,0,0,96.0778,-7.69515,178.068,88.2581,25.8733,171.421,61.1928,-8.51403,-142.606,86.0938,21.2171,174.884,
96.0778,88.2581,-34.885,-2.16428,0,0,0,96.0778,-7.69515,178.068,88.2581,25.8733,171.421,61.1928,-8.51403,-142.606,86.0938,21.2171,174.884,
96.0778,88.2581,-34.885,-2.16428,0,0,0,96.0778,-7.69515,178.068,88.2581,25.8733,171.421,61.1928,-8.51403,-142.606,86.0938,21.2171,174.884,
96.0778,88.2625,-34.885,-2.16861,0,0,0,96.0778,-7.69515,178.068,88.2625,25.8576,171.423,61.1928,-8.51403,-142.606,86.0938,21.2171,174.884,
96.0778,88.2625,-34.8937,-2.14657,0,0,0,96.0778,-7.69515,178.068,88.2625,25.8576,171.423,61.1841,-8.52644,-142.605,86.1159,21.1947,174.892,
96.114,88.2625,-34.9299,-2.14657,0,0,0,96.114,-7.66043,177.956,88.2625,25.8576,171.423,61.1841,-8.52644,-142.605,86.1159,21.1947,174.892,
96.114,88.2913,-34.9907,-2.17829,0,0,0,96.114,-7.66043,177.956,88.2913,25.8282,171.519,61.1233,-8.49157,-142.378,86.113,21.1897,174.891,
96.0423,88.2913,-34.919,-2.17829,0,0,0,96.0423,-7.68874,177.965,88.2913,25.8282,171.519,61.1233,-8.49157,-142.378,86.113,21.1897,174.891,
96.0423,88.2872,-34.9225,-2.17423,0,0,0,96.0423,-7.68874,177.965,88.2872,25.8314,171.517,61.1198,-8.50338,-142.377,86.113,21.1897,174.891,
96.0159,88.2872,-34.8962,-2.17409,0,0,0,96.0159,-7.71181,177.969,88.2872,25.8314,171.517,61.1198,-8.50338,-142.377,86.1131,21.1917,174.891,
96.0159,88.2872,-34.8962,-2.17409,0,0,0,96.0159,-7.71181,177.969,88.2872,25.8314,171.517,61.1198,-8.50338,-142.377,86.1131,21.1917,174.891,
96.0159,88.2596,-34.902,-2.16842,0,0,0,96.0159,-7.71181,177.969,88.2596,25.8554,171.505,61.114,-8.48995,-142.376,86.0912,21.1872,174.883,
96.0067,88.2549,-34.8927,-2.16371,0,0,0,96.0067,-7.72491,177.97,88.2549,25.8665,171.503,61.114,-8.48995,-142.376,86.0912,21.1872,174.883,
96.0067,88.2549,-34.8963,-2.16371,0,0,0,96.0067,-7.72491,177.97,88.2549,25.8665,171.503,61.1104,-8.49489,-142.376,86.0912,21.1872,174.883,
96.0067,88.2549,-34.9079,-2.16371,0,0,0,96.0067,-7.72491,177.97,88.2549,25.8665,171.503,61.0988,-8.48129,-142.374,86.0912,21.1872,174.883,
96.0067,88.2105,-34.9079,-2.15187,0,0,0,96.0067,-7.72491,177.97,88.2105,25.8834,171.702,61.0988,-8.48129,-142.374,86.0586,21.1783,174.872,
95.9966,88.2105,-34.8979,-2.15187,0,0,0,95.9966,-7.71232,178.064,88.2105,25.8834,171.702,61.0988,-8.48129,-142.374,86.0586,21.1783,174.872,
96.001,88.2105,-34.9022,-2.15832,0,0,0,96.001,-7.70772,178.063,88.2105,25.8834,171.702,61.0988,-8.48129,-142.374,86.0522,21.1717,174.869,
96.001,88.1871,-34.9022,-2.13737,0,0,0,96.001,-7.70772,178.063,88.1871,25.879,171.692,61.0988,-8.48129,-142.374,86.0497,21.162,174.868,
96.001,88.1871,-34.9022,-2.13737,0,0,0,96.001,-7.70772,178.063,88.1871,25.879,171.692,61.0988,-8.48129,-142.374,86.0497,21.162,174.868,
96.0059,88.1871,-34.9198,-2.15227,0,0,0,96.0059,-7.71097,178.062,88.1871,25.879,171.692,61.0861,-8.49553,-142.332,86.0348,21.1387,174.863,
95.9989,88.1871,-34.9128,-2.15227,0,0,0,95.9989,-7.72595,178.063,88.1871,25.879,171.692,61.0861,-8.49553,-142.332,86.0348,21.1387,174.863,
95.9989,88.1871,-34.9128,-2.15227,0,0,0,95.9989,-7.72595,178.063,88.1871,25.879,171.692,61.0861,-8.49553,-142.332,86.0348,21.1387,174.863,
95.9989,88.1871,-34.9128,-2.15227,0,0,0,95.9989,-7.72595,178.063,88.1871,25.879,171.692,61.0861,-8.49553,-142.332,86.0348,21.1387,174.863,
95.9989,88.1342,-34.9186,-2.09939,0,0,0,95.9989,-7.72595,178.063,88.1342,25.8608,171.669,61.0803,-8.48948,-142.331,86.0348,21.1387,174.863,
95.989,88.1342,-34.8945,-2.12871,0,0,0,95.989,-7.72174,178.065,88.1342,25.8608,171.669,61.0945,-8.49542,-142.333,86.0055,21.1265,174.852,
95.989,88.1342,-34.9007,-2.12871,0,0,0,95.989,-7.72174,178.065,88.1342,25.8608,171.669,61.0883,-8.49247,-142.332,86.0055,21.1265,174.852,
95.9958,88.1342,-34.9075,-2.14325,0,0,0,95.9958,-7.73123,178.064,88.1342,25.8608,171.669,61.0883,-8.49247,-142.332,85.9909,21.1287,174.847,
95.9891,88.1241,-34.9008,-2.13319,0,0,0,95.9891,-7.7406,178.003,88.1241,25.8737,171.662,61.0883,-8.49247,-142.332,85.9909,21.1287,174.847,
96.0004,88.1241,-34.9121,-2.15919,0,0,0,96.0004,-7.73623,178.002,88.1241,25.8737,171.662,61.0883,-8.49247,-142.332,85.9649,21.1101,174.838,
96.0004,88.1263,-34.9121,-2.16141,0,0,0,96.0004,-7.73623,178.002,88.1263,25.8558,171.663,61.0883,-8.49247,-142.332,85.9649,21.1101,174.838,
95.9932,88.1263,-34.9049,-2.16141,0,0,0,95.9932,-7.74117,178.003,88.1263,25.8558,171.663,61.0883,-8.49247,-142.332,85.9649,21.1101,174.838,
95.9932,88.1383,-34.9307,-2.17339,0,0,0,95.9932,-7.74117,178.003,88.1383,25.8355,171.668,61.0625,-8.48581,-142.396,85.9649,21.1101,174.838,
95.9592,88.1383,-34.8943,-2.17339,0,0,0,95.9592,-7.76198,178.007,88.1383,25.8355,171.668,61.0649,-8.47131,-142.397,85.9649,21.1101,174.838,
95.9592,88.118,-34.9102,-2.15303,0,0,0,95.9592,-7.76198,178.007,88.118,25.836,171.659,61.0489,-8.44286,-142.394,85.9649,21.1101,174.838,
95.9592,88.118,-34.9102,-2.17409,0,0,0,95.9592,-7.76198,178.007,88.118,25.836,171.659,61.0489,-8.44286,-142.394,85.9439,21.1075,174.83,
95.9212,88.118,-34.8723,-2.17409,0,0,0,95.9212,-7.7847,178.012,88.118,25.836,171.659,61.0489,-8.44286,-142.394,85.9439,21.1075,174.83,
95.9212,88.0911,-34.8723,-2.14719,0,0,0,95.9212,-7.7847,178.012,88.0911,25.8387,171.648,61.0489,-8.44286,-142.394,85.9439,21.1075,174.83,
95.9212,88.0911,-34.8993,-2.15575,0,0,0,95.9212,-7.7847,178.012,88.0911,25.8387,171.648,61.0219,-8.45087,-142.391,85.9353,21.105,174.827,
95.8927,88.0515,-34.8708,-2.11619,0,0,0,95.8927,-7.79738,178.016,88.0515,25.8383,171.518,61.0219,-8.45087,-142.391,85.9353,21.105,174.827,
95.8927,88.0515,-34.8708,-2.11351,0,0,0,95.8927,-7.79738,178.016,88.0515,25.8383,171.518,61.0219,-8.45087,-142.391,85.938,21.1002,174.828,
95.909,88.0515,-34.887,-2.11351,0,0,0,95.909,-7.76611,178.028,88.0515,25.8383,171.518,61.0219,-8.45087,-142.391,85.938,21.1002,174.828,
95.909,88.0515,-34.887,-2.11351,0,0,0,95.909,-7.76611,178.028,88.0515,25.8383,171.518,61.0219,-8.45087,-142.391,85.938,21.1002,174.828,
95.9295,88.0515,-34.9075,-2.11351,0,0,0,95.9295,-7.75141,178.026,88.0515,25.8383,171.518,61.0219,-8.45087,-142.391,85.938,21.1002,174.828,
95.9295,88.0554,-34.9008,-2.1174,0,0,0,95.9295,-7.75141,178.026,88.0554,25.8529,171.52,61.0287,-8.44387,-142.392,85.938,21.1002,174.828,
95.9295,88.0306,-34.9031,-2.12519,0,0,0,95.9295,-7.75141,178.026,88.0306,25.8576,171.509,61.0264,-8.45586,-142.397,85.9055,21.0955,174.816,
95.9232,88.0169,-34.8968,-2.11142,0,0,0,95.9232,-7.76187,178.026,88.0169,25.8587,171.503,61.0264,-8.45586,-142.397,85.9055,21.0955,174.816,
95.9232,88.0169,-34.926,-2.11203,0,0,0,95.9232,-7.76187,178.026,88.0169,25.8587,171.503,60.9972,-8.45233,-142.393,85.9049,21.088,174.816,
95.8878,88.0169,-34.8906,-2.11203,0,0,0,95.8878,-7.76819,178.031,88.0169,25.8587,171.503,60.9972,-8.45233,-142.393,85.9049,21.088,174.816,
95.8878,88.0066,-34.9,-2.10172,0,0,0,95.8878,-7.76819,178.031,88.0066,25.8522,171.499,60.9878,-8.45619,-142.391,85.9049,21.088,174.816,
95.8628,88.0066,-34.875,-2.13457,0,0,0,95.8628,-7.77385,178.035,88.0066,25.8522,171.499,60.9878,-8.45619,-142.391,85.872,21.0787,174.804,
95.8628,88.0097,-34.8706,-2.13768,0,0,0,95.8628,-7.77385,178.035,88.0097,25.843,171.5,60.9921,-8.47397,-142.392,85.872,21.0787,174.804,
95.868,88.0097,-34.8759,-2.14316,0,0,0,95.868,-7.77761,178.078,88.0097,25.843,171.5,60.9921,-8.47397,-142.392,85.8665,21.0789,174.802,
95.868,88.0018,-34.863,-2.13523,0,0,0,95.868,-7.77761,178.078,88.0018,25.8403,171.44,61.005,-8.48264,-142.394,85.8665,21.0789,174.802,
95.868,88.0018,-34.8594,-2.12824,0,0,0,95.868,-7.77761,178.078,88.0018,25.8403,171.44,61.0087,-8.47619,-142.574,85.8735,21.0643,174.805,
95.8801,88.0057,-34.8715,-2.13218,0,0,0,95.8801,-7.78348,178.077,88.0057,25.8352,171.441,61.0087,-8.47619,-142.574,85.8735,21.0643,174.805,
95.8801,88.0057,-34.8883,-2.11211,0,0,0,95.8801,-7.78348,178.077,88.0057,25.8352,171.441,60.9918,-8.47964,-142.572,85.8936,21.0526,174.812,
95.8844,88.0057,-34.8926,-2.11211,0,0,0,95.8844,-7.78116,178.076,88.0057,25.8352,171.441,60.9918,-8.47964,-142.572,85.8936,21.0526,174.812,
95.8844,88.011,-34.8926,-2.11739,0,0,0,95.8844,-7.78116,178.076,88.011,25.8169,171.444,60.9918,-8.47964,-142.572,85.8936,21.0526,174.812,
95.8788,88.011,-34.8955,-2.11212,0,0,0,95.8788,-7.79619,178.077,88.011,25.8169,171.444,60.9833,-8.4838,-142.57,85.8989,21.0477,174.814,
95.8788,88.0002,-34.9027,-2.10132,0,0,0,95.8788,-7.79619,178.077,88.0002,25.8093,171.439,60.9761,-8.48233,-142.569,85.8989,21.0477,174.814,
95.8788,88.0002,-34.9027,-2.10132,0,0,0,95.8788,-7.79619,178.077,88.0002,25.8093,171.439,60.9761,-8.48233,-142.569,85.8989,21.0477,174.814,
95.8788,88.0002,-34.9027,-2.10132,0,0,0,95.8788,-7.79619,178.077,88.0002,25.8093,171.439,60.9761,-8.48233,-142.569,85.8989,21.0477,174.814,
95.8788,88.0002,-34.9027,-2.10132,0,0,0,95.8788,-7.79619,178.077,88.0002,25.8093,171.439,60.9761,-8.48233,-142.569,85.8989,21.0477,174.814,
95.8623,87.9511,-34.8862,-2.05227,0,0,0,95.8623,-7.81634,177.877,87.9511,25.8168,171.462,60.9761,-8.48233,-142.569,85.8989,21.0477,174.814,
95.869,87.9511,-34.8872,-2.05156,0,0,0,95.869,-7.81754,177.876,87.9511,25.8168,171.462,60.9818,-8.48919,-142.57,85.8996,21.0328,174.814,
95.869,87.9511,-34.8872,-2.05156,0,0,0,95.869,-7.81754,177.876,87.9511,25.8168,171.462,60.9818,-8.48919,-142.57,85.8996,21.0328,174.814,
95.869,87.9511,-34.8872,-2.05156,0,0,0,95.869,-7.81754,177.876,87.9511,25.8168,171.462,60.9818,-8.48919,-142.57,85.8996,21.0328,174.814,
95.8857,87.9511,-34.9039,-2.05156,0,0,0,95.8857,-7.81271,177.874,87.9511,25.8168,171.462,60.9818,-8.48919,-142.57,85.8996,21.0328,174.814,
95.8857,87.9527,-34.9316,-2.05312,0,0,0,95.8857,-7.81271,177.874,87.9527,25.8355,171.463,60.9541,-8.49089,-142.682,85.8996,21.0328,174.814,
95.8857,87.9527,-34.9345,-2.03398,0,0,0,95.8857,-7.81271,177.874,87.9527,25.8355,171.463,60.9512,-8.49367,-142.682,85.9187,21.0423,174.821,
95.8857,87.9527,-34.9277,-2.0163,0,0,0,95.8857,-7.81271,177.874,87.9527,25.8355,171.463,60.958,-8.49388,-142.683,85.9364,21.0284,174.828,
95.9274,87.9527,-34.9695,-2.0163,0,0,0,95.9274,-7.7939,177.868,87.9527,25.8355,171.463,60.958,-8.49388,-142.683,85.9364,21.0284,174.828,
95.9274,87.9527,-34.9723,-2.0163,0,0,0,95.9274,-7.7939,177.868,87.9527,25.8355,171.463,60.9551,-8.50402,-142.682,85.9364,21.0284,174.828,
95.9274,87.9527,-34.9617,-2.00884,0,0,0,95.9274,-7.7939,177.868,87.9527,25.8355,171.463,60.9657,-8.50934,-142.684,85.9439,21.0377,174.83,
95.9274,88.0198,-34.9617,-2.07592,0,0,0,95.9274,-7.7939,177.868,88.0198,25.8165,171.492,60.9657,-8.50934,-142.684,85.9439,21.0377,174.83,
95.9228,88.0198,-34.9571,-2.07082,0,0,0,95.9228,-7.80033,177.873,88.0198,25.8165,171.492,60.9657,-8.50934,-142.684,85.9489,21.0377,174.832,
95.9092,88.0243,-34.9434,-2.07532,0,0,0,95.9092,-7.79554,177.875,88.0243,25.8162,171.669,60.9657,-8.50934,-142.684,85.9489,21.0377,174.832,
95.9092,88.0172,-34.9329,-2.05087,0,0,0,95.9092,-7.79554,177.875,88.0172,25.8372,171.666,60.9762,-8.51155,-142.776,85.9663,21.0566,174.838,
95.9191,88.0387,-34.9429,-2.07242,0,0,0,95.9191,-7.79346,177.873,88.0387,25.8449,171.676,60.9762,-8.51155,-142.776,85.9663,21.0566,174.838,
95.9191,88.0387,-34.9338,-2.06519,0,0,0,95.9191,-7.79346,177.873,88.0387,25.8449,171.676,60.9854,-8.51185,-142.777,85.9735,21.0623,174.841,
95.9191,88.0387,-34.9338,-2.06519,0,0,0,95.9191,-7.79346,177.873,88.0387,25.8449,171.676,60.9854,-8.51185,-142.777,85.9735,21.0623,174.841,
95.9191,88.0387,-34.9338,-2.06519,0,0,0,95.9191,-7.79346,177.873,88.0387,25.8449,171.676,60.9854,-8.51185,-142.777,85.9735,21.0623,174.841,
95.9191,88.0387,-34.9338,-2.06519,0,0,0,95.9191,-7.79346,177.873,88.0387,25.8449,171.676,60.9854,-8.51185,-142.777,85.9735,21.0623,174.841,
95.9191,88.0487,-34.9126,-2.07524,0,0,0,95.9191,-7.79346,177.873,88.0487,25.8642,171.68,61.0065,-8.52813,-142.78,85.9735,21.0623,174.841,
95.9602,88.0487,-34.9536,-2.06839,0,0,0,95.9602,-7.76967,177.868,88.0487,25.8642,171.68,61.0065,-8.52813,-142.78,85.9804,21.0804,174.843,
95.9602,88.0579,-34.9632,-2.07755,0,0,0,95.9602,-7.76967,177.868,88.0579,25.8522,171.684,60.9969,-8.52902,-142.779,85.9804,21.0804,174.843,
95.9944,88.0579,-34.9975,-2.07608,0,0,0,95.9944,-7.77082,177.863,88.0579,25.8522,171.684,60.9969,-8.52902,-142.779,85.9818,21.0725,174.844,
95.9977,88.0778,-35.0008,-2.09593,0,0,0,95.9977,-7.77776,177.701,88.0778,25.8365,171.693,60.9969,-8.52902,-142.779,85.9818,21.0725,174.844,
95.9977,88.0778,-35.0008,-2.06556,0,0,0,95.9977,-7.77776,177.701,88.0778,25.8365,171.693,60.9969,-8.52902,-142.779,86.0122,21.0834,174.855,
96.0213,88.1371,-35.0244,-2.12486,0,0,0,96.0213,-7.79767,177.698,88.1371,25.8298,171.76,60.9969,-8.52902,-142.779,86.0122,21.0834,174.855,
96.0565,88.1371,-35.0595,-2.12284,0,0,0,96.0565,-7.82423,177.693,88.1371,25.8298,171.76,60.9969,-8.52902,-142.779,86.0142,21.0614,174.856,
96.0565,88.1371,-35.0528,-2.12284,0,0,0,96.0565,-7.82423,177.693,88.1371,25.8298,171.76,61.0036,-8.55459,-142.767,86.0142,21.0614,174.856,
96.0557,88.1866,-35.0521,-2.17242,0,0,0,96.0557,-7.82943,177.693,88.1866,25.8215,171.782,61.0036,-8.55459,-142.767,86.0142,21.0614,174.856,
96.0557,88.1866,-35.0677,-2.17242,0,0,0,96.0557,-7.82943,177.693,88.1866,25.8215,171.782,60.988,-8.5475,-142.764,86.0142,21.0614,174.856,
96.0296,88.1866,-35.0416,-2.16212,0,0,0,96.0296,-7.81919,177.697,88.1866,25.8215,171.782,60.988,-8.5475,-142.764,86.0245,21.0372,174.859,
96.0296,88.1866,-35.075,-2.16212,0,0,0,96.0296,-7.81919,177.697,88.1866,25.8215,171.782,60.9546,-8.52767,-142.759,86.0245,21.0372,174.859,
96.0296,88.1866,-35.075,-2.15309,0,0,0,96.0296,-7.81919,177.697,88.1866,25.8215,171.782,60.9546,-8.52767,-142.759,86.0335,21.0363,174.862,
96.0296,88.1866,-35.075,-2.1767,0,0,0,96.0296,-7.81919,177.697,88.1866,25.8215,171.782,60.9546,-8.52767,-142.759,86.0099,21.0566,174.854,
96.0296,88.1784,-35.075,-2.16846,0,0,0,96.0296,-7.81919,177.697,88.1784,25.8056,171.778,60.9546,-8.52767,-142.759,86.0099,21.0566,174.854,
96.0296,88.1622,-35.0722,-2.17664,0,0,0,96.0296,-7.81919,177.697,88.1622,25.8584,171.793,60.9575,-8.52408,-142.76,85.9856,21.0666,174.845,
96.0296,88.1622,-35.0722,-2.17664,0,0,0,96.0296,-7.81919,177.697,88.1622,25.8584,171.793,60.9575,-8.52408,-142.76,85.9856,21.0666,174.845,
96.0296,88.1622,-35.0722,-2.17664,0,0,0,96.0296,-7.81919,177.697,88.1622,25.8584,171.793,60.9575,-8.52408,-142.76,85.9856,21.0666,174.845,
95.9462,88.1622,-34.9887,-2.17664,0,0,0,95.9462,-7.81979,177.752,88.1622,25.8584,171.793,60.9575,-8.52408,-142.76,85.9856,21.0666,174.845,
95.9472,88.1371,-34.9898,-2.15157,0,0,0,95.9472,-7.82359,177.752,88.1371,25.8669,171.782,60.9575,-8.52408,-142.76,85.9856,21.0666,174.845,
95.9472,88.1068,-34.949,-2.13055,0,0,0,95.9472,-7.82359,177.752,88.1068,25.8761,171.769,60.9982,-8.55302,-142.54,85.9762,21.0521,174.842,
-67.2859,-75.1128,-34.9355,-2.14099,163.22,8.88392,9.58447,95.9337,-7.79325,177.754,88.1068,25.8761,171.769,60.9982,-8.55302,-142.54,85.9658,21.0397,174.838,
-67.2859,-75.1694,-34.9621,-2.08442,163.22,8.88392,9.58447,95.9337,-7.79325,177.754,88.0502,25.8885,171.744,60.9717,-8.50859,-142.536,85.9658,21.0397,174.838,
-67.2926,-75.1694,-34.9442,-2.09691,163.22,8.88392,9.58447,95.927,-7.79492,177.755,88.0502,25.8885,171.744,60.9828,-8.51062,-142.538,85.9533,21.0536,174.834,
-67.2784,-75.1552,-34.9442,-2.09691,163.205,8.96132,9.56019,95.927,-7.79492,177.755,88.0502,25.8885,171.744,60.9828,-8.51062,-142.538,85.9533,21.0536,174.834,
-67.2784,-75.1552,-34.9613,-2.12601,163.205,8.96132,9.56019,95.927,-7.79492,177.755,88.0502,25.8885,171.744,60.9657,-8.52732,-142.535,85.9242,21.0485,174.823,
-67.2704,-75.1464,-34.9605,-2.14294,163.197,9.00109,9.53532,95.9262,-7.80877,177.755,88.0502,25.8885,171.744,60.9657,-8.52732,-142.535,85.9073,21.0262,174.817,
-67.2557,-75.1524,-34.9605,-2.12228,163.182,9.05465,9.5059,95.9262,-7.80877,177.755,88.0295,25.853,171.625,60.9657,-8.52732,-142.535,85.9073,21.0262,174.817,
-67.2428,-75.1524,-34.9735,-2.14056,163.182,9.05465,9.5059,95.9392,-7.84124,177.726,88.0295,25.853,171.625,60.9657,-8.52732,-142.535,85.889,21.0033,174.811,
-67.2353,-75.1592,-34.9735,-2.12627,163.174,9.11054,9.47725,95.9392,-7.84124,177.726,88.0153,25.8496,171.619,60.9657,-8.52732,-142.535,85.889,21.0033,174.811,
-67.2353,-75.1592,-34.9889,-2.11706,163.174,9.11054,9.47725,95.9392,-7.84124,177.726,88.0153,25.8496,171.619,60.9503,-8.53816,-142.625,85.8982,20.9929,174.814,
-67.2411,-75.1586,-34.9825,-2.11706,163.174,9.16455,9.44965,95.9328,-7.88053,177.727,88.0153,25.8496,171.619,60.9503,-8.53816,-142.625,85.8982,20.9929,174.814,
-67.2325,-75.1638,-34.9836,-2.10325,163.165,9.22069,9.41919,95.9328,-7.88053,177.727,88.0015,25.8395,171.613,60.9492,-8.54621,-142.625,85.8982,20.9929,174.814,
-67.2504,-75.1638,-34.9656,-2.11144,163.165,9.22069,9.41919,95.9148,-7.90645,177.729,88.0015,25.8395,171.613,60.9492,-8.54621,-142.625,85.89,20.9816,174.811,
-67.2082,-75.1215,-34.9656,-2.11144,163.123,9.30628,9.36877,95.9148,-7.90645,177.729,88.0015,25.8395,171.613,60.9492,-8.54621,-142.625,85.89,20.9816,174.811,
-67.2082,-75.1503,-34.9793,-2.08272,163.123,9.30628,9.36877,95.9148,-7.90645,177.729,87.9727,25.8319,171.601,60.9356,-8.54459,-142.623,85.89,20.9816,174.811,
-67.2082,-75.1503,-34.9793,-2.08272,163.123,9.30628,9.36877,95.9148,-7.90645,177.729,87.9727,25.8319,171.601,60.9356,-8.54459,-142.623,85.89,20.9816,174.811,
-67.2082,-75.1503,-34.9793,-2.08272,163.123,9.30628,9.36877,95.9148,-7.90645,177.729,87.9727,25.8319,171.601,60.9356,-8.54459,-142.623,85.89,20.9816,174.811,
-67.1812,-75.1233,-34.9793,-2.08272,163.096,9.34568,9.34109,95.9148,-7.90645,177.729,87.9727,25.8319,171.601,60.9356,-8.54459,-142.623,85.89,20.9816,174.811,
-67.1812,-75.1234,-34.9793,-2.08263,163.096,9.34568,9.34109,95.9148,-7.90645,177.729,87.9726,25.8278,171.588,60.9356,-8.54459,-142.623,85.89,20.9816,174.811,
-67.1812,-75.1234,-34.9925,-2.03981,163.096,9.34568,9.34109,95.9148,-7.90645,177.729,87.9726,25.8278,171.588,60.9223,-8.56416,-142.621,85.9328,20.9627,174.826,
-67.1837,-75.1234,-34.9901,-2.03981,163.096,9.34568,9.34109,95.9124,-7.9335,177.671,87.9726,25.8278,171.588,60.9223,-8.56416,-142.621,85.9328,20.9627,174.826,
-67.1595,-75.086,-34.9901,-2.05301,163.072,9.44517,9.30295,95.9124,-7.9335,177.671,87.9858,25.8111,171.594,60.9223,-8.56416,-142.621,85.9328,20.9627,174.826,
-67.1595,-75.0543,-35.0013,-2.05296,163.072,9.44517,9.30295,95.9124,-7.9335,177.671,88.0176,25.8001,171.599,60.9111,-8.56107,-142.485,85.9646,20.9667,174.838,
-67.1803,-75.0684,-34.9946,-2.05296,163.086,9.55298,9.27626,95.9057,-7.93222,177.672,88.0176,25.8001,171.599,60.9111,-8.56107,-142.485,85.9646,20.9667,174.838,
-67.1803,-75.0379,-34.9802,-2.08352,163.086,9.55298,9.27626,95.9057,-7.93222,177.672,88.0481,25.7909,171.612,60.9255,-8.56733,-142.487,85.9646,20.9667,174.838,
-67.1714,-75.0379,-34.9891,-2.08035,163.086,9.55298,9.27626,95.9146,-7.9463,177.671,88.0481,25.7909,171.612,60.9255,-8.56733,-142.487,85.9678,20.9749,174.839,
-67.1769,-75.0064,-34.9891,-2.11737,163.092,9.66067,9.24273,95.9146,-7.9463,177.671,88.0852,25.792,171.628,60.9255,-8.56733,-142.487,85.9678,20.9749,174.839,
-67.1769,-75.0064,-34.9687,-2.10435,163.092,9.66067,9.24273,95.9146,-7.9463,177.671,88.0852,25.792,171.628,60.9459,-8.58297,-142.49,85.9808,20.9782,174.843,
-67.1721,-75.0016,-34.9687,-2.10435,163.087,9.70329,9.22393,95.9146,-7.9463,177.671,88.0852,25.792,171.628,60.9459,-8.58297,-142.49,85.9808,20.9782,174.843,
-67.1721,-75.0058,-34.9544,-2.10015,163.087,9.70329,9.22393,95.9146,-7.9463,177.671,88.081,25.7907,171.626,60.9602,-8.59416,-142.492,85.9808,20.9782,174.843,
-67.0916,-75.0058,-35.0348,-2.10023,163.087,9.70329,9.22393,95.9951,-7.93483,177.786,88.081,25.7907,171.626,60.9602,-8.59416,-142.492,85.9807,20.97,174.843,
-67.0724,-74.9814,-35.0348,-2.1054,163.068,9.75528,9.18945,95.9951,-7.93483,177.786,88.0861,25.7983,171.532,60.9602,-8.59416,-142.492,85.9807,20.97,174.843,
-67.0724,-74.9814,-35.0416,-2.10822,163.068,9.75528,9.18945,95.9951,-7.93483,177.786,88.0861,25.7983,171.532,60.9535,-8.6062,-142.38,85.9779,20.9591,174.842,
-67.0661,-74.9772,-35.0437,-2.10822,163.063,9.7673,9.17585,95.9972,-7.93531,177.786,88.0861,25.7983,171.532,60.9535,-8.6062,-142.38,85.9779,20.9591,174.842,
-67.0661,-74.9351,-35.0423,-2.15028,163.063,9.7673,9.17585,95.9972,-7.93531,177.786,88.1282,25.7823,171.551,60.955,-8.60776,-142.38,85.9779,20.9591,174.842,
-67.0661,-74.9351,-35.0423,-2.12599,163.063,9.7673,9.17585,95.9972,-7.93531,177.786,88.1282,25.7823,171.551,60.955,-8.60776,-142.38,86.0022,20.9663,174.851,
-67.0661,-74.9351,-35.0423,-2.12599,163.063,9.7673,9.17585,95.9972,-7.93531,177.786,88.1282,25.7823,171.551,60.955,-8.60776,-142.38,86.0022,20.9663,174.851,
-67.0661,-74.9351,-35.0423,-2.11387,163.063,9.7673,9.17585,95.9972,-7.93531,177.786,88.1282,25.7823,171.551,60.955,-8.60776,-142.38,86.0143,20.9612,174.855,
-67.0898,-74.9789,-35.0623,-2.11387,163.107,9.78215,9.17857,96.0172,-7.98301,177.783,88.1282,25.7823,171.551,60.955,-8.60776,-142.38,86.0143,20.9612,174.855,
-67.0898,-74.9382,-35.0291,-2.15457,163.107,9.78215,9.17857,96.0172,-7.98301,177.783,88.1689,25.7851,171.568,60.9881,-8.64127,-142.385,86.0143,20.9612,174.855,
-67.0898,-74.9382,-35.0291,-2.1271,163.107,9.78215,9.17857,96.0172,-7.98301,177.783,88.1689,25.7851,171.568,60.9881,-8.64127,-142.385,86.0418,20.9549,174.865,
-67.1623,-74.9808,-35.0291,-2.15695,163.18,9.91844,9.15753,96.0172,-7.98301,177.783,88.1987,25.7678,171.581,60.9881,-8.64127,-142.385,86.0418,20.9549,174.865,
-67.1623,-74.9599,-35.0646,-2.16204,163.18,9.91844,9.15753,96.0172,-7.98301,177.783,88.2196,25.7783,171.59,60.9526,-8.62829,-142.38,86.0576,20.949,174.871,
-67.1438,-74.9784,-35.1015,-2.16204,163.198,10.0392,9.107,96.0542,-7.95538,177.841,88.2196,25.7783,171.59,60.9526,-8.62829,-142.38,86.0576,20.949,174.871,
-67.1438,-75.0005,-35.1176,-2.13988,163.198,10.0392,9.107,96.0542,-7.95538,177.841,88.1974,25.7578,171.834,60.9365,-8.64164,-142.359,86.0576,20.949,174.871,
-67.1561,-75.0005,-35.1053,-2.12928,163.198,10.0392,9.107,96.0419,-7.98372,177.843,88.1974,25.7578,171.834,60.9365,-8.64164,-142.359,86.0682,20.9305,174.875,
-67.1848,-75.0246,-35.1053,-2.13388,163.227,10.1135,9.06812,96.0419,-7.98372,177.843,88.202,25.7612,171.836,60.9365,-8.64164,-142.359,86.0682,20.9305,174.875,
-67.1848,-75.0246,-35.1001,-2.13888,163.227,10.1135,9.06812,96.0419,-7.98372,177.843,88.202,25.7612,171.836,60.9418,-8.63638,-142.36,86.0632,20.9482,174.873,
-67.2472,-75.0874,-35.1005,-2.13888,163.289,10.1759,9.05778,96.0423,-7.98691,177.843,88.202,25.7612,171.836,60.9418,-8.63638,-142.36,86.0632,20.9482,174.873,
-67.2472,-75.0874,-35.0865,-2.13888,163.289,10.1759,9.05778,96.0423,-7.98691,177.843,88.202,25.7612,171.836,60.9558,-8.6427,-142.362,86.0632,20.9482,174.873,
-67.2238,-75.0874,-35.1099,-2.13888,163.289,10.1759,9.05778,96.0656,-7.98295,177.84,88.202,25.7612,171.836,60.9558,-8.6427,-142.362,86.0632,20.9482,174.873,
-67.2406,-75.1048,-35.1099,-2.13819,163.306,10.1936,9.05932,96.0656,-7.98295,177.84,88.2014,25.7818,171.836,60.9558,-8.6427,-142.362,86.0632,20.9482,174.873,
-67.2406,-75.0933,-35.11,-2.1373,163.306,10.1936,9.05932,96.0656,-7.98295,177.84,88.2129,25.7931,171.841,60.9556,-8.62557,-142.362,86.0756,20.9455,174.877,
-67.2604,-75.1068,-35.1038,-2.1373,163.32,10.2088,9.06051,96.0594,-7.96478,177.84,88.2129,25.7931,171.841,60.9556,-8.62557,-142.362,86.0756,20.9455,174.877,
-67.2849,-75.1393,-35.1038,-2.12929,163.344,10.2653,9.05253,96.0594,-7.96478,177.84,88.2049,25.7965,171.724,60.9556,-8.62557,-142.362,86.0756,20.9455,174.877,
-67.2849,-75.1393,-35.1038,-2.15239,163.344,10.2653,9.05253,96.0594,-7.96478,177.84,88.2049,25.7965,171.724,60.9556,-8.62557,-142.362,86.0525,20.954,174.869,
-67.2849,-75.1393,-35.1038,-2.15239,163.344,10.2653,9.05253,96.0594,-7.96478,177.84,88.2049,25.7965,171.724,60.9556,-8.62557,-142.362,86.0525,20.954,174.869,
-67.2849,-75.1393,-35.1038,-2.15239,163.344,10.2653,9.05253,96.0594,-7.96478,177.84,88.2049,25.7965,171.724,60.9556,-8.62557,-142.362,86.0525,20.954,174.869,
-67.3081,-75.1505,-35.0917,-2.17927,163.355,10.3035,9.03923,96.0473,-7.90768,177.748,88.2049,25.7965,171.724,60.9556,-8.62557,-142.362,86.0257,20.956,174.859,
-67.3081,-75.2092,-35.0801,-2.12053,163.355,10.3035,9.03923,96.0473,-7.90768,177.748,88.1462,25.8191,171.698,60.9672,-8.61939,-142.575,86.0257,20.956,174.859,
-67.3437,-75.2092,-35.072,-2.10735,163.355,10.3035,9.03923,96.0117,-7.91733,177.752,88.1462,25.8191,171.698,60.9397,-8.60326,-142.571,86.0388,20.947,174.864,
-67.4216,-75.2858,-35.072,-2.10869,163.433,10.4289,9.00677,96.0117,-7.91733,177.752,88.1475,25.8457,171.699,60.9397,-8.60326,-142.571,86.0388,20.947,174.864,
-67.4216,-75.2858,-35.0666,-2.10869,163.433,10.4289,9.00677,96.0117,-7.91733,177.752,88.1475,25.8457,171.699,60.945,-8.61105,-142.572,86.0388,20.947,174.864,
-67.5415,-75.3787,-35.0397,-2.10869,163.526,10.4786,9.00642,95.9848,-7.92112,177.756,88.1475,25.8457,171.699,60.945,-8.61105,-142.572,86.0388,20.947,174.864,
-67.5415,-75.3787,-35.0397,-2.10869,163.526,10.4786,9.00642,95.9848,-7.92112,177.756,88.1475,25.8457,171.699,60.945,-8.61105,-142.572,86.0388,20.947,174.864,
-67.555,-75.3787,-35.0262,-2.1107,163.526,10.4786,9.00642,95.9713,-7.90438,177.769,88.1475,25.8457,171.699,60.945,-8.61105,-142.572,86.0368,20.9529,174.863,
-67.6535,-75.4871,-35.0262,-2.10084,163.625,10.5108,9.01122,95.9713,-7.90438,177.769,88.1377,25.8051,171.784,60.945,-8.61105,-142.572,86.0368,20.9529,174.863,
-67.6535,-75.4871,-35.0255,-2.09915,163.625,10.5108,9.01122,95.9713,-7.90438,177.769,88.1377,25.8051,171.784,60.9458,-8.60613,-142.572,86.0385,20.9211,174.864,
-67.7382,-75.5789,-35.0325,-2.09915,163.717,10.592,9.00274,95.9783,-7.89846,177.768,88.1377,25.8051,171.784,60.9458,-8.60613,-142.572,86.0385,20.9211,174.864,
-67.7382,-75.6133,-35.0049,-2.06475,163.717,10.592,9.00274,95.9783,-7.89846,177.768,88.1033,25.8067,171.769,60.9735,-8.61594,-142.407,86.0385,20.9211,174.864,
-67.7252,-75.6133,-35.0179,-2.04251,163.717,10.592,9.00274,95.9914,-7.91637,177.767,88.1033,25.8067,171.769,60.9735,-8.61594,-142.407,86.0608,20.9584,174.872,
-67.7401,-75.6101,-35.0179,-2.06063,163.732,10.6667,8.9778,95.9914,-7.91637,177.767,88.1214,25.8328,171.777,60.9735,-8.61594,-142.407,86.0608,20.9584,174.872,
-67.7401,-75.6101,-35.0235,-2.02257,163.732,10.6667,8.9778,95.9914,-7.91637,177.767,88.1214,25.8328,171.777,60.9679,-8.62576,-142.406,86.0988,20.9633,174.886,
-67.7959,-75.6824,-35.04,-2.02257,163.804,10.697,8.96848,96.0079,-7.92106,177.764,88.1214,25.8328,171.777,60.9679,-8.62576,-142.406,86.0988,20.9633,174.886,
-67.7959,-75.6483,-35.0469,-2.05662,163.804,10.697,8.96848,96.0079,-7.92106,177.764,88.1554,25.8227,171.792,60.961,-8.63461,-142.405,86.0988,20.9633,174.886,
-67.7959,-75.6483,-35.0469,-2.05662,163.804,10.697,8.96848,96.0079,-7.92106,177.764,88.1554,25.8227,171.792,60.961,-8.63461,-142.405,86.0988,20.9633,174.886,
-67.7959,-75.6483,-35.0469,-2.05662,163.804,10.697,8.96848,96.0079,-7.92106,177.764,88.1554,25.8227,171.792,60.961,-8.63461,-142.405,86.0988,20.9633,174.886,
-67.7959,-75.6483,-35.0469,-2.04555,163.804,10.697,8.96848,96.0079,-7.92106,177.764,88.1554,25.8227,171.792,60.961,-8.63461,-142.405,86.1099,20.9492,174.89,
-67.8299,-75.6917,-35.0562,-2.03296,163.847,10.7117,8.9685,96.0173,-7.90769,177.804,88.1554,25.8227,171.792,60.961,-8.63461,-142.405,86.1225,20.9521,174.894,
