10.8297,25.268,-10.6514,11.9334,104.68,-0.232882,-5.05916,93.8501,-3.46435,152.926,79.4118,0.68497,-15.5557,83.1988,-3.05691,149.079,91.3453,-8.4981,122.996,
10.9737,25.163,-10.4024,11.9334,104.575,-0.558252,-4.20181,93.6011,-2.57776,151.763,79.4118,0.68497,-15.5557,83.1988,-3.05691,149.079,91.3453,-8.4981,122.996,
10.9737,25.163,-10.4024,11.9334,104.575,-0.558252,-4.20181,93.6011,-2.57776,151.763,79.4118,0.68497,-15.5557,83.1988,-3.05691,149.079,91.3453,-8.4981,122.996,
10.8168,24.6617,-10.7352,11.5891,104.418,-0.885843,-3.3499,93.6011,-2.57776,151.763,79.7562,0.176555,-16.0035,82.8659,-3.28926,147.551,91.3453,-8.4981,122.996,
10.8168,24.6617,-10.7352,11.5891,104.418,-0.885843,-3.3499,93.6011,-2.57776,151.763,79.7562,0.176555,-16.0035,82.8659,-3.28926,147.551,91.3453,-8.4981,122.996,
11.8522,24.1426,-9.18069,11.5891,103.899,-1.98539,-0.825824,92.0466,-1.04527,144.924,79.7562,0.176555,-16.0035,82.8659,-3.28926,147.551,91.3453,-8.4981,122.996,
11.8522,24.1426,-9.18069,11.5891,103.899,-1.98539,-0.825824,92.0466,-1.04527,144.924,79.7562,0.176555,-16.0035,82.8659,-3.28926,147.551,91.3453,-8.4981,122.996,
11.8522,24.1426,-9.18069,11.5891,103.899,-1.98539,-0.825824,92.0466,-1.04527,144.924,79.7562,0.176555,-16.0035,82.8659,-3.28926,147.551,91.3453,-8.4981,122.996,
11.8522,24.1426,-9.18069,11.5891,103.899,-1.98539,-0.825824,92.0466,-1.04527,144.924,79.7562,0.176555,-16.0035,82.8659,-3.28926,147.551,91.3453,-8.4981,122.996,
11.8522,24.1426,-9.50534,11.5891,103.899,-1.98539,-0.825824,92.0466,-1.04527,144.924,79.7562,0.176555,-16.0035,82.5413,-3.63476,146.384,91.3453,-8.4981,122.996,
11.8522,24.1426,-9.50534,11.5891,103.899,-1.98539,-0.825824,92.0466,-1.04527,144.924,79.7562,0.176555,-16.0035,82.5413,-3.63476,146.384,91.3453,-8.4981,122.996,
12.2101,23.5507,-8.55549,11.5891,103.307,-3.57635,3.26075,91.0968,-0.887997,143.295,79.7562,0.176555,-16.0035,82.5413,-3.63476,146.384,91.3453,-8.4981,122.996,
12.2101,23.5507,-8.55549,11.5891,103.307,-3.57635,3.26075,91.0968,-0.887997,143.295,79.7562,0.176555,-16.0035,82.5413,-3.63476,146.384,91.3453,-8.4981,122.996,
12.048,23.1031,-8.84988,11.3037,103.145,-3.79188,3.75816,91.0968,-0.887997,143.295,80.0416,-0.172162,-16.1304,82.2469,-3.88376,145.431,91.3453,-8.4981,122.996,
12.048,23.1031,-8.84988,11.3037,103.145,-3.79188,3.75816,91.0968,-0.887997,143.295,80.0416,-0.172162,-16.1304,82.2469,-3.88376,145.431,91.3453,-8.4981,122.996,
12.048,23.1031,-8.84988,11.3037,103.145,-3.79188,3.75816,91.0968,-0.887997,143.295,80.0416,-0.172162,-16.1304,82.2469,-3.88376,145.431,91.3453,-8.4981,122.996,
12.048,23.1031,-8.84988,11.3037,103.145,-3.79188,3.75816,91.0968,-0.887997,143.295,80.0416,-0.172162,-16.1304,82.2469,-3.88376,145.431,91.3453,-8.4981,122.996,
12.9333,23.0407,-7.90215,11.3037,103.082,-4.36987,5.11437,90.149,-0.989514,141.649,80.0416,-0.172162,-16.1304,82.2469,-3.88376,145.431,91.3453,-8.4981,122.996,
12.9333,23.0407,-7.90215,11.3037,103.082,-4.36987,5.11437,90.149,-0.989514,141.649,80.0416,-0.172162,-16.1304,82.2469,-3.88376,145.431,91.3453,-8.4981,122.996,
12.9333,22.7656,-7.90215,11.1419,103.082,-4.36987,5.11437,90.149,-0.989514,141.649,80.3168,-0.501639,-16.1138,82.2469,-3.88376,145.431,91.4587,-9.3385,122.368,
12.9333,22.7656,-7.90215,11.1419,103.082,-4.36987,5.11437,90.149,-0.989514,141.649,80.3168,-0.501639,-16.1138,82.2469,-3.88376,145.431,91.4587,-9.3385,122.368,
12.6145,22.4468,-7.90215,11.1419,102.764,-4.69243,5.697,90.149,-0.989514,141.649,80.3168,-0.501639,-16.1138,82.2469,-3.88376,145.431,91.4587,-9.3385,122.368,
12.6145,22.4468,-7.90215,11.1419,102.764,-4.69243,5.697,90.149,-0.989514,141.649,80.3168,-0.501639,-16.1138,82.2469,-3.88376,145.431,91.4587,-9.3385,122.368,
12.2381,21.4011,-7.90215,10.4727,102.387,-5.0931,6.27646,90.149,-0.989514,141.649,80.986,-1.47379,-16.7874,82.2469,-3.88376,145.431,91.4587,-9.3385,122.368,
12.2381,21.4011,-7.90215,10.4727,102.387,-5.0931,6.27646,90.149,-0.989514,141.649,80.986,-1.47379,-16.7874,82.2469,-3.88376,145.431,91.4587,-9.3385,122.368,
11.9693,21.1324,-7.90215,10.4727,102.118,-5.52932,6.82136,90.149,-0.989514,141.649,80.986,-1.47379,-16.7874,82.2469,-3.88376,145.431,91.4587,-9.3385,122.368,
11.9693,21.1324,-7.90215,10.4727,102.118,-5.52932,6.82136,90.149,-0.989514,141.649,80.986,-1.47379,-16.7874,82.2469,-3.88376,145.431,91.4587,-9.3385,122.368,
11.9693,21.1324,-7.90215,10.4727,102.118,-5.52932,6.82136,90.149,-0.989514,141.649,80.986,-1.47379,-16.7874,82.2469,-3.88376,145.431,91.4587,-9.3385,122.368,
11.9693,21.1324,-7.90215,10.4727,102.118,-5.52932,6.82136,90.149,-0.989514,141.649,80.986,-1.47379,-16.7874,82.2469,-3.88376,145.431,91.4587,-9.3385,122.368,
11.9693,21.1324,-7.90215,10.4727,102.118,-5.52932,6.82136,90.149,-0.989514,141.649,80.986,-1.47379,-16.7874,82.2469,-3.88376,145.431,91.4587,-9.3385,122.368,
11.9693,21.1324,-7.90215,10.4727,102.118,-5.52932,6.82136,90.149,-0.989514,141.649,80.986,-1.47379,-16.7874,82.2469,-3.88376,145.431,91.4587,-9.3385,122.368,
11.9693,21.1324,-8.41646,10.4727,102.118,-5.52932,6.82136,90.149,-0.989514,141.649,80.986,-1.47379,-16.7874,81.7326,-3.64523,143.367,91.4587,-9.3385,122.368,
11.9693,21.1324,-8.41646,10.4727,102.118,-5.52932,6.82136,90.149,-0.989514,141.649,80.986,-1.47379,-16.7874,81.7326,-3.64523,143.367,91.4587,-9.3385,122.368,
11.9693,21.1324,-10.3628,10.4727,102.118,-5.52932,6.82136,90.149,-0.989514,141.649,80.986,-1.47379,-16.7874,79.7862,-2.87405,141.582,91.4587,-9.3385,122.368,
11.9693,21.1324,-10.3628,10.4727,102.118,-5.52932,6.82136,90.149,-0.989514,141.649,80.986,-1.47379,-16.7874,79.7862,-2.87405,141.582,91.4587,-9.3385,122.368,
11.7168,20.9636,-10.3628,10.5564,101.866,-7.02919,8.64746,90.149,-0.989514,141.649,80.9022,-2.59001,-18.0635,79.7862,-2.87405,141.582,91.4587,-9.3385,122.368,
11.7168,20.9636,-10.3628,10.5564,101.866,-7.02919,8.64746,90.149,-0.989514,141.649,80.9022,-2.59001,-18.0635,79.7862,-2.87405,141.582,91.4587,-9.3385,122.368,
11.7168,21.0764,-11.3025,10.6692,101.866,-7.02919,8.64746,90.149,-0.989514,141.649,80.7895,-2.90641,-18.5899,78.8466,-2.56537,140.911,91.4587,-9.3385,122.368,
11.7168,21.0764,-11.3025,10.6692,101.866,-7.02919,8.64746,90.149,-0.989514,141.649,80.7895,-2.90641,-18.5899,78.8466,-2.56537,140.911,91.4587,-9.3385,122.368,
11.796,21.1556,-11.3025,10.6692,101.945,-7.88551,9.89586,90.149,-0.989514,141.649,80.7895,-2.90641,-18.5899,78.8466,-2.56537,140.911,91.4587,-9.3385,122.368,
11.796,21.1556,-11.3025,10.6692,101.945,-7.88551,9.89586,90.149,-0.989514,141.649,80.7895,-2.90641,-18.5899,78.8466,-2.56537,140.911,91.4587,-9.3385,122.368,
11.796,20.8344,-11.3025,10.3481,101.945,-7.88551,9.89586,90.149,-0.989514,141.649,81.1106,-3.63028,-19.8839,78.8466,-2.56537,140.911,91.4587,-9.3385,122.368,
11.796,20.8344,-11.3025,10.3481,101.945,-7.88551,9.89586,90.149,-0.989514,141.649,81.1106,-3.63028,-19.8839,78.8466,-2.56537,140.911,91.4587,-9.3385,122.368,
11.796,20.8344,-11.3025,11.1514,101.945,-7.88551,9.89586,90.149,-0.989514,141.649,81.1106,-3.63028,-19.8839,78.8466,-2.56537,140.911,92.262,-10.3956,121.373,
11.796,20.8344,-11.3025,11.1514,101.945,-7.88551,9.89586,90.149,-0.989514,141.649,81.1106,-3.63028,-19.8839,78.8466,-2.56537,140.911,92.262,-10.3956,121.373,
11.6216,20.4463,-11.3025,10.9377,101.771,-8.66479,11.1882,90.149,-0.989514,141.649,81.3244,-3.82198,-20.4068,78.8466,-2.56537,140.911,92.262,-10.3956,121.373,
11.6216,20.4463,-11.3025,10.9377,101.771,-8.66479,11.1882,90.149,-0.989514,141.649,81.3244,-3.82198,-20.4068,78.8466,-2.56537,140.911,92.262,-10.3956,121.373,
11.6216,20.1894,-11.3025,10.6808,101.771,-8.66479,11.1882,90.149,-0.989514,141.649,81.5812,-3.94238,-20.8809,78.8466,-2.56537,140.911,92.262,-10.3956,121.373,
11.6216,20.1894,-11.3025,10.6808,101.771,-8.66479,11.1882,90.149,-0.989514,141.649,81.5812,-3.94238,-20.8809,78.8466,-2.56537,140.911,92.262,-10.3956,121.373,
12.6733,19.9425,-10.0038,10.6808,101.524,-9.02393,11.8884,88.8504,-0.867916,138.966,81.5812,-3.94238,-20.8809,78.8466,-2.56537,140.911,92.262,-10.3956,121.373,
12.6733,19.9425,-10.0038,10.6808,101.524,-9.02393,11.8884,88.8504,-0.867916,138.966,81.5812,-3.94238,-20.8809,78.8466,-2.56537,140.911,92.262,-10.3956,121.373,
12.6733,19.5687,-10.0038,10.9227,101.524,-9.02393,11.8884,88.8504,-0.867916,138.966,81.955,-4.11367,-21.6299,78.8466,-2.56537,140.911,92.8777,-10.681,132.29,
12.6733,19.5687,-10.0038,10.9227,101.524,-9.02393,11.8884,88.8504,-0.867916,138.966,81.955,-4.11367,-21.6299,78.8466,-2.56537,140.911,92.8777,-10.681,132.29,
12.1477,19.0431,-10.0038,10.9227,100.998,-10.2773,13.6268,88.8504,-0.867916,138.966,81.955,-4.11367,-21.6299,78.8466,-2.56537,140.911,92.8777,-10.681,132.29,
12.1477,19.0431,-10.0038,10.9227,100.998,-10.2773,13.6268,88.8504,-0.867916,138.966,81.955,-4.11367,-21.6299,78.8466,-2.56537,140.911,92.8777,-10.681,132.29,
12.1477,18.5987,-10.0038,10.4783,100.998,-10.2773,13.6268,88.8504,-0.867916,138.966,82.3994,-4.2932,-22.6795,78.8466,-2.56537,140.911,92.8777,-10.681,132.29,
12.1477,18.5987,-10.0038,10.4783,100.998,-10.2773,13.6268,88.8504,-0.867916,138.966,82.3994,-4.2932,-22.6795,78.8466,-2.56537,140.911,92.8777,-10.681,132.29,
12.1477,18.5987,-15.9692,10.7889,100.998,-10.2773,13.6268,88.8504,-0.867916,138.966,82.3994,-4.2932,-22.6795,72.8812,-1.19665,133.837,93.1882,-11.0375,131.299,
12.1477,18.5987,-15.9692,10.7889,100.998,-10.2773,13.6268,88.8504,-0.867916,138.966,82.3994,-4.2932,-22.6795,72.8812,-1.19665,133.837,93.1882,-11.0375,131.299,
12.1477,18.5987,-15.9692,10.7415,100.998,-10.2773,13.6268,88.8504,-0.867916,138.966,82.3994,-4.2932,-22.6795,72.8812,-1.19665,133.837,93.1409,-11.2965,130.531,
12.1477,18.5987,-15.9692,10.7415,100.998,-10.2773,13.6268,88.8504,-0.867916,138.966,82.3994,-4.2932,-22.6795,72.8812,-1.19665,133.837,93.1409,-11.2965,130.531,
12.1912,17.9036,-15.9692,10.0029,101.042,-10.4361,13.4835,88.8504,-0.867916,138.966,83.138,-4.66549,-25.249,72.8812,-1.19665,133.837,93.1409,-11.2965,130.531,
12.1912,17.9036,-15.9692,10.0029,101.042,-10.4361,13.4835,88.8504,-0.867916,138.966,83.138,-4.66549,-25.249,72.8812,-1.19665,133.837,93.1409,-11.2965,130.531,
12.1912,17.9036,-17.3895,9.51805,101.042,-10.4361,13.4835,88.8504,-0.867916,138.966,83.138,-4.66549,-25.249,71.4609,-1.52235,131.267,92.656,-12.2267,127.763,
12.1912,17.9036,-17.3895,9.51805,101.042,-10.4361,13.4835,88.8504,-0.867916,138.966,83.138,-4.66549,-25.249,71.4609,-1.52235,131.267,92.656,-12.2267,127.763,
12.2315,17.9439,-17.3895,9.51805,101.082,-10.6262,12.8517,88.8504,-0.867916,138.966,83.138,-4.66549,-25.249,71.4609,-1.52235,131.267,92.656,-12.2267,127.763,
12.2315,17.9439,-17.3895,9.51805,101.082,-10.6262,12.8517,88.8504,-0.867916,138.966,83.138,-4.66549,-25.249,71.4609,-1.52235,131.267,92.656,-12.2267,127.763,
12.2315,17.9439,-17.3895,9.51805,101.082,-10.6262,12.8517,88.8504,-0.867916,138.966,83.138,-4.66549,-25.249,71.4609,-1.52235,131.267,92.656,-12.2267,127.763,
12.2315,17.9439,-17.3895,9.51805,101.082,-10.6262,12.8517,88.8504,-0.867916,138.966,83.138,-4.66549,-25.249,71.4609,-1.52235,131.267,92.656,-12.2267,127.763,
12.2315,17.9439,-17.3895,9.51805,101.082,-10.6262,12.8517,88.8504,-0.867916,138.966,83.138,-4.66549,-25.249,71.4609,-1.52235,131.267,92.656,-12.2267,127.763,
12.2315,17.9439,-17.3895,9.51805,101.082,-10.6262,12.8517,88.8504,-0.867916,138.966,83.138,-4.66549,-25.249,71.4609,-1.52235,131.267,92.656,-12.2267,127.763,
12.2315,17.9439,-17.3895,9.51805,101.082,-10.6262,12.8517,88.8504,-0.867916,138.966,83.138,-4.66549,-25.249,71.4609,-1.52235,131.267,92.656,-12.2267,127.763,
12.2315,17.9439,-17.3895,9.51805,101.082,-10.6262,12.8517,88.8504,-0.867916,138.966,83.138,-4.66549,-25.249,71.4609,-1.52235,131.267,92.656,-12.2267,127.763,
13.0315,17.9439,-16.5894,9.69571,101.082,-10.6262,12.8517,88.0503,0.0224807,138.223,83.138,-4.66549,-25.249,71.4609,-1.52235,131.267,92.8337,-12.9225,125.267,
13.0315,17.9439,-16.5894,9.69571,101.082,-10.6262,12.8517,88.0503,0.0224807,138.223,83.138,-4.66549,-25.249,71.4609,-1.52235,131.267,92.8337,-12.9225,125.267,
13.089,17.6361,-16.5894,9.33051,101.139,-10.7198,12.1781,88.0503,0.0224807,138.223,83.5032,-5.0035,-27.4349,71.4609,-1.52235,131.267,92.8337,-12.9225,125.267,
13.089,17.6361,-16.5894,9.33051,101.139,-10.7198,12.1781,88.0503,0.0224807,138.223,83.5032,-5.0035,-27.4349,71.4609,-1.52235,131.267,92.8337,-12.9225,125.267,
13.089,17.8497,-18.7495,9.54407,101.139,-10.7198,12.1781,88.0503,0.0224807,138.223,83.2896,-5.11576,-29.3803,69.3009,-2.20728,126.394,92.8337,-12.9225,125.267,
13.089,17.8497,-18.7495,9.54407,101.139,-10.7198,12.1781,88.0503,0.0224807,138.223,83.2896,-5.11576,-29.3803,69.3009,-2.20728,126.394,92.8337,-12.9225,125.267,
13.4429,17.8497,-20.5314,10.5172,101.139,-10.7198,12.1781,87.6964,0.518592,137.461,83.2896,-5.11576,-29.3803,67.165,-3.94234,119.257,93.8069,-12.965,122.886,
13.4429,17.8497,-20.5314,10.5172,101.139,-10.7198,12.1781,87.6964,0.518592,137.461,83.2896,-5.11576,-29.3803,67.165,-3.94234,119.257,93.8069,-12.965,122.886,
13.5832,17.99,-20.5314,10.5172,101.28,-10.7547,10.8586,87.6964,0.518592,137.461,83.2896,-5.11576,-29.3803,67.165,-3.94234,119.257,93.8069,-12.965,122.886,
13.5832,17.99,-20.5314,10.5172,101.28,-10.7547,10.8586,87.6964,0.518592,137.461,83.2896,-5.11576,-29.3803,67.165,-3.94234,119.257,93.8069,-12.965,122.886,
13.8853,17.99,-20.2293,12.4004,101.28,-10.7547,10.8586,87.3943,1.0641,136.591,83.2896,-5.11576,-29.3803,67.165,-3.94234,119.257,95.6901,-12.7251,119.721,
13.8853,17.99,-20.2293,12.4004,101.28,-10.7547,10.8586,87.3943,1.0641,136.591,83.2896,-5.11576,-29.3803,67.165,-3.94234,119.257,95.6901,-12.7251,119.721,
14.1053,18.2574,-20.1099,12.5673,101.38,-10.6786,9.87357,87.2748,2.12981,134.101,83.1227,-5.36048,-30.739,67.165,-3.94234,119.257,95.6901,-12.7251,119.721,
14.1053,18.2574,-20.1099,12.5673,101.38,-10.6786,9.87357,87.2748,2.12981,134.101,83.1227,-5.36048,-30.739,67.165,-3.94234,119.257,95.6901,-12.7251,119.721,
14.1053,18.1129,-20.0072,12.4228,101.38,-10.6786,9.87357,87.2748,2.12981,134.101,83.2673,-5.58734,-32.1958,67.2677,-4.59496,117.213,95.6901,-12.7251,119.721,
14.1053,18.1129,-20.0072,12.4228,101.38,-10.6786,9.87357,87.2748,2.12981,134.101,83.2673,-5.58734,-32.1958,67.2677,-4.59496,117.213,95.6901,-12.7251,119.721,
14.3251,18.162,-19.8365,12.4228,101.429,-10.631,9.39545,87.1041,3.28816,127.726,83.2673,-5.58734,-32.1958,67.2677,-4.59496,117.213,95.6901,-12.7251,119.721,
14.3251,18.162,-19.8365,12.4228,101.429,-10.631,9.39545,87.1041,3.28816,127.726,83.2673,-5.58734,-32.1958,67.2677,-4.59496,117.213,95.6901,-12.7251,119.721,
14.4567,18.0889,-19.8365,12.2182,101.561,-10.5205,8.4088,87.1041,3.28816,127.726,83.4719,-5.74461,-34.9709,67.2677,-4.59496,117.213,95.6901,-12.7251,119.721,
14.4567,18.0889,-19.8365,12.2182,101.561,-10.5205,8.4088,87.1041,3.28816,127.726,83.4719,-5.74461,-34.9709,67.2677,-4.59496,117.213,95.6901,-12.7251,119.721,
14.7954,18.0889,-19.4977,12.7575,101.561,-10.5205,8.4088,86.7654,3.48974,125.096,83.4719,-5.74461,-34.9709,67.2677,-4.59496,117.213,96.2294,-12.7109,118.823,
14.7954,18.0889,-19.4977,12.7575,101.561,-10.5205,8.4088,86.7654,3.48974,125.096,83.4719,-5.74461,-34.9709,67.2677,-4.59496,117.213,96.2294,-12.7109,118.823,
16.4196,18.3075,-18.0921,12.7575,101.779,-10.3835,7.40866,85.3598,3.49231,120.552,83.4719,-5.74461,-34.9709,67.2677,-4.59496,117.213,96.2294,-12.7109,118.823,
16.4196,18.3075,-18.0921,12.7575,101.779,-10.3835,7.40866,85.3598,3.49231,120.552,83.4719,-5.74461,-34.9709,67.2677,-4.59496,117.213,96.2294,-12.7109,118.823,
16.4196,18.3075,-16.8567,13.0738,101.779,-10.3835,7.40866,85.3598,3.49231,120.552,83.4719,-5.74461,-34.9709,68.5031,-5.78899,116.22,96.5457,-12.5274,118.311,
16.4196,18.3075,-16.8567,13.0738,101.779,-10.3835,7.40866,85.3598,3.49231,120.552,83.4719,-5.74461,-34.9709,68.5031,-5.78899,116.22,96.5457,-12.5274,118.311,
16.5379,18.4259,-16.8567,13.0738,101.898,-10.3139,6.92519,85.3598,3.49231,120.552,83.4719,-5.74461,-34.9709,68.5031,-5.78899,116.22,96.5457,-12.5274,118.311,
16.5379,18.4259,-16.8567,13.0738,101.898,-10.3139,6.92519,85.3598,3.49231,120.552,83.4719,-5.74461,-34.9709,68.5031,-5.78899,116.22,96.5457,-12.5274,118.311,
16.5379,18.29,-16.8567,12.938,101.898,-10.3139,6.92519,85.3598,3.49231,120.552,83.6077,-5.79194,-36.4301,68.5031,-5.78899,116.22,96.5457,-12.5274,118.311,
16.5379,18.29,-16.8567,12.938,101.898,-10.3139,6.92519,85.3598,3.49231,120.552,83.6077,-5.79194,-36.4301,68.5031,-5.78899,116.22,96.5457,-12.5274,118.311,
16.5379,18.29,-16.8567,13.2076,101.898,-10.3139,6.92519,85.3598,3.49231,120.552,83.6077,-5.79194,-36.4301,68.5031,-5.78899,116.22,96.8153,-12.4579,118.003,
16.5379,18.29,-16.8567,13.2076,101.898,-10.3139,6.92519,85.3598,3.49231,120.552,83.6077,-5.79194,-36.4301,68.5031,-5.78899,116.22,96.8153,-12.4579,118.003,
16.7884,18.1906,-16.8567,12.8577,102.148,-10.0924,5.63848,85.3598,3.49231,120.552,83.9576,-5.78779,-37.8831,68.5031,-5.78899,116.22,96.8153,-12.4579,118.003,
16.7884,18.1906,-16.8567,12.8577,102.148,-10.0924,5.63848,85.3598,3.49231,120.552,83.9576,-5.78779,-37.8831,68.5031,-5.78899,116.22,96.8153,-12.4579,118.003,
16.7884,18.1906,-16.8567,12.8577,102.148,-10.0924,5.63848,85.3598,3.49231,120.552,83.9576,-5.78779,-37.8831,68.5031,-5.78899,116.22,96.8153,-12.4579,118.003,
16.7884,18.1906,-16.8567,12.8577,102.148,-10.0924,5.63848,85.3598,3.49231,120.552,83.9576,-5.78779,-37.8831,68.5031,-5.78899,116.22,96.8153,-12.4579,118.003,
16.7884,18.1906,-16.8567,12.8577,102.148,-10.0924,5.63848,85.3598,3.49231,120.552,83.9576,-5.78779,-37.8831,68.5031,-5.78899,116.22,96.8153,-12.4579,118.003,
16.7884,18.1906,-16.8567,12.8577,102.148,-10.0924,5.63848,85.3598,3.49231,120.552,83.9576,-5.78779,-37.8831,68.5031,-5.78899,116.22,96.8153,-12.4579,118.003,
16.7884,18.1906,-14.879,12.8577,102.148,-10.0924,5.63848,85.3598,3.49231,120.552,83.9576,-5.78779,-37.8831,70.4808,-6.23125,113.678,96.8153,-12.4579,118.003,
16.7884,18.1906,-14.879,12.8577,102.148,-10.0924,5.63848,85.3598,3.49231,120.552,83.9576,-5.78779,-37.8831,70.4808,-6.23125,113.678,96.8153,-12.4579,118.003,
16.7884,18.1906,-14.879,12.8577,102.148,-10.0924,5.63848,85.3598,3.49231,120.552,83.9576,-5.78779,-37.8831,70.4808,-6.23125,113.678,96.8153,-12.4579,118.003,
16.7884,18.1906,-14.879,12.8577,102.148,-10.0924,5.63848,85.3598,3.49231,120.552,83.9576,-5.78779,-37.8831,70.4808,-6.23125,113.678,96.8153,-12.4579,118.003,
16.9239,18.3261,-14.879,12.8577,102.284,-9.96582,4.76821,85.3598,3.49231,120.552,83.9576,-5.78779,-37.8831,70.4808,-6.23125,113.678,96.8153,-12.4579,118.003,
16.9239,18.3261,-14.879,12.8577,102.284,-9.96582,4.76821,85.3598,3.49231,120.552,83.9576,-5.78779,-37.8831,70.4808,-6.23125,113.678,96.8153,-12.4579,118.003,
16.9239,18.3261,-13.7216,12.8577,102.284,-9.96582,4.76821,85.3598,3.49231,120.552,83.9576,-5.78779,-37.8831,71.6382,-6.49263,112.309,96.8153,-12.4579,118.003,
16.9239,18.3261,-13.7216,12.8577,102.284,-9.96582,4.76821,85.3598,3.49231,120.552,83.9576,-5.78779,-37.8831,71.6382,-6.49263,112.309,96.8153,-12.4579,118.003,
17.0007,18.4028,-13.7216,13.226,102.36,-9.89106,4.29303,85.3598,3.49231,120.552,83.9576,-5.78779,-37.8831,71.6382,-6.49263,112.309,97.1836,-12.302,117.719,
17.0007,18.4028,-13.7216,13.226,102.36,-9.89106,4.29303,85.3598,3.49231,120.552,83.9576,-5.78779,-37.8831,71.6382,-6.49263,112.309,97.1836,-12.302,117.719,
17.0007,18.4028,-13.7216,14.2383,102.36,-9.89106,4.29303,85.3598,3.49231,120.552,83.9576,-5.78779,-37.8831,71.6382,-6.49263,112.309,98.1959,-11.5983,116.405,
17.0007,18.4028,-13.7216,14.2383,102.36,-9.89106,4.29303,85.3598,3.49231,120.552,83.9576,-5.78779,-37.8831,71.6382,-6.49263,112.309,98.1959,-11.5983,116.405,
17.992,18.5224,-12.8497,15.54,102.48,-9.63072,2.89293,84.4879,3.86301,116.828,83.9576,-5.78779,-37.8831,71.6382,-6.49263,112.309,99.4976,-11.0551,114.222,
17.992,18.5224,-12.8497,15.54,102.48,-9.63072,2.89293,84.4879,3.86301,116.828,83.9576,-5.78779,-37.8831,71.6382,-6.49263,112.309,99.4976,-11.0551,114.222,
17.992,18.5224,-12.8497,15.54,102.48,-9.63072,2.89293,84.4879,3.86301,116.828,83.9576,-5.78779,-37.8831,71.6382,-6.49263,112.309,99.4976,-11.0551,114.222,
17.992,18.5224,-12.8497,15.54,102.48,-9.63072,2.89293,84.4879,3.86301,116.828,83.9576,-5.78779,-37.8831,71.6382,-6.49263,112.309,99.4976,-11.0551,114.222,
17.992,18.5224,-11.0602,16.2099,102.48,-9.63072,2.89293,84.4879,3.86301,116.828,83.9576,-5.78779,-37.8831,73.4278,-6.85381,111.114,100.167,-10.5652,113.203,
17.992,18.5224,-11.0602,16.2099,102.48,-9.63072,2.89293,84.4879,3.86301,116.828,83.9576,-5.78779,-37.8831,73.4278,-6.85381,111.114,100.167,-10.5652,113.203,
17.9498,18.172,-11.0602,15.9017,102.438,-9.46806,1.92126,84.4879,3.86301,116.828,84.2658,-5.74869,-39.3169,73.4278,-6.85381,111.114,100.167,-10.5652,113.203,
17.9498,18.172,-11.0602,15.9017,102.438,-9.46806,1.92126,84.4879,3.86301,116.828,84.2658,-5.74869,-39.3169,73.4278,-6.85381,111.114,100.167,-10.5652,113.203,
17.9498,18.172,-7.25858,15.9017,102.438,-9.46806,1.92126,84.4879,3.86301,116.828,84.2658,-5.74869,-39.3169,77.2294,-5.14825,108.169,100.167,-10.5652,113.203,
17.9498,18.172,-7.25858,15.9017,102.438,-9.46806,1.92126,84.4879,3.86301,116.828,84.2658,-5.74869,-39.3169,77.2294,-5.14825,108.169,100.167,-10.5652,113.203,
17.9226,18.1447,-6.87656,15.9017,102.411,-9.24027,0.786817,84.4879,3.86301,116.828,84.2658,-5.74869,-39.3169,77.6114,-5.18401,106.963,100.167,-10.5652,113.203,
17.9226,18.1447,-6.87656,15.9017,102.411,-9.24027,0.786817,84.4879,3.86301,116.828,84.2658,-5.74869,-39.3169,77.6114,-5.18401,106.963,100.167,-10.5652,113.203,
17.9226,18.1447,-6.87656,15.9017,102.411,-9.24027,0.786817,84.4879,3.86301,116.828,84.2658,-5.74869,-39.3169,77.6114,-5.18401,106.963,100.167,-10.5652,113.203,
17.9226,18.1447,-6.87656,15.9017,102.411,-9.24027,0.786817,84.4879,3.86301,116.828,84.2658,-5.74869,-39.3169,77.6114,-5.18401,106.963,100.167,-10.5652,113.203,
17.9226,18.1447,-6.87656,16.7109,102.411,-9.24027,0.786817,84.4879,3.86301,116.828,84.2658,-5.74869,-39.3169,77.6114,-5.18401,106.963,100.977,-9.99471,111.68,
17.9226,18.1447,-6.87656,16.7109,102.411,-9.24027,0.786817,84.4879,3.86301,116.828,84.2658,-5.74869,-39.3169,77.6114,-5.18401,106.963,100.977,-9.99471,111.68,
17.9167,17.4714,-6.87656,16.0434,102.405,-8.91051,-0.377651,84.4879,3.86301,116.828,84.9333,-5.76088,-41.5061,77.6114,-5.18401,106.963,100.977,-9.99471,111.68,
17.9167,17.4714,-6.87656,16.0434,102.405,-8.91051,-0.377651,84.4879,3.86301,116.828,84.9333,-5.76088,-41.5061,77.6114,-5.18401,106.963,100.977,-9.99471,111.68,
17.9167,17.4714,-6.67167,18.9317,102.405,-8.91051,-0.377651,84.4879,3.86301,116.828,84.9333,-5.76088,-41.5061,77.8163,-5.62105,105.929,103.865,-9.24021,106.411,
17.9167,17.4714,-6.67167,18.9317,102.405,-8.91051,-0.377651,84.4879,3.86301,116.828,84.9333,-5.76088,-41.5061,77.8163,-5.62105,105.929,103.865,-9.24021,106.411,
17.8645,17.4191,-6.67167,18.9317,102.352,-8.76019,-0.894764,84.4879,3.86301,116.828,84.9333,-5.76088,-41.5061,77.8163,-5.62105,105.929,103.865,-9.24021,106.411,
17.8645,17.4191,-6.67167,18.9317,102.352,-8.76019,-0.894764,84.4879,3.86301,116.828,84.9333,-5.76088,-41.5061,77.8163,-5.62105,105.929,103.865,-9.24021,106.411,
17.8645,17.4191,-6.67167,22.4148,102.352,-8.76019,-0.894764,84.4879,3.86301,116.828,84.9333,-5.76088,-41.5061,77.8163,-5.62105,105.929,107.348,-7.80203,99.7392,
17.8645,17.4191,-6.67167,22.4148,102.352,-8.76019,-0.894764,84.4879,3.86301,116.828,84.9333,-5.76088,-41.5061,77.8163,-5.62105,105.929,107.348,-7.80203,99.7392,
17.8645,17.4191,-6.67167,22.4148,102.352,-8.76019,-0.894764,84.4879,3.86301,116.828,84.9333,-5.76088,-41.5061,77.8163,-5.62105,105.929,107.348,-7.80203,99.7392,
17.8645,17.4191,-6.67167,22.4148,102.352,-8.76019,-0.894764,84.4879,3.86301,116.828,84.9333,-5.76088,-41.5061,77.8163,-5.62105,105.929,107.348,-7.80203,99.7392,
17.8645,17.4191,-6.67167,22.4148,102.352,-8.76019,-0.894764,84.4879,3.86301,116.828,84.9333,-5.76088,-41.5061,77.8163,-5.62105,105.929,107.348,-7.80203,99.7392,
17.8645,17.4191,-6.67167,22.4148,102.352,-8.76019,-0.894764,84.4879,3.86301,116.828,84.9333,-5.76088,-41.5061,77.8163,-5.62105,105.929,107.348,-7.80203,99.7392,
17.8645,17.4191,-6.67167,22.4148,102.352,-8.76019,-0.894764,84.4879,3.86301,116.828,84.9333,-5.76088,-41.5061,77.8163,-5.62105,105.929,107.348,-7.80203,99.7392,
17.8645,17.4191,-6.67167,22.4148,102.352,-8.76019,-0.894764,84.4879,3.86301,116.828,84.9333,-5.76088,-41.5061,77.8163,-5.62105,105.929,107.348,-7.80203,99.7392,
17.6358,16.9927,-6.67167,22.217,102.124,-7.9519,-3.98138,84.4879,3.86301,116.828,85.1311,-5.60245,-42.3479,77.8163,-5.62105,105.929,107.348,-7.80203,99.7392,
17.6358,16.9927,-6.67167,22.217,102.124,-7.9519,-3.98138,84.4879,3.86301,116.828,85.1311,-5.60245,-42.3479,77.8163,-5.62105,105.929,107.348,-7.80203,99.7392,
17.6358,16.955,-6.47824,23.894,102.124,-7.9519,-3.98138,84.4879,3.86301,116.828,85.1688,-5.49319,-43.1261,78.0097,-4.13446,103.443,109.063,-6.82701,96.195,
17.6358,16.955,-6.47824,23.894,102.124,-7.9519,-3.98138,84.4879,3.86301,116.828,85.1688,-5.49319,-43.1261,78.0097,-4.13446,103.443,109.063,-6.82701,96.195,
17.6178,16.937,-6.47824,25.252,102.106,-7.78813,-4.61036,84.4879,3.86301,116.828,85.1688,-5.49319,-43.1261,78.0097,-4.13446,103.443,110.421,-5.86936,92.6812,
17.6178,16.937,-6.47824,25.252,102.106,-7.78813,-4.61036,84.4879,3.86301,116.828,85.1688,-5.49319,-43.1261,78.0097,-4.13446,103.443,110.421,-5.86936,92.6812,
17.6235,16.9427,-6.47824,25.252,102.111,-7.60999,-5.24371,84.4879,3.86301,116.828,85.1688,-5.49319,-43.1261,78.0097,-4.13446,103.443,110.421,-5.86936,92.6812,
17.6235,16.9427,-6.47824,25.252,102.111,-7.60999,-5.24371,84.4879,3.86301,116.828,85.1688,-5.49319,-43.1261,78.0097,-4.13446,103.443,110.421,-5.86936,92.6812,
17.6235,16.9427,-6.41907,25.252,102.111,-7.60999,-5.24371,84.4879,3.86301,116.828,85.1688,-5.49319,-43.1261,78.0689,-4.23899,102.614,110.421,-5.86936,92.6812,
17.6235,16.9427,-6.41907,25.252,102.111,-7.60999,-5.24371,84.4879,3.86301,116.828,85.1688,-5.49319,-43.1261,78.0689,-4.23899,102.614,110.421,-5.86936,92.6812,
17.7026,17.0218,-6.41907,25.252,102.191,-6.99051,-7.21834,84.4879,3.86301,116.828,85.1688,-5.49319,-43.1261,78.0689,-4.23899,102.614,110.421,-5.86936,92.6812,
17.7026,17.0218,-6.41907,25.252,102.191,-6.99051,-7.21834,84.4879,3.86301,116.828,85.1688,-5.49319,-43.1261,78.0689,-4.23899,102.614,110.421,-5.86936,92.6812,
17.7026,17.0218,-6.40731,26.468,102.191,-6.99051,-7.21834,84.4879,3.86301,116.828,85.1688,-5.49319,-43.1261,78.0806,-4.08855,102.513,111.637,-3.44885,84.529,
17.7026,17.0218,-6.40731,26.468,102.191,-6.99051,-7.21834,84.4879,3.86301,116.828,85.1688,-5.49319,-43.1261,78.0806,-4.08855,102.513,111.637,-3.44885,84.529,
17.742,17.0612,-6.40731,26.468,102.23,-6.77131,-7.92865,84.4879,3.86301,116.828,85.1688,-5.49319,-43.1261,78.0806,-4.08855,102.513,111.637,-3.44885,84.529,
17.742,17.0612,-6.40731,26.468,102.23,-6.77131,-7.92865,84.4879,3.86301,116.828,85.1688,-5.49319,-43.1261,78.0806,-4.08855,102.513,111.637,-3.44885,84.529,
17.7804,17.0219,-6.40731,26.3904,102.268,-6.55223,-8.66749,84.4879,3.86301,116.828,85.2464,-4.79463,-47.4895,78.0806,-4.08855,102.513,111.637,-3.44885,84.529,
17.7804,17.0219,-6.40731,26.3904,102.268,-6.55223,-8.66749,84.4879,3.86301,116.828,85.2464,-4.79463,-47.4895,78.0806,-4.08855,102.513,111.637,-3.44885,84.529,
17.7804,17.0219,-6.19615,25.3601,102.268,-6.55223,-8.66749,84.4879,3.86301,116.828,85.2464,-4.79463,-47.4895,78.2918,-3.47758,102.973,110.606,0.919505,73.5601,
17.7804,17.0219,-6.19615,25.3601,102.268,-6.55223,-8.66749,84.4879,3.86301,116.828,85.2464,-4.79463,-47.4895,78.2918,-3.47758,102.973,110.606,0.919505,73.5601,
17.8705,17.112,-6.19615,25.3601,102.358,-5.93301,-10.9549,84.4879,3.86301,116.828,85.2464,-4.79463,-47.4895,78.2918,-3.47758,102.973,110.606,0.919505,73.5601,
17.8705,17.112,-6.19615,25.3601,102.358,-5.93301,-10.9549,84.4879,3.86301,116.828,85.2464,-4.79463,-47.4895,78.2918,-3.47758,102.973,110.606,0.919505,73.5601,
17.8705,17.2881,-5.68166,24.4357,102.358,-5.93301,-10.9549,84.4879,3.86301,116.828,85.0703,-4.63803,-49.018,78.8063,-3.40107,102.354,109.506,2.95279,68.222,
17.8705,17.2881,-5.68166,24.4357,102.358,-5.93301,-10.9549,84.4879,3.86301,116.828,85.0703,-4.63803,-49.018,78.8063,-3.40107,102.354,109.506,2.95279,68.222,
17.9084,17.326,-5.68166,24.4357,102.396,-5.58259,-12.5228,84.4879,3.86301,116.828,85.0703,-4.63803,-49.018,78.8063,-3.40107,102.354,109.506,2.95279,68.222,
17.9084,17.326,-5.68166,24.4357,102.396,-5.58259,-12.5228,84.4879,3.86301,116.828,85.0703,-4.63803,-49.018,78.8063,-3.40107,102.354,109.506,2.95279,68.222,
17.9084,21.1633,-5.39794,28.2731,102.396,-5.58259,-12.5228,84.4879,3.86301,116.828,81.233,-2.82522,-54.489,79.09,-3.32827,102.303,109.506,2.95279,68.222,
17.9084,21.1633,-5.39794,28.2731,102.396,-5.58259,-12.5228,84.4879,3.86301,116.828,81.233,-2.82522,-54.489,79.09,-3.32827,102.303,109.506,2.95279,68.222,
17.9084,21.1633,-5.13018,28.2731,102.396,-5.58259,-12.5228,84.4879,3.86301,116.828,81.233,-2.82522,-54.489,79.3578,-3.17904,102.317,109.506,2.95279,68.222,
17.9084,21.1633,-5.13018,28.2731,102.396,-5.58259,-12.5228,84.4879,3.86301,116.828,81.233,-2.82522,-54.489,79.3578,-3.17904,102.317,109.506,2.95279,68.222,
17.9403,22.5972,-5.13018,29.6749,102.428,-5.23911,-14.1271,84.4879,3.86301,116.828,79.8311,-1.89486,-55.9717,79.3578,-3.17904,102.317,109.506,2.95279,68.222,
17.9403,22.5972,-5.13018,29.6749,102.428,-5.23911,-14.1271,84.4879,3.86301,116.828,79.8311,-1.89486,-55.9717,79.3578,-3.17904,102.317,109.506,2.95279,68.222,
17.9403,22.5972,-5.13018,29.6749,102.428,-5.23911,-14.1271,84.4879,3.86301,116.828,79.8311,-1.89486,-55.9717,79.3578,-3.17904,102.317,109.506,2.95279,68.222,
17.9403,22.5972,-5.13018,29.6749,102.428,-5.23911,-14.1271,84.4879,3.86301,116.828,79.8311,-1.89486,-55.9717,79.3578,-3.17904,102.317,109.506,2.95279,68.222,
17.9403,22.5972,-5.13018,29.6749,102.428,-5.23911,-14.1271,84.4879,3.86301,116.828,79.8311,-1.89486,-55.9717,79.3578,-3.17904,102.317,109.506,2.95279,68.222,
17.9403,22.5972,-5.13018,29.6749,102.428,-5.23911,-14.1271,84.4879,3.86301,116.828,79.8311,-1.89486,-55.9717,79.3578,-3.17904,102.317,109.506,2.95279,68.222,
17.9403,22.5972,-5.13018,29.6749,102.428,-5.23911,-14.1271,84.4879,3.86301,116.828,79.8311,-1.89486,-55.9717,79.3578,-3.17904,102.317,109.506,2.95279,68.222,
17.9403,22.5972,-5.13018,29.6749,102.428,-5.23911,-14.1271,84.4879,3.86301,116.828,79.8311,-1.89486,-55.9717,79.3578,-3.17904,102.317,109.506,2.95279,68.222,
17.9403,22.5972,-5.13018,29.6749,102.428,-5.23911,-14.1271,84.4879,3.86301,116.828,79.8311,-1.89486,-55.9717,79.3578,-3.17904,102.317,109.506,2.95279,68.222,
17.9403,22.5972,-5.13018,29.6749,102.428,-5.23911,-14.1271,84.4879,3.86301,116.828,79.8311,-1.89486,-55.9717,79.3578,-3.17904,102.317,109.506,2.95279,68.222,
17.9403,22.5972,-5.13018,29.6749,102.428,-5.23911,-14.1271,84.4879,3.86301,116.828,79.8311,-1.89486,-55.9717,79.3578,-3.17904,102.317,109.506,2.95279,68.222,
17.9403,22.5972,-5.13018,29.6749,102.428,-5.23911,-14.1271,84.4879,3.86301,116.828,79.8311,-1.89486,-55.9717,79.3578,-3.17904,102.317,109.506,2.95279,68.222,
18.4036,22.5972,-3.37069,28.4567,102.428,-5.23911,-14.1271,84.0247,3.97927,114.996,79.8311,-1.89486,-55.9717,80.654,-2.97358,101.865,108.288,4.29099,64.4732,
18.4036,22.5972,-3.37069,28.4567,102.428,-5.23911,-14.1271,84.0247,3.97927,114.996,79.8311,-1.89486,-55.9717,80.654,-2.97358,101.865,108.288,4.29099,64.4732,
20.167,22.5558,-1.56594,28.4567,102.387,-4.92435,-15.7608,82.2199,3.60016,107.019,79.8311,-1.89486,-55.9717,80.654,-2.97358,101.865,108.288,4.29099,64.4732,
20.167,22.5558,-1.56594,28.4567,102.387,-4.92435,-15.7608,82.2199,3.60016,107.019,79.8311,-1.89486,-55.9717,80.654,-2.97358,101.865,108.288,4.29099,64.4732,
20.1282,26.479,-1.56594,32.4187,102.348,-4.77305,-16.5801,82.2199,3.60016,107.019,75.8691,-1.09185,-73.0209,80.654,-2.97358,101.865,108.288,4.29099,64.4732,
20.1282,26.479,-1.56594,32.4187,102.348,-4.77305,-16.5801,82.2199,3.60016,107.019,75.8691,-1.09185,-73.0209,80.654,-2.97358,101.865,108.288,4.29099,64.4732,
20.6193,26.479,-0.783453,29.7725,102.348,-4.77305,-16.5801,81.7288,3.21054,105.569,75.8691,-1.09185,-73.0209,80.9454,-3.03348,101.732,105.642,5.50937,63.1709,
20.6193,26.479,-0.783453,29.7725,102.348,-4.77305,-16.5801,81.7288,3.21054,105.569,75.8691,-1.09185,-73.0209,80.9454,-3.03348,101.732,105.642,5.50937,63.1709,
21.0525,27.3595,-0.350187,30.6531,102.348,-4.77305,-16.5801,81.2955,2.77248,104.116,74.9885,-0.14772,-76.3353,80.9454,-3.03348,101.732,105.642,5.50937,63.1709,
21.0525,27.3595,-0.350187,30.6531,102.348,-4.77305,-16.5801,81.2955,2.77248,104.116,74.9885,-0.14772,-76.3353,80.9454,-3.03348,101.732,105.642,5.50937,63.1709,
21.0525,27.3595,-0.0903524,30.6531,102.348,-4.77305,-16.5801,81.2955,2.77248,104.116,74.9885,-0.14772,-76.3353,81.2052,-2.93512,101.86,105.642,5.50937,63.1709,
21.0525,27.3595,-0.0903524,30.6531,102.348,-4.77305,-16.5801,81.2955,2.77248,104.116,74.9885,-0.14772,-76.3353,81.2052,-2.93512,101.86,105.642,5.50937,63.1709,
17.3517,28.8287,-3.79117,32.1223,102.348,-4.77305,-16.5801,84.9964,2.47797,103.773,73.5194,1.31079,-78.6191,81.2052,-2.93512,101.86,105.642,5.50937,63.1709,
17.3517,28.8287,-3.79117,32.1223,102.348,-4.77305,-16.5801,84.9964,2.47797,103.773,73.5194,1.31079,-78.6191,81.2052,-2.93512,101.86,105.642,5.50937,63.1709,
17.3517,29.4555,-3.79117,29.5824,102.348,-4.77305,-16.5801,84.9964,2.47797,103.773,72.8926,2.4343,-79.2815,81.2052,-2.93512,101.86,102.475,6.28657,64.6306,
17.3517,29.4555,-3.79117,29.5824,102.348,-4.77305,-16.5801,84.9964,2.47797,103.773,72.8926,2.4343,-79.2815,81.2052,-2.93512,101.86,102.475,6.28657,64.6306,
14.4342,29.4555,-6.70869,25.5098,102.348,-4.77305,-16.5801,87.9139,2.96509,102.363,72.8926,2.4343,-79.2815,81.2052,-2.93512,101.86,98.4024,7.01775,64.0366,
14.4342,29.4555,-6.70869,25.5098,102.348,-4.77305,-16.5801,87.9139,2.96509,102.363,72.8926,2.4343,-79.2815,81.2052,-2.93512,101.86,98.4024,7.01775,64.0366,
14.2177,29.239,-6.70869,25.5098,102.132,-4.32677,-19.061,87.9139,2.96509,102.363,72.8926,2.4343,-79.2815,81.2052,-2.93512,101.86,98.4024,7.01775,64.0366,
14.2177,29.239,-6.70869,25.5098,102.132,-4.32677,-19.061,87.9139,2.96509,102.363,72.8926,2.4343,-79.2815,81.2052,-2.93512,101.86,98.4024,7.01775,64.0366,
13.7189,29.239,-6.53712,20.5207,102.132,-4.32677,-19.061,88.4127,2.71137,101.54,72.8926,2.4343,-79.2815,81.8756,-2.92288,102.791,93.4133,7.10893,61.1345,
13.7189,29.239,-6.53712,20.5207,102.132,-4.32677,-19.061,88.4127,2.71137,101.54,72.8926,2.4343,-79.2815,81.8756,-2.92288,102.791,93.4133,7.10893,61.1345,
13.3125,28.8326,-6.53712,20.5207,101.725,-3.89766,-21.5858,88.4127,2.71137,101.54,72.8926,2.4343,-79.2815,81.8756,-2.92288,102.791,93.4133,7.10893,61.1345,
13.3125,28.8326,-6.53712,20.5207,101.725,-3.89766,-21.5858,88.4127,2.71137,101.54,72.8926,2.4343,-79.2815,81.8756,-2.92288,102.791,93.4133,7.10893,61.1345,
13.3125,28.8326,-5.78257,20.5207,101.725,-3.89766,-21.5858,88.4127,2.71137,101.54,72.8926,2.4343,-79.2815,82.6301,-3.24823,103.042,93.4133,7.10893,61.1345,
13.3125,28.8326,-5.78257,20.5207,101.725,-3.89766,-21.5858,88.4127,2.71137,101.54,72.8926,2.4343,-79.2815,82.6301,-3.24823,103.042,93.4133,7.10893,61.1345,
10.6885,28.6598,-8.23378,15.0358,101.552,-3.74119,-22.4338,90.8639,2.64642,98.5493,72.8926,2.4343,-79.2815,82.6301,-3.24823,103.042,87.9284,6.42521,58.0183,
10.6885,28.6598,-8.23378,15.0358,101.552,-3.74119,-22.4338,90.8639,2.64642,98.5493,72.8926,2.4343,-79.2815,82.6301,-3.24823,103.042,87.9284,6.42521,58.0183,
10.5039,29.6254,-8.23378,16.186,101.368,-3.57681,-23.2892,90.8639,2.64642,98.5493,71.7424,5.46703,-80.0867,82.6301,-3.24823,103.042,87.9284,6.42521,58.0183,
10.5039,29.6254,-8.23378,16.186,101.368,-3.57681,-23.2892,90.8639,2.64642,98.5493,71.7424,5.46703,-80.0867,82.6301,-3.24823,103.042,87.9284,6.42521,58.0183,
10.5039,29.6254,-7.82272,13.4463,101.368,-3.57681,-23.2892,90.8639,2.64642,98.5493,71.7424,5.46703,-80.0867,83.0412,-3.47459,103.075,85.1887,5.81441,56.9335,
10.5039,29.6254,-7.82272,13.4463,101.368,-3.57681,-23.2892,90.8639,2.64642,98.5493,71.7424,5.46703,-80.0867,83.0412,-3.47459,103.075,85.1887,5.81441,56.9335,
10.5039,29.6254,-7.82272,13.4463,101.368,-3.57681,-23.2892,90.8639,2.64642,98.5493,71.7424,5.46703,-80.0867,83.0412,-3.47459,103.075,85.1887,5.81441,56.9335,
10.5039,29.6254,-7.82272,13.4463,101.368,-3.57681,-23.2892,90.8639,2.64642,98.5493,71.7424,5.46703,-80.0867,83.0412,-3.47459,103.075,85.1887,5.81441,56.9335,
10.5039,29.6254,-7.82272,13.4463,101.368,-3.57681,-23.2892,90.8639,2.64642,98.5493,71.7424,5.46703,-80.0867,83.0412,-3.47459,103.075,85.1887,5.81441,56.9335,
10.5039,29.6254,-7.82272,13.4463,101.368,-3.57681,-23.2892,90.8639,2.64642,98.5493,71.7424,5.46703,-80.0867,83.0412,-3.47459,103.075,85.1887,5.81441,56.9335,
8.54422,29.6254,-9.78241,13.4463,101.368,-3.57681,-23.2892,92.8236,2.82656,96.3493,71.7424,5.46703,-80.0867,83.0412,-3.47459,103.075,85.1887,5.81441,56.9335,
8.54422,29.6254,-9.78241,13.4463,101.368,-3.57681,-23.2892,92.8236,2.82656,96.3493,71.7424,5.46703,-80.0867,83.0412,-3.47459,103.075,85.1887,5.81441,56.9335,
8.01442,29.7428,-9.78241,14.0935,100.838,-2.98957,-25.9044,92.8236,2.82656,96.3493,71.0952,6.97019,-80.52,83.0412,-3.47459,103.075,85.1887,5.81441,56.9335,
8.01442,29.7428,-9.78241,14.0935,100.838,-2.98957,-25.9044,92.8236,2.82656,96.3493,71.0952,6.97019,-80.52,83.0412,-3.47459,103.075,85.1887,5.81441,56.9335,
7.6755,29.7428,-9.62065,11.3539,100.838,-2.98957,-25.9044,93.1625,2.84341,96.241,71.0952,6.97019,-80.52,83.5419,-3.76187,103.017,82.4491,5.11276,56.4627,
7.6755,29.7428,-9.62065,11.3539,100.838,-2.98957,-25.9044,93.1625,2.84341,96.241,71.0952,6.97019,-80.52,83.5419,-3.76187,103.017,82.4491,5.11276,56.4627,
6.82379,29.5768,-10.3063,11.3539,100.672,-2.76901,-26.7798,93.8482,2.738,96.2316,71.0952,6.97019,-80.52,83.5419,-3.76187,103.017,82.4491,5.11276,56.4627,
6.82379,29.5768,-10.3063,11.3539,100.672,-2.76901,-26.7798,93.8482,2.738,96.2316,71.0952,6.97019,-80.52,83.5419,-3.76187,103.017,82.4491,5.11276,56.4627,
6.82379,30.1229,-9.2243,11.9001,100.672,-2.76901,-26.7798,93.8482,2.738,96.2316,70.549,8.34604,-81.2152,84.6239,-4.71488,104.782,82.4491,5.11276,56.4627,
6.82379,30.1229,-9.2243,11.9001,100.672,-2.76901,-26.7798,93.8482,2.738,96.2316,70.549,8.34604,-81.2152,84.6239,-4.71488,104.782,82.4491,5.11276,56.4627,
6.66577,29.9649,-9.2243,0.651735,100.514,-2.53627,-27.6675,93.8482,2.738,96.2316,70.549,8.34604,-81.2152,84.6239,-4.71488,104.782,71.2008,2.02532,56.7202,
6.66577,29.9649,-9.2243,0.651735,100.514,-2.53627,-27.6675,93.8482,2.738,96.2316,70.549,8.34604,-81.2152,84.6239,-4.71488,104.782,71.2008,2.02532,56.7202,
6.4982,31.7206,-9.2243,2.575,100.346,-2.30224,-28.5705,93.8482,2.738,96.2316,68.6258,12.2812,-84.5334,84.6239,-4.71488,104.782,71.2008,2.02532,56.7202,
6.4982,31.7206,-9.2243,2.575,100.346,-2.30224,-28.5705,93.8482,2.738,96.2316,68.6258,12.2812,-84.5334,84.6239,-4.71488,104.782,71.2008,2.02532,56.7202,
6.4982,31.7206,-8.22899,-0.0254364,100.346,-2.30224,-28.5705,93.8482,2.738,96.2316,68.6258,12.2812,-84.5334,85.6192,-5.8871,104.611,68.6003,0.977696,55.4744,
6.4982,31.7206,-8.22899,-0.0254364,100.346,-2.30224,-28.5705,93.8482,2.738,96.2316,68.6258,12.2812,-84.5334,85.6192,-5.8871,104.611,68.6003,0.977696,55.4744,
5.94198,31.1644,-8.22899,-0.0254364,99.7901,-1.5546,-31.2748,93.8482,2.738,96.2316,68.6258,12.2812,-84.5334,85.6192,-5.8871,104.611,68.6003,0.977696,55.4744,
5.94198,31.1644,-8.22899,-0.0254364,99.7901,-1.5546,-31.2748,93.8482,2.738,96.2316,68.6258,12.2812,-84.5334,85.6192,-5.8871,104.611,68.6003,0.977696,55.4744,
5.94198,32.3221,-7.70228,1.13234,99.7901,-1.5546,-31.2748,93.8482,2.738,96.2316,67.468,13.5057,-88.4303,86.1459,-6.51684,104.419,68.6003,0.977696,55.4744,
5.94198,32.3221,-7.70228,1.13234,99.7901,-1.5546,-31.2748,93.8482,2.738,96.2316,67.468,13.5057,-88.4303,86.1459,-6.51684,104.419,68.6003,0.977696,55.4744,
5.74923,32.1294,-7.70228,-1.20718,99.5974,-1.30709,-32.1541,93.8482,2.738,96.2316,67.468,13.5057,-88.4303,86.1459,-6.51684,104.419,66.2608,-0.499021,53.268,
5.74923,32.1294,-7.70228,-1.20718,99.5974,-1.30709,-32.1541,93.8482,2.738,96.2316,67.468,13.5057,-88.4303,86.1459,-6.51684,104.419,66.2608,-0.499021,53.268,
5.56804,32.2092,-7.70228,-0.946139,99.4162,-1.05814,-33.0475,93.8482,2.738,96.2316,67.2069,14.0653,-94.3721,86.1459,-6.51684,104.419,66.2608,-0.499021,53.268,
5.56804,32.2092,-7.70228,-0.946139,99.4162,-1.05814,-33.0475,93.8482,2.738,96.2316,67.2069,14.0653,-94.3721,86.1459,-6.51684,104.419,66.2608,-0.499021,53.268,
5.56804,32.2092,-7.16962,-0.946139,99.4162,-1.05814,-33.0475,93.8482,2.738,96.2316,67.2069,14.0653,-94.3721,86.6785,-7.17676,104.155,66.2608,-0.499021,53.268,
5.56804,32.2092,-7.16962,-0.946139,99.4162,-1.05814,-33.0475,93.8482,2.738,96.2316,67.2069,14.0653,-94.3721,86.6785,-7.17676,104.155,66.2608,-0.499021,53.268,
5.38707,32.0283,-7.16962,-0.946139,99.2352,-0.797273,-33.9513,93.8482,2.738,96.2316,67.2069,14.0653,-94.3721,86.6785,-7.17676,104.155,66.2608,-0.499021,53.268,
5.38707,32.0283,-7.16962,-0.946139,99.2352,-0.797273,-33.9513,93.8482,2.738,96.2316,67.2069,14.0653,-94.3721,86.6785,-7.17676,104.155,66.2608,-0.499021,53.268,
5.38707,32.4439,-7.16962,-0.530523,99.2352,-0.797273,-33.9513,93.8482,2.738,96.2316,66.7913,11.5865,-100.436,86.6785,-7.17676,104.155,66.2608,-0.499021,53.268,
5.38707,32.4439,-7.16962,-0.530523,99.2352,-0.797273,-33.9513,93.8482,2.738,96.2316,66.7913,11.5865,-100.436,86.6785,-7.17676,104.155,66.2608,-0.499021,53.268,
5.38707,32.4439,-7.16962,-3.58063,99.2352,-0.797273,-33.9513,93.8482,2.738,96.2316,66.7913,11.5865,-100.436,86.6785,-7.17676,104.155,63.2107,-4.59574,46.736,
5.38707,32.4439,-7.16962,-3.58063,99.2352,-0.797273,-33.9513,93.8482,2.738,96.2316,66.7913,11.5865,-100.436,86.6785,-7.17676,104.155,63.2107,-4.59574,46.736,
3.27956,30.3364,-6.03333,-3.58063,97.1277,1.59519,-40.8616,93.8482,2.738,96.2316,66.7913,11.5865,-100.436,87.8148,-8.67603,104.998,63.2107,-4.59574,46.736,
3.27956,30.3364,-6.03333,-3.58063,97.1277,1.59519,-40.8616,93.8482,2.738,96.2316,66.7913,11.5865,-100.436,87.8148,-8.67603,104.998,63.2107,-4.59574,46.736,
3.27956,30.3364,-6.03333,-3.22319,97.1277,1.59519,-40.8616,93.8482,2.738,96.2316,66.7913,11.5865,-100.436,87.8148,-8.67603,104.998,63.5681,-8.63256,38.9872,
3.27956,30.3364,-6.03333,-3.22319,97.1277,1.59519,-40.8616,93.8482,2.738,96.2316,66.7913,11.5865,-100.436,87.8148,-8.67603,104.998,63.5681,-8.63256,38.9872,
3.27956,30.3364,-6.03333,-3.22319,97.1277,1.59519,-40.8616,93.8482,2.738,96.2316,66.7913,11.5865,-100.436,87.8148,-8.67603,104.998,63.5681,-8.63256,38.9872,
3.27956,30.3364,-6.03333,-3.22319,97.1277,1.59519,-40.8616,93.8482,2.738,96.2316,66.7913,11.5865,-100.436,87.8148,-8.67603,104.998,63.5681,-8.63256,38.9872,
3.27956,30.3364,-6.03333,-3.22319,97.1277,1.59519,-40.8616,93.8482,2.738,96.2316,66.7913,11.5865,-100.436,87.8148,-8.67603,104.998,63.5681,-8.63256,38.9872,
3.27956,30.3364,-6.03333,-3.22319,97.1277,1.59519,-40.8616,93.8482,2.738,96.2316,66.7913,11.5865,-100.436,87.8148,-8.67603,104.998,63.5681,-8.63256,38.9872,
3.27956,30.3364,-6.03333,-3.22319,97.1277,1.59519,-40.8616,93.8482,2.738,96.2316,66.7913,11.5865,-100.436,87.8148,-8.67603,104.998,63.5681,-8.63256,38.9872,
3.27956,30.3364,-6.03333,-3.22319,97.1277,1.59519,-40.8616,93.8482,2.738,96.2316,66.7913,11.5865,-100.436,87.8148,-8.67603,104.998,63.5681,-8.63256,38.9872,
3.27956,30.3364,-6.03333,-3.22319,97.1277,1.59519,-40.8616,93.8482,2.738,96.2316,66.7913,11.5865,-100.436,87.8148,-8.67603,104.998,63.5681,-8.63256,38.9872,
3.27956,30.3364,-6.03333,-3.22319,97.1277,1.59519,-40.8616,93.8482,2.738,96.2316,66.7913,11.5865,-100.436,87.8148,-8.67603,104.998,63.5681,-8.63256,38.9872,
3.27956,30.3364,-6.03333,-1.28766,97.1277,1.59519,-40.8616,93.8482,2.738,96.2316,66.7913,11.5865,-100.436,87.8148,-8.67603,104.998,65.5037,-11.1495,32.3696,
3.27956,30.3364,-6.03333,-1.28766,97.1277,1.59519,-40.8616,93.8482,2.738,96.2316,66.7913,11.5865,-100.436,87.8148,-8.67603,104.998,65.5037,-11.1495,32.3696,
2.6056,30.948,-6.70729,-0.676058,97.1277,1.59519,-40.8616,94.5221,2.67937,96.1656,66.1797,8.99482,-104.557,87.8148,-8.67603,104.998,65.5037,-11.1495,32.3696,
2.6056,30.948,-6.70729,-0.676058,97.1277,1.59519,-40.8616,94.5221,2.67937,96.1656,66.1797,8.99482,-104.557,87.8148,-8.67603,104.998,65.5037,-11.1495,32.3696,
2.6056,30.948,-4.1504,-0.676058,97.1277,1.59519,-40.8616,94.5221,2.67937,96.1656,66.1797,8.99482,-104.557,90.3717,-12.3283,102.746,65.5037,-11.1495,32.3696,
2.6056,30.948,-4.1504,-0.676058,97.1277,1.59519,-40.8616,94.5221,2.67937,96.1656,66.1797,8.99482,-104.557,90.3717,-12.3283,102.746,65.5037,-11.1495,32.3696,
2.11935,30.4617,-4.1504,-0.676058,96.6415,2.17328,-42.5984,94.5221,2.67937,96.1656,66.1797,8.99482,-104.557,90.3717,-12.3283,102.746,65.5037,-11.1495,32.3696,
2.11935,30.4617,-4.1504,-0.676058,96.6415,2.17328,-42.5984,94.5221,2.67937,96.1656,66.1797,8.99482,-104.557,90.3717,-12.3283,102.746,65.5037,-11.1495,32.3696,
1.89543,30.6527,-4.1504,-0.261208,96.4175,2.41591,-43.4145,94.5221,2.67937,96.1656,65.7649,7.34239,-106.746,90.3717,-12.3283,102.746,65.5037,-11.1495,32.3696,
1.89543,30.6527,-4.1504,-0.261208,96.4175,2.41591,-43.4145,94.5221,2.67937,96.1656,65.7649,7.34239,-106.746,90.3717,-12.3283,102.746,65.5037,-11.1495,32.3696,
1.02,30.3038,-4.677,-0.261208,96.0687,2.8478,-45.0912,95.0487,2.63862,95.8412,65.7649,7.34239,-106.746,90.3717,-12.3283,102.746,65.5037,-11.1495,32.3696,
1.02,30.3038,-4.677,-0.261208,96.0687,2.8478,-45.0912,95.0487,2.63862,95.8412,65.7649,7.34239,-106.746,90.3717,-12.3283,102.746,65.5037,-11.1495,32.3696,
0.886202,30.9221,-3.06248,0.490907,95.9349,3.05002,-45.9611,95.0487,2.63862,95.8412,65.0128,4.50607,-110.776,91.9862,-15.304,104.545,65.5037,-11.1495,32.3696,
0.886202,30.9221,-3.06248,0.490907,95.9349,3.05002,-45.9611,95.0487,2.63862,95.8412,65.0128,4.50607,-110.776,91.9862,-15.304,104.545,65.5037,-11.1495,32.3696,
0.886202,30.9221,-3.06248,1.5421,95.9349,3.05002,-45.9611,95.0487,2.63862,95.8412,65.0128,4.50607,-110.776,91.9862,-15.304,104.545,66.5549,-13.0933,29.5907,
0.886202,30.9221,-3.06248,1.5421,95.9349,3.05002,-45.9611,95.0487,2.63862,95.8412,65.0128,4.50607,-110.776,91.9862,-15.304,104.545,66.5549,-13.0933,29.5907,
0.774615,30.8106,-2.65767,1.5421,95.8233,3.24995,-46.813,95.0487,2.63862,95.8412,65.0128,4.50607,-110.776,92.391,-16.3282,104.152,66.5549,-13.0933,29.5907,
0.774615,30.8106,-2.65767,1.5421,95.8233,3.24995,-46.813,95.0487,2.63862,95.8412,65.0128,4.50607,-110.776,92.391,-16.3282,104.152,66.5549,-13.0933,29.5907,
0.774615,30.8106,-2.65767,5.59328,95.8233,3.24995,-46.813,95.0487,2.63862,95.8412,65.0128,4.50607,-110.776,92.391,-16.3282,104.152,70.606,-14.1816,32.3645,
0.774615,30.8106,-2.65767,5.59328,95.8233,3.24995,-46.813,95.0487,2.63862,95.8412,65.0128,4.50607,-110.776,92.391,-16.3282,104.152,70.606,-14.1816,32.3645,
0.582919,30.6189,-2.65767,5.59328,95.6316,3.88307,-49.16,95.0487,2.63862,95.8412,65.0128,4.50607,-110.776,92.391,-16.3282,104.152,70.606,-14.1816,32.3645,
0.582919,30.6189,-2.65767,5.59328,95.6316,3.88307,-49.16,95.0487,2.63862,95.8412,65.0128,4.50607,-110.776,92.391,-16.3282,104.152,70.606,-14.1816,32.3645,
0.582919,30.6189,-2.65767,5.59328,95.6316,3.88307,-49.16,95.0487,2.63862,95.8412,65.0128,4.50607,-110.776,92.391,-16.3282,104.152,70.606,-14.1816,32.3645,
0.582919,30.6189,-2.65767,5.59328,95.6316,3.88307,-49.16,95.0487,2.63862,95.8412,65.0128,4.50607,-110.776,92.391,-16.3282,104.152,70.606,-14.1816,32.3645,
0.582919,30.6189,-2.65767,5.59328,95.6316,3.88307,-49.16,95.0487,2.63862,95.8412,65.0128,4.50607,-110.776,92.391,-16.3282,104.152,70.606,-14.1816,32.3645,
0.582919,30.6189,-2.65767,5.59328,95.6316,3.88307,-49.16,95.0487,2.63862,95.8412,65.0128,4.50607,-110.776,92.391,-16.3282,104.152,70.606,-14.1816,32.3645,
0.480319,28.3299,-2.65767,3.40693,95.529,4.26799,-50.5671,95.0487,2.63862,95.8412,67.1991,1.92342,-119.098,92.391,-16.3282,104.152,70.606,-14.1816,32.3645,
0.480319,28.3299,-2.65767,3.40693,95.529,4.26799,-50.5671,95.0487,2.63862,95.8412,67.1991,1.92342,-119.098,92.391,-16.3282,104.152,70.606,-14.1816,32.3645,
0.480319,28.3299,-2.34548,4.33547,95.529,4.26799,-50.5671,95.0487,2.63862,95.8412,67.1991,1.92342,-119.098,92.7032,-17.3297,103.767,71.5346,-13.7313,34.5214,
0.480319,28.3299,-2.34548,4.33547,95.529,4.26799,-50.5671,95.0487,2.63862,95.8412,67.1991,1.92342,-119.098,92.7032,-17.3297,103.767,71.5346,-13.7313,34.5214,
0.0251833,28.2398,-2.71049,4.33547,95.4389,4.63326,-51.9569,95.4137,2.54708,95.2807,67.1991,1.92342,-119.098,92.7032,-17.3297,103.767,71.5346,-13.7313,34.5214,
0.0251833,28.2398,-2.71049,4.33547,95.4389,4.63326,-51.9569,95.4137,2.54708,95.2807,67.1991,1.92342,-119.098,92.7032,-17.3297,103.767,71.5346,-13.7313,34.5214,
0.0251833,24.9887,-2.56502,1.0844,95.4389,4.63326,-51.9569,95.4137,2.54708,95.2807,70.4502,0.89642,-113.97,92.8487,-18.09,103.725,71.5346,-13.7313,34.5214,
0.0251833,24.9887,-2.56502,1.0844,95.4389,4.63326,-51.9569,95.4137,2.54708,95.2807,70.4502,0.89642,-113.97,92.8487,-18.09,103.725,71.5346,-13.7313,34.5214,
-1.15348,24.9887,-3.74368,1.0844,95.4389,4.63326,-51.9569,96.5924,1.86882,94.4015,70.4502,0.89642,-113.97,92.8487,-18.09,103.725,71.5346,-13.7313,34.5214,
-1.15348,24.9887,-3.74368,1.0844,95.4389,4.63326,-51.9569,96.5924,1.86882,94.4015,70.4502,0.89642,-113.97,92.8487,-18.09,103.725,71.5346,-13.7313,34.5214,
-1.58463,18.8663,-4.17483,-5.038,95.4389,4.63326,-51.9569,97.0235,1.47113,93.5041,76.5726,0.734995,-114.042,92.8487,-18.09,103.725,71.5346,-13.7313,34.5214,
-1.58463,18.8663,-4.17483,-5.038,95.4389,4.63326,-51.9569,97.0235,1.47113,93.5041,76.5726,0.734995,-114.042,92.8487,-18.09,103.725,71.5346,-13.7313,34.5214,
-1.58463,18.8663,-4.17483,-2.22143,95.4389,4.63326,-51.9569,97.0235,1.47113,93.5041,76.5726,0.734995,-114.042,92.8487,-18.09,103.725,74.3512,-13.4557,34.1348,
-1.58463,18.8663,-4.17483,-2.22143,95.4389,4.63326,-51.9569,97.0235,1.47113,93.5041,76.5726,0.734995,-114.042,92.8487,-18.09,103.725,74.3512,-13.4557,34.1348,
-2.29188,18.7353,-4.75106,-2.22143,95.3079,5.11835,-53.9499,97.5998,0.738616,91.6874,76.5726,0.734995,-114.042,92.8487,-18.09,103.725,74.3512,-13.4557,34.1348,
-2.29188,18.7353,-4.75106,-2.22143,95.3079,5.11835,-53.9499,97.5998,0.738616,91.6874,76.5726,0.734995,-114.042,92.8487,-18.09,103.725,74.3512,-13.4557,34.1348,
-2.29188,15.3963,-4.75106,-5.56039,95.3079,5.11835,-53.9499,97.5998,0.738616,91.6874,79.9115,-0.983537,-118.568,92.8487,-18.09,103.725,74.3512,-13.4557,34.1348,
-2.29188,15.3963,-4.75106,-5.56039,95.3079,5.11835,-53.9499,97.5998,0.738616,91.6874,79.9115,-0.983537,-118.568,92.8487,-18.09,103.725,74.3512,-13.4557,34.1348,
-2.29188,15.3963,-4.75106,-5.56039,95.3079,5.11835,-53.9499,97.5998,0.738616,91.6874,79.9115,-0.983537,-118.568,92.8487,-18.09,103.725,74.3512,-13.4557,34.1348,
-2.29188,15.3963,-4.75106,-5.56039,95.3079,5.11835,-53.9499,97.5998,0.738616,91.6874,79.9115,-0.983537,-118.568,92.8487,-18.09,103.725,74.3512,-13.4557,34.1348,
-2.43476,15.2534,-4.75106,-5.56039,95.165,6.46651,-57.4445,97.5998,0.738616,91.6874,79.9115,-0.983537,-118.568,92.8487,-18.09,103.725,74.3512,-13.4557,34.1348,
-2.43476,15.2534,-4.75106,-5.56039,95.165,6.46651,-57.4445,97.5998,0.738616,91.6874,79.9115,-0.983537,-118.568,92.8487,-18.09,103.725,74.3512,-13.4557,34.1348,
-2.43476,15.2534,-4.75106,-5.56039,95.165,6.46651,-57.4445,97.5998,0.738616,91.6874,79.9115,-0.983537,-118.568,92.8487,-18.09,103.725,74.3512,-13.4557,34.1348,
-2.43476,15.2534,-4.75106,-5.56039,95.165,6.46651,-57.4445,97.5998,0.738616,91.6874,79.9115,-0.983537,-118.568,92.8487,-18.09,103.725,74.3512,-13.4557,34.1348,
-2.43476,15.2534,-4.75106,-5.56039,95.165,6.46651,-57.4445,97.5998,0.738616,91.6874,79.9115,-0.983537,-118.568,92.8487,-18.09,103.725,74.3512,-13.4557,34.1348,
-2.43476,15.2534,-4.75106,-5.56039,95.165,6.46651,-57.4445,97.5998,0.738616,91.6874,79.9115,-0.983537,-118.568,92.8487,-18.09,103.725,74.3512,-13.4557,34.1348,
-2.43476,11.7492,-4.75106,-9.06461,95.165,6.46651,-57.4445,97.5998,0.738616,91.6874,83.4158,-2.75559,-119.804,92.8487,-18.09,103.725,74.3512,-13.4557,34.1348,
-2.43476,11.7492,-4.75106,-9.06461,95.165,6.46651,-57.4445,97.5998,0.738616,91.6874,83.4158,-2.75559,-119.804,92.8487,-18.09,103.725,74.3512,-13.4557,34.1348,
-2.43476,11.7492,-4.75106,-5.64951,95.165,6.46651,-57.4445,97.5998,0.738616,91.6874,83.4158,-2.75559,-119.804,92.8487,-18.09,103.725,77.7663,-14.9768,31.528,
-2.43476,11.7492,-4.75106,-5.64951,95.165,6.46651,-57.4445,97.5998,0.738616,91.6874,83.4158,-2.75559,-119.804,92.8487,-18.09,103.725,77.7663,-14.9768,31.528,
-2.43476,11.14,-4.75106,-6.25873,95.165,6.46651,-57.4445,97.5998,0.738616,91.6874,84.025,-3.13607,-120.763,92.8487,-18.09,103.725,77.7663,-14.9768,31.528,
-2.43476,11.14,-4.75106,-6.25873,95.165,6.46651,-57.4445,97.5998,0.738616,91.6874,84.025,-3.13607,-120.763,92.8487,-18.09,103.725,77.7663,-14.9768,31.528,
-2.43476,11.14,-4.75106,-5.63394,95.165,6.46651,-57.4445,97.5998,0.738616,91.6874,84.025,-3.13607,-120.763,92.8487,-18.09,103.725,78.391,-14.908,31.9425,
-2.43476,11.14,-4.75106,-5.63394,95.165,6.46651,-57.4445,97.5998,0.738616,91.6874,84.025,-3.13607,-120.763,92.8487,-18.09,103.725,78.391,-14.908,31.9425,
-2.42514,11.1496,-4.75106,-5.63394,95.1746,6.79299,-58.2325,97.5998,0.738616,91.6874,84.025,-3.13607,-120.763,92.8487,-18.09,103.725,78.391,-14.908,31.9425,
-2.42514,11.1496,-4.75106,-5.63394,95.1746,6.79299,-58.2325,97.5998,0.738616,91.6874,84.025,-3.13607,-120.763,92.8487,-18.09,103.725,78.391,-14.908,31.9425,
-2.42514,10.4998,-4.75106,-6.28376,95.1746,6.79299,-58.2325,97.5998,0.738616,91.6874,84.6748,-3.51239,-122.025,92.8487,-18.09,103.725,78.391,-14.908,31.9425,
-2.42514,10.4998,-4.75106,-6.28376,95.1746,6.79299,-58.2325,97.5998,0.738616,91.6874,84.6748,-3.51239,-122.025,92.8487,-18.09,103.725,78.391,-14.908,31.9425,
-3.0242,10.4998,-5.34195,-6.28376,95.1746,6.79299,-58.2325,98.1988,-0.280439,91.2518,84.6748,-3.51239,-122.025,92.8569,-19.1827,104.864,78.391,-14.908,31.9425,
-3.0242,10.4998,-5.34195,-6.28376,95.1746,6.79299,-58.2325,98.1988,-0.280439,91.2518,84.6748,-3.51239,-122.025,92.8569,-19.1827,104.864,78.391,-14.908,31.9425,
-3.33977,9.92709,-5.65552,-6.85449,95.1726,6.9159,-58.6481,98.5124,-1.35188,89.2463,85.2455,-3.79526,-123.241,92.8569,-19.1827,104.864,78.391,-14.908,31.9425,
-3.33977,9.92709,-5.65552,-6.85449,95.1726,6.9159,-58.6481,98.5124,-1.35188,89.2463,85.2455,-3.79526,-123.241,92.8569,-19.1827,104.864,78.391,-14.908,31.9425,
-3.33977,9.92709,-5.65552,-4.32274,95.1726,6.9159,-58.6481,98.5124,-1.35188,89.2463,85.2455,-3.79526,-123.241,92.8569,-19.1827,104.864,80.9228,-15.244,30.1014,
-3.33977,9.92709,-5.65552,-4.32274,95.1726,6.9159,-58.6481,98.5124,-1.35188,89.2463,85.2455,-3.79526,-123.241,92.8569,-19.1827,104.864,80.9228,-15.244,30.1014,
-3.4359,9.94965,-5.77422,-4.32274,95.1952,7.02732,-59.1028,98.6311,-1.84513,88.2224,85.2455,-3.79526,-123.241,92.8569,-19.1827,104.864,80.9228,-15.244,30.1014,
-3.4359,9.94965,-5.77422,-4.32274,95.1952,7.02732,-59.1028,98.6311,-1.84513,88.2224,85.2455,-3.79526,-123.241,92.8569,-19.1827,104.864,80.9228,-15.244,30.1014,
-3.4359,9.94965,-5.77422,-4.32274,95.1952,7.02732,-59.1028,98.6311,-1.84513,88.2224,85.2455,-3.79526,-123.241,92.8569,-19.1827,104.864,80.9228,-15.244,30.1014,
-3.4359,9.94965,-5.77422,-4.32274,95.1952,7.02732,-59.1028,98.6311,-1.84513,88.2224,85.2455,-3.79526,-123.241,92.8569,-19.1827,104.864,80.9228,-15.244,30.1014,
