-106.07,-40.9789,-32.3921,28.9686,0,0,0,106.07,11.115,-169.508,40.9789,-5.76178,-155.357,73.6775,13.9447,-154.108,69.9475,-8.81306,172.229,
-106.07,-40.9789,-32.3921,28.9686,0,0,0,106.07,11.115,-169.508,40.9789,-5.76178,-155.357,73.6775,13.9447,-154.108,69.9475,-8.81306,172.229,
-106.07,-40.9789,-32.3921,28.9767,0,0,0,106.07,11.115,-169.508,40.9789,-5.76178,-155.357,73.6775,13.9447,-154.108,69.9556,-8.81708,172.228,
-106.113,-40.9789,-32.4358,28.9767,0,0,0,106.113,11.1212,-169.539,40.9789,-5.76178,-155.357,73.6775,13.9447,-154.108,69.9556,-8.81708,172.228,
-106.113,-40.9655,-32.4358,28.9901,0,0,0,106.113,11.1212,-169.539,40.9655,-5.78241,-155.355,73.6775,13.9447,-154.108,69.9556,-8.81708,172.228,
-106.113,-40.9677,-32.4358,28.9878,0,0,0,106.113,11.1212,-169.539,40.9677,-5.79792,-155.355,73.6775,13.9447,-154.108,69.9556,-8.81708,172.228,
-106.113,-40.9677,-32.4197,28.9878,0,0,0,106.113,11.1212,-169.539,40.9677,-5.79792,-155.355,73.6937,13.952,-154.104,69.9556,-8.81708,172.228,
-106.081,-40.9677,-32.387,28.9878,0,0,0,106.081,11.1187,-169.546,40.9677,-5.79792,-155.355,73.6937,13.952,-154.104,69.9556,-8.81708,172.228,
-106.081,-40.9677,-32.387,28.9878,0,0,0,106.081,11.1187,-169.546,40.9677,-5.79792,-155.355,73.6937,13.952,-154.104,69.9556,-8.81708,172.228,
-106.081,-40.9677,-32.387,28.9878,0,0,0,106.081,11.1187,-169.546,40.9677,-5.79792,-155.355,73.6937,13.952,-154.104,69.9556,-8.81708,172.228,
-106.081,-40.9805,-32.3925,28.9751,0,0,0,106.081,11.1187,-169.546,40.9805,-5.83396,-155.119,73.6882,13.9414,-154.135,69.9556,-8.81708,172.228,
-106.081,-40.9805,-32.4078,28.9948,0,0,0,106.081,11.1187,-169.546,40.9805,-5.83396,-155.119,73.6728,13.9443,-154.138,69.9753,-8.82431,172.225,
-106.081,-40.9805,-32.4078,29.0188,0,0,0,106.081,11.1187,-169.546,40.9805,-5.83396,-155.119,73.6728,13.9443,-154.138,69.9993,-8.83519,172.231,
-106.075,-40.9805,-32.4022,29.0188,0,0,0,106.075,11.121,-169.547,40.9805,-5.83396,-155.119,73.6728,13.9443,-154.138,69.9993,-8.83519,172.231,
-106.075,-40.9671,-32.4022,29.0322,0,0,0,106.075,11.121,-169.547,40.9671,-5.82727,-155.117,73.6728,13.9443,-154.138,69.9993,-8.83519,172.231,
-106.075,-40.9671,-32.4022,29.0322,0,0,0,106.075,11.121,-169.547,40.9671,-5.82727,-155.117,73.6728,13.9443,-154.138,69.9993,-8.83519,172.231,
-106.075,-40.9671,-32.4004,29.0322,0,0,0,106.075,11.121,-169.547,40.9671,-5.82727,-155.117,73.6747,13.9474,-154.138,69.9993,-8.83519,172.231,
-106.075,-40.9671,-32.4004,29.0231,0,0,0,106.075,11.121,-169.547,40.9671,-5.82727,-155.117,73.6747,13.9474,-154.138,69.9901,-8.82964,172.232,
-106.075,-40.9671,-32.3863,29.0231,0,0,0,106.075,11.121,-169.547,40.9671,-5.82727,-155.117,73.6888,13.9392,-154.135,69.9901,-8.82964,172.232,
-106.075,-40.9435,-32.3863,29.0466,0,0,0,106.075,11.121,-169.547,40.9435,-5.80971,-155.115,73.6888,13.9392,-154.135,69.9901,-8.82964,172.232,
-106.075,-40.9435,-32.3863,29.0466,0,0,0,106.075,11.121,-169.547,40.9435,-5.80971,-155.115,73.6888,13.9392,-154.135,69.9901,-8.82964,172.232,
-106.075,-40.9435,-32.3863,29.0466,0,0,0,106.075,11.121,-169.547,40.9435,-5.80971,-155.115,73.6888,13.9392,-154.135,69.9901,-8.82964,172.232,
-106.075,-40.9391,-32.3759,29.051,0,0,0,106.075,11.121,-169.547,40.9391,-5.7956,-155.115,73.6991,13.9155,-154.132,69.9901,-8.82964,172.232,
-106.075,-40.9391,-32.3759,29.0309,0,0,0,106.075,11.121,-169.547,40.9391,-5.7956,-155.115,73.6991,13.9155,-154.132,69.97,-8.82788,172.235,
-106.109,-40.9391,-32.4103,29.0309,0,0,0,106.109,11.1106,-169.519,40.9391,-5.7956,-155.115,73.6991,13.9155,-154.132,69.97,-8.82788,172.235,
-106.115,-40.9391,-32.4158,29.0309,0,0,0,106.115,11.0943,-169.518,40.9391,-5.7956,-155.115,73.6991,13.9155,-154.132,69.97,-8.82788,172.235,
-106.115,-40.9391,-32.4158,29.0309,0,0,0,106.115,11.0943,-169.518,40.9391,-5.7956,-155.115,73.6991,13.9155,-154.132,69.97,-8.82788,172.235,
-106.115,-40.9391,-32.4158,29.0309,0,0,0,106.115,11.0943,-169.518,40.9391,-5.7956,-155.115,73.6991,13.9155,-154.132,69.97,-8.82788,172.235,
-106.088,-40.9391,-32.3884,29.0309,0,0,0,106.088,11.0903,-169.523,40.9391,-5.7956,-155.115,73.6991,13.9155,-154.132,69.97,-8.82788,172.235,
-106.088,-40.9391,-32.3884,29.0223,0,0,0,106.088,11.0903,-169.523,40.9391,-5.7956,-155.115,73.6991,13.9155,-154.132,69.9615,-8.83083,172.237,
-106.088,-40.9391,-32.3884,29.0223,0,0,0,106.088,11.0903,-169.523,40.9391,-5.7956,-155.115,73.6991,13.9155,-154.132,69.9615,-8.83083,172.237,
-106.088,-40.9391,-32.3884,29.0223,0,0,0,106.088,11.0903,-169.523,40.9391,-5.7956,-155.115,73.6991,13.9155,-154.132,69.9615,-8.83083,172.237,
-106.088,-40.9391,-32.3884,29.0223,0,0,0,106.088,11.0903,-169.523,40.9391,-5.7956,-155.115,73.6991,13.9155,-154.132,69.9615,-8.83083,172.237,
-106.082,-40.9391,-32.3831,29.0223,0,0,0,106.082,11.0864,-169.524,40.9391,-5.7956,-155.115,73.6991,13.9155,-154.132,69.9615,-8.83083,172.237,
-106.082,-40.9391,-32.3831,29.0223,0,0,0,106.082,11.0864,-169.524,40.9391,-5.7956,-155.115,73.6991,13.9155,-154.132,69.9615,-8.83083,172.237,
-106.082,-40.9391,-32.4006,29.0389,0,0,0,106.082,11.0864,-169.524,40.9391,-5.7956,-155.115,73.6816,13.9198,-154.006,69.9781,-8.82073,172.234,
-106.082,-40.9391,-32.4006,29.0722,0,0,0,106.082,11.0864,-169.524,40.9391,-5.7956,-155.115,73.6816,13.9198,-154.006,70.0113,-8.81006,172.339,
-106.077,-40.9391,-32.3952,29.0722,0,0,0,106.077,11.0917,-169.525,40.9391,-5.7956,-155.115,73.6816,13.9198,-154.006,70.0113,-8.81006,172.339,
-106.077,-40.9391,-32.3952,29.0722,0,0,0,106.077,11.0917,-169.525,40.9391,-5.7956,-155.115,73.6816,13.9198,-154.006,70.0113,-8.81006,172.339,
-106.077,-40.9391,-32.3952,29.0722,0,0,0,106.077,11.0917,-169.525,40.9391,-5.7956,-155.115,73.6816,13.9198,-154.006,70.0113,-8.81006,172.339,
-106.077,-40.9391,-32.3952,29.0722,0,0,0,106.077,11.0917,-169.525,40.9391,-5.7956,-155.115,73.6816,13.9198,-154.006,70.0113,-8.81006,172.339,
-106.077,-40.9372,-32.3952,29.0742,0,0,0,106.077,11.0917,-169.525,40.9372,-5.83545,-155.089,73.6816,13.9198,-154.006,70.0113,-8.81006,172.339,
-106.077,-40.9385,-32.3952,29.0728,0,0,0,106.077,11.0917,-169.525,40.9385,-5.84439,-155.089,73.6816,13.9198,-154.006,70.0113,-8.81006,172.339,
-106.077,-40.9385,-32.3952,29.0728,0,0,0,106.077,11.0917,-169.525,40.9385,-5.84439,-155.089,73.6816,13.9198,-154.006,70.0113,-8.81006,172.339,
-106.077,-40.9385,-32.3952,29.0452,0,0,0,106.077,11.0917,-169.525,40.9385,-5.84439,-155.089,73.6816,13.9198,-154.006,69.9837,-8.81669,172.344,
-106.074,-40.9385,-32.3923,29.0452,0,0,0,106.074,11.0745,-169.454,40.9385,-5.84439,-155.089,73.6816,13.9198,-154.006,69.9837,-8.81669,172.344,
-106.074,-40.9385,-32.3923,29.0452,0,0,0,106.074,11.0745,-169.454,40.9385,-5.84439,-155.089,73.6816,13.9198,-154.006,69.9837,-8.81669,172.344,
-106.074,-40.9247,-32.3923,29.059,0,0,0,106.074,11.0745,-169.454,40.9247,-5.8406,-155.087,73.6816,13.9198,-154.006,69.9837,-8.81669,172.344,
-106.074,-40.9255,-32.3835,29.0581,0,0,0,106.074,11.0745,-169.454,40.9255,-5.84059,-155.088,73.6904,13.9114,-154.004,69.9837,-8.81669,172.344,
-106.074,-40.9255,-32.3839,29.0581,0,0,0,106.074,11.0745,-169.454,40.9255,-5.84059,-155.088,73.69,13.9123,-154.004,69.9837,-8.81669,172.344,
-106.074,-40.9255,-32.3648,29.0613,0,0,0,106.074,11.0745,-169.454,40.9255,-5.84059,-155.088,73.7092,13.9005,-154,69.9868,-8.82011,172.343,
-106.08,-40.9255,-32.3708,29.0552,0,0,0,106.08,11.0578,-169.453,40.9255,-5.84059,-155.088,73.7092,13.9005,-154,69.9808,-8.80374,172.344,
-106.08,-40.9255,-32.3708,29.0552,0,0,0,106.08,11.0578,-169.453,40.9255,-5.84059,-155.088,73.7092,13.9005,-154,69.9808,-8.80374,172.344,
-106.08,-40.9452,-32.3708,29.0356,0,0,0,106.08,11.0578,-169.453,40.9452,-5.85865,-155.045,73.7092,13.9005,-154,69.9808,-8.80374,172.344,
-106.08,-40.9452,-32.3806,29.0356,0,0,0,106.08,11.0578,-169.453,40.9452,-5.85865,-155.045,73.6994,13.8815,-154.002,69.9808,-8.80374,172.344,
-106.115,-40.9452,-32.4159,29.0356,0,0,0,106.115,11.0509,-169.446,40.9452,-5.85865,-155.045,73.6994,13.8815,-154.002,69.9808,-8.80374,172.344,
-106.115,-40.9452,-32.4159,29.0356,0,0,0,106.115,11.0509,-169.446,40.9452,-5.85865,-155.045,73.6994,13.8815,-154.002,69.9808,-8.80374,172.344,
-106.115,-40.9477,-32.4159,29.0331,0,0,0,106.115,11.0509,-169.446,40.9477,-5.86925,-155.045,73.6994,13.8815,-154.002,69.9808,-8.80374,172.344,
-106.115,-40.9477,-32.3848,29.0331,0,0,0,106.115,11.0509,-169.446,40.9477,-5.86925,-155.045,73.7305,13.8611,-153.98,69.9808,-8.80374,172.344,
-106.121,-40.9477,-32.3909,29.0273,0,0,0,106.121,11.0495,-169.445,40.9477,-5.86925,-155.045,73.7305,13.8611,-153.98,69.975,-8.81318,172.321,
-106.121,-40.9477,-32.3909,29.0273,0,0,0,106.121,11.0495,-169.445,40.9477,-5.86925,-155.045,73.7305,13.8611,-153.98,69.975,-8.81318,172.321,
-106.121,-40.9477,-32.3909,29.0273,0,0,0,106.121,11.0495,-169.445,40.9477,-5.86925,-155.045,73.7305,13.8611,-153.98,69.975,-8.81318,172.321,
-106.121,-40.9603,-32.3909,29.0147,0,0,0,106.121,11.0495,-169.445,40.9603,-5.87304,-155.047,73.7305,13.8611,-153.98,69.975,-8.81318,172.321,
-106.121,-40.9603,-32.3855,29.0139,0,0,0,106.121,11.0495,-169.445,40.9603,-5.87304,-155.047,73.7359,13.8553,-153.979,69.9742,-8.78132,172.321,
-106.121,-40.9603,-32.3855,29.0139,0,0,0,106.121,11.0495,-169.445,40.9603,-5.87304,-155.047,73.7359,13.8553,-153.979,69.9742,-8.78132,172.321,
-106.121,-40.9603,-32.3855,29.0139,0,0,0,106.121,11.0495,-169.445,40.9603,-5.87304,-155.047,73.7359,13.8553,-153.979,69.9742,-8.78132,172.321,
-106.121,-40.9603,-32.3855,29.0139,0,0,0,106.121,11.0495,-169.445,40.9603,-5.87304,-155.047,73.7359,13.8553,-153.979,69.9742,-8.78132,172.321,
-106.121,-40.9657,-32.3855,29.0085,0,0,0,106.121,11.0495,-169.445,40.9657,-5.87549,-155.047,73.7359,13.8553,-153.979,69.9742,-8.78132,172.321,
-106.121,-40.9657,-32.3955,29.0162,0,0,0,106.121,11.0495,-169.445,40.9657,-5.87549,-155.047,73.726,13.8597,-153.981,69.9819,-8.79059,172.32,
-106.121,-40.9657,-32.3955,29.0162,0,0,0,106.121,11.0495,-169.445,40.9657,-5.87549,-155.047,73.726,13.8597,-153.981,69.9819,-8.79059,172.32,
-106.121,-40.9817,-32.3955,29.0002,0,0,0,106.121,11.0495,-169.445,40.9817,-5.86756,-155.049,73.726,13.8597,-153.981,69.9819,-8.79059,172.32,
-106.121,-40.9817,-32.3955,29.0002,0,0,0,106.121,11.0495,-169.445,40.9817,-5.86756,-155.049,73.726,13.8597,-153.981,69.9819,-8.79059,172.32,
-106.121,-40.9817,-32.4123,29.016,0,0,0,106.121,11.0495,-169.445,40.9817,-5.86756,-155.049,73.7092,13.8586,-153.986,69.9977,-8.80842,172.318,
-106.121,-40.9817,-32.4123,29.0236,0,0,0,106.121,11.0495,-169.445,40.9817,-5.86756,-155.049,73.7092,13.8586,-153.986,70.0053,-8.80693,172.316,
-106.107,-40.9817,-32.398,29.0236,0,0,0,106.107,11.0306,-169.387,40.9817,-5.86756,-155.049,73.7092,13.8586,-153.986,70.0053,-8.80693,172.316,
-106.107,-40.9817,-32.398,29.0236,0,0,0,106.107,11.0306,-169.387,40.9817,-5.86756,-155.049,73.7092,13.8586,-153.986,70.0053,-8.80693,172.316,
-106.107,-40.9565,-32.398,29.0489,0,0,0,106.107,11.0306,-169.387,40.9565,-5.87593,-155.245,73.7092,13.8586,-153.986,70.0053,-8.80693,172.316,
-106.107,-40.9565,-32.398,29.0489,0,0,0,106.107,11.0306,-169.387,40.9565,-5.87593,-155.245,73.7092,13.8586,-153.986,70.0053,-8.80693,172.316,
-106.107,-40.9565,-32.398,29.0489,0,0,0,106.107,11.0306,-169.387,40.9565,-5.87593,-155.245,73.7092,13.8586,-153.986,70.0053,-8.80693,172.316,
-106.107,-40.9565,-32.398,29.0489,0,0,0,106.107,11.0306,-169.387,40.9565,-5.87593,-155.245,73.7092,13.8586,-153.986,70.0053,-8.80693,172.316,
-106.107,-40.9565,-32.398,29.0489,0,0,0,106.107,11.0306,-169.387,40.9565,-5.87593,-155.245,73.7092,13.8586,-153.986,70.0053,-8.80693,172.316,
-106.107,-40.9565,-32.398,29.0489,0,0,0,106.107,11.0306,-169.387,40.9565,-5.87593,-155.245,73.7092,13.8586,-153.986,70.0053,-8.80693,172.316,
-106.107,-40.9565,-32.398,29.0428,0,0,0,106.107,11.0306,-169.387,40.9565,-5.87593,-155.245,73.7092,13.8586,-153.986,69.9993,-8.81146,172.364,
-106.108,-40.9565,-32.3992,29.0428,0,0,0,106.108,11.019,-169.387,40.9565,-5.87593,-155.245,73.7092,13.8586,-153.986,69.9993,-8.81146,172.364,
-106.127,-40.9565,-32.4176,29.0428,0,0,0,106.127,11.0098,-169.383,40.9565,-5.87593,-155.245,73.7092,13.8586,-153.986,69.9993,-8.81146,172.364,
-106.127,-40.9545,-32.4176,29.0448,0,0,0,106.127,11.0098,-169.383,40.9545,-5.86293,-155.245,73.7092,13.8586,-153.986,69.9993,-8.81146,172.364,
-106.127,-40.9657,-32.4176,29.0336,0,0,0,106.127,11.0098,-169.383,40.9657,-5.85513,-155.246,73.7092,13.8586,-153.986,69.9993,-8.81146,172.364,
-106.127,-40.9657,-32.4143,29.0366,0,0,0,106.127,11.0098,-169.383,40.9657,-5.85513,-155.246,73.7124,13.8625,-153.972,70.0024,-8.80535,172.363,
-106.127,-40.9657,-32.4143,29.0366,0,0,0,106.127,11.0098,-169.383,40.9657,-5.85513,-155.246,73.7124,13.8625,-153.972,70.0024,-8.80535,172.363,
-106.127,-40.9892,-32.4143,29.0132,0,0,0,106.127,11.0098,-169.383,40.9892,-5.8477,-155.248,73.7124,13.8625,-153.972,70.0024,-8.80535,172.363,
-106.127,-40.9892,-32.4291,29.0132,0,0,0,106.127,11.0098,-169.383,40.9892,-5.8477,-155.248,73.6977,13.8537,-153.975,70.0024,-8.80535,172.363,
-106.127,-40.9892,-32.4291,29.0294,0,0,0,106.127,11.0098,-169.383,40.9892,-5.8477,-155.248,73.6977,13.8537,-153.975,70.0186,-8.79725,172.361,
-106.127,-40.9979,-32.4291,29.0207,0,0,0,106.127,11.0098,-169.383,40.9979,-5.8607,-155.249,73.6977,13.8537,-153.975,70.0186,-8.79725,172.361,
-106.127,-40.9979,-32.4291,29.0207,0,0,0,106.127,11.0098,-169.383,40.9979,-5.8607,-155.249,73.6977,13.8537,-153.975,70.0186,-8.79725,172.361,
-106.127,-40.9979,-32.4291,29.0487,0,0,0,106.127,11.0098,-169.383,40.9979,-5.8607,-155.249,73.6977,13.8537,-153.975,70.0466,-8.78591,172.357,
-106.127,-40.9979,-32.4291,29.0487,0,0,0,106.127,11.003,-169.385,40.9979,-5.8607,-155.249,73.6977,13.8537,-153.975,70.0466,-8.78591,172.357,
-106.157,-40.9979,-32.4589,29.0487,0,0,0,106.157,10.9875,-169.576,40.9979,-5.8607,-155.249,73.6977,13.8537,-153.975,70.0466,-8.78591,172.357,
-106.157,-40.9979,-32.4599,29.0487,0,0,0,106.157,10.9875,-169.576,40.9979,-5.8607,-155.249,73.6967,13.8541,-153.976,70.0466,-8.78591,172.357,
-106.157,-40.9979,-32.4599,29.0471,0,0,0,106.157,10.9875,-169.576,40.9979,-5.8607,-155.249,73.6967,13.8541,-153.976,70.045,-8.8012,172.357,
-106.183,-40.9979,-32.4862,29.0471,0,0,0,106.183,10.9984,-169.571,40.9979,-5.8607,-155.249,73.6967,13.8541,-153.976,70.045,-8.8012,172.357,
-106.183,-40.9979,-32.4862,29.0471,0,0,0,106.183,10.9984,-169.571,40.9979,-5.8607,-155.249,73.6967,13.8541,-153.976,70.045,-8.8012,172.357,
-106.183,-40.9892,-32.4862,29.0558,0,0,0,106.183,10.9984,-169.571,40.9892,-5.90188,-155.137,73.6967,13.8541,-153.976,70.045,-8.8012,172.357,
-106.183,-40.9892,-32.4925,29.0558,0,0,0,106.183,10.9984,-169.571,40.9892,-5.90188,-155.137,73.6904,13.8243,-154.025,70.045,-8.8012,172.357,
-106.183,-40.9892,-32.4925,29.0558,0,0,0,106.183,10.9984,-169.571,40.9892,-5.90188,-155.137,73.6904,13.8243,-154.025,70.045,-8.8012,172.357,
-106.183,-40.9892,-32.4925,29.0558,0,0,0,106.183,10.9984,-169.571,40.9892,-5.90188,-155.137,73.6904,13.8243,-154.025,70.045,-8.8012,172.357,
-106.183,-40.9892,-32.4925,29.0558,0,0,0,106.183,10.9984,-169.571,40.9892,-5.90188,-155.137,73.6904,13.8243,-154.025,70.045,-8.8012,172.357,
-106.183,-40.9635,-32.4925,29.0814,0,0,0,106.183,10.9984,-169.571,40.9635,-5.90674,-155.134,73.6904,13.8243,-154.025,70.045,-8.8012,172.357,
-106.183,-40.9635,-32.4925,29.0814,0,0,0,106.183,10.9984,-169.571,40.9635,-5.90674,-155.134,73.6904,13.8243,-154.025,70.045,-8.8012,172.357,
-106.183,-40.9635,-32.4925,29.0676,0,0,0,106.183,10.9984,-169.571,40.9635,-5.90674,-155.134,73.6904,13.8243,-154.025,70.0312,-8.81032,172.359,
-106.201,-40.9635,-32.5102,29.0755,0,0,0,106.201,10.978,-169.567,40.9635,-5.90674,-155.134,73.6904,13.8243,-154.025,70.0391,-8.81255,172.572,
-106.214,-40.9635,-32.5239,29.0755,0,0,0,106.214,10.983,-169.565,40.9635,-5.90674,-155.134,73.6904,13.8243,-154.025,70.0391,-8.81255,172.572,
-106.214,-40.9635,-32.5239,29.0839,0,0,0,106.214,10.983,-169.565,40.9635,-5.90674,-155.134,73.6904,13.8243,-154.025,70.0475,-8.8197,172.571,
-106.214,-40.9635,-32.5239,29.0839,0,0,0,106.214,10.983,-169.565,40.9635,-5.90674,-155.134,73.6904,13.8243,-154.025,70.0475,-8.8197,172.571,
-106.214,-40.9424,-32.5239,29.105,0,0,0,106.214,10.983,-169.565,40.9424,-5.92032,-155.132,73.6904,13.8243,-154.025,70.0475,-8.8197,172.571,
-106.214,-40.9424,-32.5239,29.105,0,0,0,106.214,10.983,-169.565,40.9424,-5.92032,-155.132,73.6904,13.8243,-154.025,70.0475,-8.8197,172.571,
-106.214,-40.9424,-32.5141,29.105,0,0,0,106.214,10.983,-169.565,40.9424,-5.92032,-155.132,73.7003,13.8158,-154.023,70.0475,-8.8197,172.571,
-106.214,-40.9424,-32.5282,29.105,0,0,0,106.214,10.983,-169.565,40.9424,-5.92032,-155.132,73.6862,13.8248,-154.026,70.0475,-8.8197,172.571,
-106.214,-40.9424,-32.5305,29.1103,0,0,0,106.214,10.983,-169.565,40.9424,-5.92032,-155.132,73.6839,13.8315,-154.027,70.0528,-8.83078,172.57,
-106.214,-40.9424,-32.5305,29.1103,0,0,0,106.214,10.983,-169.565,40.9424,-5.92032,-155.132,73.6839,13.8315,-154.027,70.0528,-8.83078,172.57,
-106.214,-40.9424,-32.5305,29.1103,0,0,0,106.214,10.983,-169.565,40.9424,-5.92032,-155.132,73.6839,13.8315,-154.027,70.0528,-8.83078,172.57,
-106.214,-40.9424,-32.5305,29.1103,0,0,0,106.214,10.983,-169.565,40.9424,-5.92032,-155.132,73.6839,13.8315,-154.027,70.0528,-8.83078,172.57,
-106.214,-40.9424,-32.5305,29.1103,0,0,0,106.214,10.983,-169.565,40.9424,-5.92032,-155.132,73.6839,13.8315,-154.027,70.0528,-8.83078,172.57,
-106.214,-40.9424,-32.5305,29.1103,0,0,0,106.214,10.983,-169.565,40.9424,-5.92032,-155.132,73.6839,13.8315,-154.027,70.0528,-8.83078,172.57,
-106.214,-40.9254,-32.5305,29.1274,0,0,0,106.214,10.983,-169.565,40.9254,-5.92804,-155.13,73.6839,13.8315,-154.027,70.0528,-8.83078,172.57,
-106.214,-40.9254,-32.5267,29.1274,0,0,0,106.214,10.983,-169.565,40.9254,-5.92804,-155.13,73.6876,13.837,-154.026,70.0528,-8.83078,172.57,
-106.214,-40.9254,-32.5267,29.1274,0,0,0,106.214,10.983,-169.565,40.9254,-5.92804,-155.13,73.6876,13.837,-154.026,70.0528,-8.83078,172.57,
-106.214,-40.9254,-32.5267,29.1225,0,0,0,106.214,10.983,-169.565,40.9254,-5.92804,-155.13,73.6876,13.837,-154.026,70.0479,-8.82199,172.57,
-106.078,-40.9254,-32.3906,29.1225,0,0,0,106.078,10.9794,-169.483,40.9254,-5.92804,-155.13,73.6876,13.837,-154.026,70.0479,-8.82199,172.57,
-106.032,-40.9254,-32.3444,29.1225,0,0,0,106.032,10.9887,-169.492,40.9254,-5.92804,-155.13,73.6876,13.837,-154.026,70.0479,-8.82199,172.57,
-106.032,-40.9175,-32.3444,29.1304,0,0,0,106.032,10.9887,-169.492,40.9175,-5.90407,-155.081,73.6876,13.837,-154.026,70.0479,-8.82199,172.57,
-106.032,-40.9175,-32.3514,29.1304,0,0,0,106.032,10.9887,-169.492,40.9175,-5.90407,-155.081,73.6806,13.8345,-154.043,70.0479,-8.82199,172.57,
-106.032,-40.9175,-32.3514,29.14,0,0,0,106.032,10.9887,-169.492,40.9175,-5.90407,-155.081,73.6806,13.8345,-154.043,70.0574,-8.82471,172.679,
-106.032,-40.9175,-32.3514,29.14,0,0,0,106.032,10.9887,-169.492,40.9175,-5.90407,-155.081,73.6806,13.8345,-154.043,70.0574,-8.82471,172.679,
-106.032,-40.9163,-32.3724,29.1411,0,0,0,106.032,10.9887,-169.492,40.9163,-5.88176,-155.081,73.6596,13.833,-154.048,70.0574,-8.82471,172.679,
-106.032,-40.9163,-32.3673,29.1411,0,0,0,106.032,10.9887,-169.492,40.9163,-5.88176,-155.081,73.6648,13.8426,-154.047,70.0574,-8.82471,172.679,
-106.036,-40.9163,-32.3715,29.1207,0,0,0,106.036,10.9832,-169.491,40.9163,-5.88176,-155.081,73.6648,13.8426,-154.047,70.037,-8.80252,172.682,
-106.036,-40.9105,-32.3715,29.1265,0,0,0,106.036,10.9832,-169.491,40.9105,-5.8891,-155.08,73.6648,13.8426,-154.047,70.037,-8.80252,172.682,
-106.036,-40.9105,-32.3715,29.1265,0,0,0,106.036,10.9832,-169.491,40.9105,-5.8891,-155.08,73.6648,13.8426,-154.047,70.037,-8.80252,172.682,
-106.036,-40.9105,-32.3715,29.1455,0,0,0,106.036,10.9832,-169.491,40.9105,-5.8891,-155.08,73.6648,13.8426,-154.047,70.056,-8.82277,172.679,
-106.046,-40.9105,-32.3809,29.1455,0,0,0,106.046,10.9849,-169.49,40.9105,-5.8891,-155.08,73.6648,13.8426,-154.047,70.056,-8.82277,172.679,
-106.046,-40.9073,-32.3809,29.1487,0,0,0,106.046,10.9849,-169.49,40.9073,-5.90025,-155.08,73.6648,13.8426,-154.047,70.056,-8.82277,172.679,
-106.046,-40.9073,-32.3781,29.1487,0,0,0,106.046,10.9849,-169.49,40.9073,-5.90025,-155.08,73.6676,13.8285,-154.046,70.056,-8.82277,172.679,
-106.046,-40.9073,-32.3781,29.1487,0,0,0,106.046,10.9849,-169.49,40.9073,-5.90025,-155.08,73.6676,13.8285,-154.046,70.056,-8.82277,172.679,
-106.046,-40.9073,-32.3781,29.1599,0,0,0,106.046,10.9849,-169.49,40.9073,-5.90025,-155.08,73.6676,13.8285,-154.046,70.0671,-8.82063,172.677,
-106.045,-40.9073,-32.3778,29.1599,0,0,0,106.045,10.9834,-169.384,40.9073,-5.90025,-155.08,73.6676,13.8285,-154.046,70.0671,-8.82063,172.677,
-106.045,-40.9073,-32.3778,29.1599,0,0,0,106.045,10.9834,-169.384,40.9073,-5.90025,-155.08,73.6676,13.8285,-154.046,70.0671,-8.82063,172.677,
-106.058,-40.9073,-32.3908,29.1599,0,0,0,106.058,10.9813,-169.381,40.9073,-5.90025,-155.08,73.6676,13.8285,-154.046,70.0671,-8.82063,172.677,
-106.058,-40.9073,-32.3935,29.1563,0,0,0,106.058,10.9813,-169.381,40.9073,-5.90025,-155.08,73.6649,13.8228,-154.047,70.0635,-8.8207,172.678,
-106.058,-40.9073,-32.3935,29.1563,0,0,0,106.058,10.9813,-169.381,40.9073,-5.90025,-155.08,73.6649,13.8228,-154.047,70.0635,-8.8207,172.678,
-106.058,-40.9073,-32.3935,29.1563,0,0,0,106.058,10.9813,-169.381,40.9073,-5.90025,-155.08,73.6649,13.8228,-154.047,70.0635,-8.8207,172.678,
-106.058,-40.9073,-32.3935,29.1563,0,0,0,106.058,10.9813,-169.381,40.9073,-5.90025,-155.08,73.6649,13.8228,-154.047,70.0635,-8.8207,172.678,
-106.047,-40.9073,-32.3823,29.1563,0,0,0,106.047,10.9844,-169.384,40.9073,-5.90025,-155.08,73.6649,13.8228,-154.047,70.0635,-8.8207,172.678,
-106.047,-40.9053,-32.3823,29.1582,0,0,0,106.047,10.9844,-169.384,40.9053,-5.94216,-155.164,73.6649,13.8228,-154.047,70.0635,-8.8207,172.678,
-106.047,-40.9053,-32.3925,29.1791,0,0,0,106.047,10.9844,-169.384,40.9053,-5.94216,-155.164,73.6547,13.8333,-153.992,70.0844,-8.83544,172.675,
-106.047,-40.9053,-32.3925,29.1791,0,0,0,106.047,10.9844,-169.384,40.9053,-5.94216,-155.164,73.6547,13.8333,-153.992,70.0844,-8.83544,172.675,
-106.047,-40.9053,-32.3925,29.1791,0,0,0,106.047,10.9844,-169.384,40.9053,-5.94216,-155.164,73.6547,13.8333,-153.992,70.0844,-8.83544,172.675,
-106.047,-40.9053,-32.385,29.1791,0,0,0,106.047,10.9844,-169.384,40.9053,-5.94216,-155.164,73.6622,13.8394,-153.99,70.0844,-8.83544,172.675,
-106.047,-40.9053,-32.385,29.1791,0,0,0,106.047,10.9844,-169.384,40.9053,-5.94216,-155.164,73.6622,13.8394,-153.99,70.0844,-8.83544,172.675,
-106.047,-40.9053,-32.385,29.1791,0,0,0,106.047,10.9844,-169.384,40.9053,-5.94216,-155.164,73.6622,13.8394,-153.99,70.0844,-8.83544,172.675,
-106.047,-40.9053,-32.385,29.1791,0,0,0,106.047,10.9844,-169.384,40.9053,-5.94216,-155.164,73.6622,13.8394,-153.99,70.0844,-8.83544,172.675,
-106.047,-40.9053,-32.385,29.1791,0,0,0,106.047,10.9844,-169.384,40.9053,-5.94216,-155.164,73.6622,13.8394,-153.99,70.0844,-8.83544,172.675,
-106.047,-40.9053,-32.385,29.1791,0,0,0,106.047,10.9844,-169.384,40.9053,-5.94216,-155.164,73.6622,13.8394,-153.99,70.0844,-8.83544,172.675,
-106.047,-40.9053,-32.385,29.1791,0,0,0,106.047,10.9844,-169.384,40.9053,-5.94216,-155.164,73.6622,13.8394,-153.99,70.0844,-8.83544,172.675,
-106.047,-40.9053,-32.3755,29.1814,0,0,0,106.047,10.9844,-169.384,40.9053,-5.94216,-155.164,73.6717,13.8423,-153.988,70.0867,-8.85886,172.759,
-106.054,-40.9053,-32.3826,29.1717,0,0,0,106.054,10.9768,-169.382,40.9053,-5.94216,-155.164,73.6717,13.8423,-153.988,70.0769,-8.84392,172.76,
-106.063,-40.9053,-32.3912,29.1717,0,0,0,106.063,10.9862,-169.381,40.9053,-5.94216,-155.164,73.6717,13.8423,-153.988,70.0769,-8.84392,172.76,
-106.063,-40.9051,-32.3912,29.1718,0,0,0,106.063,10.9862,-169.381,40.9051,-5.93311,-155.164,73.6717,13.8423,-153.988,70.0769,-8.84392,172.76,
-106.063,-40.9051,-32.3971,29.1718,0,0,0,106.063,10.9862,-169.381,40.9051,-5.93311,-155.164,73.6658,13.8371,-153.989,70.0769,-8.84392,172.76,
-106.05,-40.9051,-32.3845,29.1665,0,0,0,106.05,11.0062,-169.375,40.9051,-5.93311,-155.164,73.6658,13.8371,-153.989,70.0717,-8.82435,172.761,
-106.05,-40.8896,-32.3856,29.1821,0,0,0,106.05,11.0062,-169.375,40.8896,-5.91463,-155.162,73.6647,13.8339,-153.989,70.0717,-8.82435,172.761,
-106.05,-40.8896,-32.3856,29.1821,0,0,0,106.05,11.0062,-169.375,40.8896,-5.91463,-155.162,73.6647,13.8339,-153.989,70.0717,-8.82435,172.761,
-106.05,-40.8896,-32.3856,29.1818,0,0,0,106.05,11.0062,-169.375,40.8896,-5.91463,-155.162,73.6647,13.8339,-153.989,70.0714,-8.83442,172.761,
-106.038,-40.8896,-32.3738,29.1818,0,0,0,106.038,11.0034,-169.377,40.8896,-5.91463,-155.162,73.6647,13.8339,-153.989,70.0714,-8.83442,172.761,
-106.038,-40.8875,-32.3738,29.1838,0,0,0,106.038,11.0034,-169.377,40.8875,-5.90214,-155.162,73.6647,13.8339,-153.989,70.0714,-8.83442,172.761,
-106.038,-40.8875,-32.3846,29.1838,0,0,0,106.038,11.0034,-169.377,40.8875,-5.90214,-155.162,73.6539,13.8326,-153.992,70.0714,-8.83442,172.761,
-106.038,-40.8875,-32.3846,29.1838,0,0,0,106.038,11.0034,-169.377,40.8875,-5.90214,-155.162,73.6539,13.8326,-153.992,70.0714,-8.83442,172.761,
-106.038,-40.8875,-32.3846,29.1838,0,0,0,106.038,11.0034,-169.377,40.8875,-5.90214,-155.162,73.6539,13.8326,-153.992,70.0714,-8.83442,172.761,
-106.038,-40.8807,-32.3846,29.1906,0,0,0,106.038,11.0034,-169.377,40.8807,-5.91894,-155.251,73.6539,13.8326,-153.992,70.0714,-8.83442,172.761,
-106.038,-40.8807,-32.3855,29.1906,0,0,0,106.038,11.0034,-169.377,40.8807,-5.91894,-155.251,73.653,13.8392,-153.911,70.0714,-8.83442,172.761,
-106.023,-40.8807,-32.3726,29.1906,0,0,0,106.023,10.9983,-169.38,40.8807,-5.91894,-155.251,73.6502,13.8465,-153.911,70.0714,-8.83442,172.761,
-106.023,-40.8807,-32.3726,29.1906,0,0,0,106.023,10.9983,-169.38,40.8807,-5.91894,-155.251,73.6502,13.8465,-153.911,70.0714,-8.83442,172.761,
-106.023,-40.8807,-32.3726,29.1858,0,0,0,106.023,10.9983,-169.38,40.8807,-5.91894,-155.251,73.6502,13.8465,-153.911,70.0666,-8.84446,172.927,
-106.023,-40.8744,-32.3615,29.1921,0,0,0,106.023,10.9983,-169.38,40.8744,-5.93414,-155.25,73.6613,13.8432,-153.909,70.0666,-8.84446,172.927,
-106.023,-40.8744,-32.3615,29.1921,0,0,0,106.023,10.9983,-169.38,40.8744,-5.93414,-155.25,73.6613,13.8432,-153.909,70.0666,-8.84446,172.927,
-106.023,-40.8744,-32.3615,29.1821,0,0,0,106.023,10.9983,-169.38,40.8744,-5.93414,-155.25,73.6613,13.8432,-153.909,70.0565,-8.84989,172.928,
-106.009,-40.8744,-32.3479,29.1821,0,0,0,106.009,10.9962,-169.383,40.8744,-5.93414,-155.25,73.6613,13.8432,-153.909,70.0565,-8.84989,172.928,
-106.009,-40.8744,-32.3479,29.1784,0,0,0,106.009,10.9962,-169.383,40.8744,-5.93414,-155.25,73.6613,13.8432,-153.909,70.0529,-8.85143,172.929,
-106.009,-40.8845,-32.3479,29.1683,0,0,0,106.009,10.9962,-169.383,40.8845,-5.93715,-155.251,73.6613,13.8432,-153.909,70.0529,-8.85143,172.929,
-106.009,-40.8845,-32.3509,29.1683,0,0,0,106.009,10.9962,-169.383,40.8845,-5.93715,-155.251,73.6583,13.8213,-153.909,70.0529,-8.85143,172.929,
-106.054,-40.8845,-32.3954,29.1683,0,0,0,106.054,10.9847,-169.383,40.8845,-5.93715,-155.251,73.6583,13.8213,-153.909,70.0529,-8.85143,172.929,
-106.054,-40.9122,-32.3954,29.1407,0,0,0,106.054,10.9847,-169.383,40.9122,-5.94007,-155.254,73.6583,13.8213,-153.909,70.0529,-8.85143,172.929,
-106.054,-40.9122,-32.3954,29.1407,0,0,0,106.054,10.9847,-169.383,40.9122,-5.94007,-155.254,73.6583,13.8213,-153.909,70.0529,-8.85143,172.929,
-106.054,-40.9122,-32.3954,29.1583,0,0,0,106.054,10.9847,-169.383,40.9122,-5.94007,-155.254,73.6583,13.8213,-153.909,70.0704,-8.82992,172.926,
-106.078,-40.9122,-32.4196,29.1583,0,0,0,106.078,11.0037,-169.379,40.9122,-5.94007,-155.254,73.6583,13.8213,-153.909,70.0704,-8.82992,172.926,
-106.078,-40.9122,-32.4196,29.1583,0,0,0,106.078,11.0037,-169.379,40.9122,-5.94007,-155.254,73.6583,13.8213,-153.909,70.0704,-8.82992,172.926,
-106.078,-40.9122,-32.4181,29.1583,0,0,0,106.078,11.0037,-169.379,40.9122,-5.94007,-155.254,73.6599,13.8246,-153.909,70.0704,-8.82992,172.926,
-106.078,-40.9122,-32.4181,29.1583,0,0,0,106.078,11.0037,-169.379,40.9122,-5.94007,-155.254,73.6599,13.8246,-153.909,70.0704,-8.82992,172.926,
-106.111,-40.9122,-32.451,29.1583,0,0,0,106.111,11.0121,-169.372,40.9122,-5.94007,-155.254,73.6599,13.8246,-153.909,70.0704,-8.82992,172.926,
-106.111,-40.9122,-32.451,29.1583,0,0,0,106.111,11.0121,-169.372,40.9122,-5.94007,-155.254,73.6599,13.8246,-153.909,70.0704,-8.82992,172.926,
-106.111,-40.9122,-32.451,29.1583,0,0,0,106.111,11.0121,-169.372,40.9122,-5.94007,-155.254,73.6599,13.8246,-153.909,70.0704,-8.82992,172.926,
-106.111,-40.9122,-32.451,29.1583,0,0,0,106.111,11.0121,-169.372,40.9122,-5.94007,-155.254,73.6599,13.8246,-153.909,70.0704,-8.82992,172.926,
-106.111,-40.9122,-32.451,29.1583,0,0,0,106.111,11.0121,-169.372,40.9122,-5.94007,-155.254,73.6599,13.8246,-153.909,70.0704,-8.82992,172.926,
-106.111,-40.9122,-32.451,29.1583,0,0,0,106.111,11.0121,-169.372,40.9122,-5.94007,-155.254,73.6599,13.8246,-153.909,70.0704,-8.82992,172.926,
-106.111,-40.9227,-32.451,29.1478,0,0,0,106.111,11.0121,-169.372,40.9227,-5.89902,-155.433,73.6599,13.8246,-153.909,70.0704,-8.82992,172.926,
-106.111,-40.9227,-32.4272,29.1478,0,0,0,106.111,11.0121,-169.372,40.9227,-5.89902,-155.433,73.6838,13.8256,-153.837,70.0704,-8.82992,172.926,
-106.111,-40.9227,-32.4272,29.1457,0,0,0,106.111,11.0121,-169.372,40.9227,-5.89902,-155.433,73.6838,13.8256,-153.837,70.0684,-8.82148,172.89,
-106.115,-40.9227,-32.4309,29.1457,0,0,0,106.115,11.0174,-169.372,40.9227,-5.89902,-155.433,73.6838,13.8256,-153.837,70.0684,-8.82148,172.89,
-106.096,-40.9286,-32.4118,29.1398,0,0,0,106.096,11.0168,-169.375,40.9286,-5.92704,-155.434,73.6838,13.8256,-153.837,70.0684,-8.82148,172.89,
-106.096,-40.9286,-32.4051,29.1398,0,0,0,106.096,11.0168,-169.375,40.9286,-5.92704,-155.434,73.6905,13.824,-153.836,70.0684,-8.82148,172.89,
-106.096,-40.9286,-32.4051,29.1398,0,0,0,106.096,11.0168,-169.375,40.9286,-5.92704,-155.434,73.6905,13.824,-153.836,70.0684,-8.82148,172.89,
-106.096,-40.9417,-32.4051,29.1266,0,0,0,106.096,11.0168,-169.375,40.9417,-5.94199,-155.435,73.6905,13.824,-153.836,70.0684,-8.82148,172.89,
-106.096,-40.9417,-32.4051,29.1266,0,0,0,106.096,11.0168,-169.375,40.9417,-5.94199,-155.435,73.6905,13.824,-153.836,70.0684,-8.82148,172.89,
-106.096,-40.9417,-32.4051,29.1369,0,0,0,106.096,11.0168,-169.375,40.9417,-5.94199,-155.435,73.6905,13.824,-153.836,70.0786,-8.82479,172.888,
-106.056,-40.9417,-32.3655,29.1369,0,0,0,106.056,11.0202,-169.329,40.9417,-5.94199,-155.435,73.6905,13.824,-153.836,70.0786,-8.82479,172.888,
-106.056,-40.9577,-32.3655,29.1209,0,0,0,106.056,11.0202,-169.329,40.9577,-5.93806,-155.437,73.6905,13.824,-153.836,70.0786,-8.82479,172.888,
-106.056,-40.9577,-32.3686,29.1209,0,0,0,106.056,11.0202,-169.329,40.9577,-5.93806,-155.437,73.6873,13.8188,-153.836,70.0786,-8.82479,172.888,
-106.056,-40.9577,-32.3686,29.1209,0,0,0,106.056,11.0202,-169.329,40.9577,-5.93806,-155.437,73.6873,13.8188,-153.836,70.0786,-8.82479,172.888,
-106.056,-40.9577,-32.3686,29.1413,0,0,0,106.056,11.0202,-169.329,40.9577,-5.93806,-155.437,73.6873,13.8188,-153.836,70.0989,-8.806,172.885,
-106.056,-40.9577,-32.3688,29.1413,0,0,0,106.056,11.0041,-169.329,40.9577,-5.93806,-155.437,73.6873,13.8188,-153.836,70.0989,-8.806,172.885,
-106.056,-40.9577,-32.3688,29.1413,0,0,0,106.056,11.0041,-169.329,40.9577,-5.93806,-155.437,73.6873,13.8188,-153.836,70.0989,-8.806,172.885,
-106.056,-40.9577,-32.3584,29.1413,0,0,0,106.056,11.0041,-169.329,40.9577,-5.93806,-155.437,73.6977,13.8188,-153.834,70.0989,-8.806,172.885,
-106.056,-40.9577,-32.3584,29.1413,0,0,0,106.056,11.0041,-169.329,40.9577,-5.93806,-155.437,73.6977,13.8188,-153.834,70.0989,-8.806,172.885,
-106.072,-40.9577,-32.3744,29.1413,0,0,0,106.072,11.0037,-169.326,40.9577,-5.93806,-155.437,73.6977,13.8188,-153.834,70.0989,-8.806,172.885,
-106.072,-40.9396,-32.3744,29.1593,0,0,0,106.072,11.0037,-169.326,40.9396,-5.91795,-155.361,73.6977,13.8188,-153.834,70.0989,-8.806,172.885,
-106.072,-40.9396,-32.3508,29.1593,0,0,0,106.072,11.0037,-169.326,40.9396,-5.91795,-155.361,73.7213,13.8116,-153.885,70.0989,-8.806,172.885,
-106.094,-40.9396,-32.373,29.1593,0,0,0,106.094,11.0055,-169.321,40.9396,-5.91795,-155.361,73.7213,13.8116,-153.885,70.0989,-8.806,172.885,
-106.094,-40.9413,-32.373,29.1576,0,0,0,106.094,11.0055,-169.321,40.9413,-5.92297,-155.361,73.7213,13.8116,-153.885,70.0989,-8.806,172.885,
-106.094,-40.9413,-32.3707,29.1576,0,0,0,106.094,11.0055,-169.321,40.9413,-5.92297,-155.361,73.7236,13.8099,-153.885,70.0989,-8.806,172.885,
-106.094,-40.9413,-32.3707,29.1544,0,0,0,106.094,11.0055,-169.321,40.9413,-5.92297,-155.361,73.7236,13.8099,-153.885,70.0957,-8.79899,173.027,
-106.104,-40.9413,-32.3807,29.1544,0,0,0,106.104,11.0013,-169.319,40.9413,-5.92297,-155.361,73.7236,13.8099,-153.885,70.0957,-8.79899,173.027,
-106.104,-40.9446,-32.3807,29.1511,0,0,0,106.104,11.0013,-169.319,40.9446,-5.93745,-155.361,73.7236,13.8099,-153.885,70.0957,-8.79899,173.027,
-106.104,-40.9446,-32.3937,29.1511,0,0,0,106.104,11.0013,-169.319,40.9446,-5.93745,-155.361,73.7106,13.8158,-153.888,70.0957,-8.79899,173.027,
-106.104,-40.9446,-32.3937,29.1426,0,0,0,106.104,11.0013,-169.319,40.9446,-5.93745,-155.361,73.7106,13.8158,-153.888,70.0872,-8.7954,173.028,
-106.104,-40.9446,-32.3937,29.1426,0,0,0,106.104,11.0013,-169.319,40.9446,-5.93745,-155.361,73.7106,13.8158,-153.888,70.0872,-8.7954,173.028,
-106.104,-40.9446,-32.3937,29.1426,0,0,0,106.104,11.0013,-169.319,40.9446,-5.93745,-155.361,73.7106,13.8158,-153.888,70.0872,-8.7954,173.028,
-106.104,-40.9446,-32.3937,29.1583,0,0,0,106.104,11.0013,-169.319,40.9446,-5.93745,-155.361,73.7106,13.8158,-153.888,70.1028,-8.8017,173.026,
-106.104,-40.9512,-32.3852,29.1517,0,0,0,106.104,11.0013,-169.319,40.9512,-5.95865,-155.362,73.7191,13.8209,-153.886,70.1028,-8.8017,173.026,
-106.104,-40.9512,-32.3852,29.1647,0,0,0,106.104,11.0013,-169.319,40.9512,-5.95865,-155.362,73.7191,13.8209,-153.886,70.1159,-8.81091,173.024,
-106.104,-40.9512,-32.3852,29.1647,0,0,0,106.104,11.0013,-169.319,40.9512,-5.95865,-155.362,73.7191,13.8209,-153.886,70.1159,-8.81091,173.024,
-106.104,-40.9512,-32.3852,29.1647,0,0,0,106.104,11.0013,-169.319,40.9512,-5.95865,-155.362,73.7191,13.8209,-153.886,70.1159,-8.81091,173.024,
-106.104,-40.9512,-32.3852,29.1647,0,0,0,106.104,11.0013,-169.319,40.9512,-5.95865,-155.362,73.7191,13.8209,-153.886,70.1159,-8.81091,173.024,
-106.104,-40.9512,-32.3852,29.1647,0,0,0,106.104,11.0013,-169.319,40.9512,-5.95865,-155.362,73.7191,13.8209,-153.886,70.1159,-8.81091,173.024,
-106.104,-40.9512,-32.3852,29.1647,0,0,0,106.104,11.0013,-169.319,40.9512,-5.95865,-155.362,73.7191,13.8209,-153.886,70.1159,-8.81091,173.024,
-106.104,-40.9512,-32.3852,29.1647,0,0,0,106.104,11.0013,-169.319,40.9512,-5.95865,-155.362,73.7191,13.8209,-153.886,70.1159,-8.81091,173.024,
-106.104,-40.9512,-32.3629,29.1647,0,0,0,106.104,11.0013,-169.319,40.9512,-5.95865,-155.362,73.7414,13.8167,-153.88,70.1159,-8.81091,173.024,
-106.104,-40.9512,-32.3629,29.1551,0,0,0,106.104,11.0013,-169.319,40.9512,-5.95865,-155.362,73.7414,13.8167,-153.88,70.1062,-8.82064,173.025,
-106.167,-40.9512,-32.4257,29.1551,0,0,0,106.167,11.0308,-169.329,40.9512,-5.95865,-155.362,73.7414,13.8167,-153.88,70.1062,-8.82064,173.025,
-106.167,-40.9493,-32.4257,29.1569,0,0,0,106.167,11.0308,-169.329,40.9493,-5.96775,-155.221,73.7414,13.8167,-153.88,70.1062,-8.82064,173.025,
-106.167,-40.9493,-32.4185,29.1569,0,0,0,106.167,11.0308,-169.329,40.9493,-5.96775,-155.221,73.7486,13.8227,-154.037,70.1062,-8.82064,173.025,
-106.167,-40.9493,-32.4185,29.1569,0,0,0,106.167,11.0308,-169.329,40.9493,-5.96775,-155.221,73.7486,13.8227,-154.037,70.1062,-8.82064,173.025,
-106.167,-40.9493,-32.4185,29.1558,0,0,0,106.167,11.0308,-169.329,40.9493,-5.96775,-155.221,73.7486,13.8227,-154.037,70.1051,-8.81776,173.157,
-106.149,-40.9493,-32.4001,29.1558,0,0,0,106.149,11.0387,-169.332,40.9493,-5.96775,-155.221,73.7486,13.8227,-154.037,70.1051,-8.81776,173.157,
-106.149,-40.9424,-32.4001,29.1628,0,0,0,106.149,11.0387,-169.332,40.9424,-5.97252,-155.22,73.7486,13.8227,-154.037,70.1051,-8.81776,173.157,
-106.149,-40.9424,-32.4164,29.1628,0,0,0,106.149,11.0387,-169.332,40.9424,-5.97252,-155.22,73.7323,13.8175,-154.041,70.1051,-8.81776,173.157,
-106.149,-40.9424,-32.4164,29.1823,0,0,0,106.149,11.0387,-169.332,40.9424,-5.97252,-155.22,73.7323,13.8175,-154.041,70.1247,-8.82719,173.154,
-106.149,-40.9424,-32.4164,29.1823,0,0,0,106.149,11.0387,-169.332,40.9424,-5.97252,-155.22,73.7323,13.8175,-154.041,70.1247,-8.82719,173.154,
-106.149,-40.9182,-32.4164,29.2065,0,0,0,106.149,11.0387,-169.332,40.9182,-5.98192,-155.217,73.7323,13.8175,-154.041,70.1247,-8.82719,173.154,
-106.149,-40.9182,-32.4157,29.2065,0,0,0,106.149,11.0387,-169.332,40.9182,-5.98192,-155.217,73.733,13.8205,-154.041,70.1247,-8.82719,173.154,
-106.149,-40.9182,-32.4157,29.2024,0,0,0,106.149,11.0387,-169.332,40.9182,-5.98192,-155.217,73.733,13.8205,-154.041,70.1206,-8.8238,173.154,
-106.149,-40.9182,-32.4157,29.2024,0,0,0,106.149,11.0387,-169.332,40.9182,-5.98192,-155.217,73.733,13.8205,-154.041,70.1206,-8.8238,173.154,
-106.149,-40.9182,-32.3988,29.2024,0,0,0,106.149,11.0387,-169.332,40.9182,-5.98192,-155.217,73.7499,13.8153,-154.037,70.1206,-8.8238,173.154,
-106.149,-40.9182,-32.3988,29.184,0,0,0,106.149,11.0387,-169.332,40.9182,-5.98192,-155.217,73.7499,13.8153,-154.037,70.1022,-8.83009,173.157,
-106.153,-40.8916,-32.4034,29.2106,0,0,0,106.153,11.0269,-169.314,40.8916,-5.99039,-155.215,73.7499,13.8153,-154.037,70.1022,-8.83009,173.157,
-106.153,-40.8916,-32.4034,29.2106,0,0,0,106.153,11.0269,-169.314,40.8916,-5.99039,-155.215,73.7499,13.8153,-154.037,70.1022,-8.83009,173.157,
-106.153,-40.8916,-32.3849,29.2106,0,0,0,106.153,11.0269,-169.314,40.8916,-5.99039,-155.215,73.7683,13.7989,-154.033,70.1022,-8.83009,173.157,
-106.153,-40.8916,-32.3849,29.2106,0,0,0,106.153,11.0269,-169.314,40.8916,-5.99039,-155.215,73.7683,13.7989,-154.033,70.1022,-8.83009,173.157,
-106.172,-40.8916,-32.4032,29.2106,0,0,0,106.172,11.0175,-169.31,40.8916,-5.99039,-155.215,73.7683,13.7989,-154.033,70.1022,-8.83009,173.157,
-106.172,-40.8916,-32.4032,29.2106,0,0,0,106.172,11.0175,-169.31,40.8916,-5.99039,-155.215,73.7683,13.7989,-154.033,70.1022,-8.83009,173.157,
-106.172,-40.8885,-32.4032,29.2137,0,0,0,106.172,11.0175,-169.31,40.8885,-6.00822,-155.214,73.7683,13.7989,-154.033,70.1022,-8.83009,173.157,
-106.172,-40.8885,-32.4032,29.2137,0,0,0,106.172,11.0175,-169.31,40.8885,-6.00822,-155.214,73.7683,13.7989,-154.033,70.1022,-8.83009,173.157,
-106.172,-40.8885,-32.4032,29.2202,0,0,0,106.172,11.0175,-169.31,40.8885,-6.00822,-155.214,73.7683,13.7989,-154.033,70.1086,-8.84757,173.156,
-106.157,-40.8885,-32.3884,29.2202,0,0,0,106.157,11.0211,-169.313,40.8885,-6.00822,-155.214,73.7683,13.7989,-154.033,70.1086,-8.84757,173.156,
-106.157,-40.8792,-32.3884,29.2295,0,0,0,106.157,11.0211,-169.313,40.8792,-6.02086,-155.393,73.7683,13.7989,-154.033,70.1086,-8.84757,173.156,
-106.157,-40.8792,-32.3897,29.2281,0,0,0,106.157,11.0211,-169.313,40.8792,-6.02086,-155.393,73.7671,13.8049,-154.01,70.1072,-8.85252,173.168,
-106.121,-40.8792,-32.3543,29.2281,0,0,0,106.121,11.0129,-169.32,40.8792,-6.02086,-155.393,73.7671,13.8049,-154.01,70.1072,-8.85252,173.168,
-106.121,-40.8755,-32.3543,29.2317,0,0,0,106.121,11.0129,-169.32,40.8755,-6.01964,-155.393,73.7671,13.8049,-154.01,70.1072,-8.85252,173.168,
-106.121,-40.8755,-32.3764,29.2317,0,0,0,106.121,11.0129,-169.32,40.8755,-6.01964,-155.393,73.7451,13.812,-154.015,70.1072,-8.85252,173.168,
-106.121,-40.8755,-32.3764,29.2317,0,0,0,106.121,11.0129,-169.32,40.8755,-6.01964,-155.393,73.7451,13.812,-154.015,70.1072,-8.85252,173.168,
-106.121,-40.8755,-32.3764,29.2317,0,0,0,106.121,11.0129,-169.32,40.8755,-6.01964,-155.393,73.7451,13.812,-154.015,70.1072,-8.85252,173.168,
-106.121,-40.8755,-32.3764,29.2317,0,0,0,106.121,11.0129,-169.32,40.8755,-6.01964,-155.393,73.7451,13.812,-154.015,70.1072,-8.85252,173.168,
-106.121,-40.8755,-32.3764,29.2317,0,0,0,106.121,11.0129,-169.32,40.8755,-6.01964,-155.393,73.7451,13.812,-154.015,70.1072,-8.85252,173.168,
-106.121,-40.8755,-32.3764,29.2317,0,0,0,106.121,11.0129,-169.32,40.8755,-6.01964,-155.393,73.7451,13.812,-154.015,70.1072,-8.85252,173.168,
-106.121,-40.8755,-32.3764,29.2337,0,0,0,106.121,11.0129,-169.32,40.8755,-6.01964,-155.393,73.7451,13.812,-154.015,70.1092,-8.84636,173.168,
-106.065,-40.8755,-32.32,29.2307,0,0,0,106.065,11.0184,-169.331,40.8755,-6.01964,-155.393,73.7451,13.812,-154.015,70.1062,-8.84057,173.169,
-106.035,-40.8664,-32.2896,29.2398,0,0,0,106.035,11.0227,-169.336,40.8664,-6.00967,-155.392,73.7451,13.812,-154.015,70.1062,-8.84057,173.169,
-106.035,-40.8722,-32.2896,29.2339,0,0,0,106.035,11.0227,-169.336,40.8722,-5.98957,-155.393,73.7451,13.812,-154.015,70.1062,-8.84057,173.169,
-106.035,-40.8722,-32.2946,29.2177,0,0,0,106.035,11.0227,-169.336,40.8722,-5.98957,-155.393,73.7401,13.8239,-154.016,70.09,-8.84036,173.171,
-106.048,-40.8722,-32.3076,29.2177,0,0,0,106.048,11.0237,-169.321,40.8722,-5.98957,-155.393,73.7401,13.8239,-154.016,70.09,-8.84036,173.171,
-106.048,-40.8791,-32.3076,29.2109,0,0,0,106.048,11.0237,-169.321,40.8791,-5.97646,-155.393,73.7401,13.8239,-154.016,70.09,-8.84036,173.171,
-106.048,-40.8791,-32.3076,29.2109,0,0,0,106.048,11.0237,-169.321,40.8791,-5.97646,-155.393,73.7401,13.8239,-154.016,70.09,-8.84036,173.171,
-106.063,-40.8791,-32.3232,29.216,0,0,0,106.063,11.0107,-169.318,40.8791,-5.97646,-155.393,73.7401,13.8239,-154.016,70.0951,-8.85659,173.17,
-106.063,-40.8791,-32.3232,29.216,0,0,0,106.063,11.0107,-169.318,40.8791,-5.97646,-155.393,73.7401,13.8239,-154.016,70.0951,-8.85659,173.17,
-106.083,-40.8896,-32.3424,29.2055,0,0,0,106.083,10.9937,-169.314,40.8896,-5.9808,-155.394,73.7401,13.8239,-154.016,70.0951,-8.85659,173.17,
-106.083,-40.8896,-32.3424,29.2055,0,0,0,106.083,10.9937,-169.314,40.8896,-5.9808,-155.394,73.7401,13.8239,-154.016,70.0951,-8.85659,173.17,
-106.083,-40.8896,-32.3424,29.2055,0,0,0,106.083,10.9937,-169.314,40.8896,-5.9808,-155.394,73.7401,13.8239,-154.016,70.0951,-8.85659,173.17,
-106.083,-40.8896,-32.3424,29.2055,0,0,0,106.083,10.9937,-169.314,40.8896,-5.9808,-155.394,73.7401,13.8239,-154.016,70.0951,-8.85659,173.17,
-106.083,-40.9187,-32.3424,29.1764,0,0,0,106.083,10.9937,-169.314,40.9187,-6.04093,-155.493,73.7401,13.8239,-154.016,70.0951,-8.85659,173.17,
-106.083,-40.9187,-32.3424,29.1764,0,0,0,106.083,10.9937,-169.314,40.9187,-6.04093,-155.493,73.7401,13.8239,-154.016,70.0951,-8.85659,173.17,
-106.087,-40.9187,-32.3469,29.1764,0,0,0,106.087,10.996,-169.313,40.9187,-6.04093,-155.493,73.7401,13.8239,-154.016,70.0951,-8.85659,173.17,
-106.087,-40.9187,-32.3381,29.1764,0,0,0,106.087,10.996,-169.313,40.9187,-6.04093,-155.493,73.7489,13.8218,-154.037,70.0951,-8.85659,173.17,
-106.087,-40.9187,-32.3336,29.1764,0,0,0,106.087,10.996,-169.313,40.9187,-6.04093,-155.493,73.7533,13.8206,-154.036,70.0951,-8.85659,173.17,
-106.075,-40.9187,-32.3212,29.1764,0,0,0,106.075,10.9904,-169.316,40.9187,-6.04093,-155.493,73.7533,13.8206,-154.036,70.0951,-8.85659,173.17,
-106.075,-40.9187,-32.3212,29.1764,0,0,0,106.075,10.9904,-169.316,40.9187,-6.04093,-155.493,73.7533,13.8206,-154.036,70.0951,-8.85659,173.17,
-106.075,-40.9187,-32.3212,29.1764,0,0,0,106.075,10.9904,-169.316,40.9187,-6.04093,-155.493,73.7533,13.8206,-154.036,70.0951,-8.85659,173.17,
-106.075,-40.9187,-32.3212,29.2053,0,0,0,106.075,10.9904,-169.316,40.9187,-6.04093,-155.493,73.7533,13.8206,-154.036,70.124,-8.88927,173.165,
-106.075,-40.9187,-32.3212,29.2053,0,0,0,106.075,10.9904,-169.316,40.9187,-6.04093,-155.493,73.7533,13.8206,-154.036,70.124,-8.88927,173.165,
-106.075,-40.9464,-32.3212,29.1776,0,0,0,106.075,10.9904,-169.316,40.9464,-6.07448,-155.496,73.7533,13.8206,-154.036,70.124,-8.88927,173.165,
-106.075,-40.9434,-32.3212,29.1806,0,0,0,106.075,10.9904,-169.316,40.9434,-6.07357,-155.495,73.7533,13.8206,-154.036,70.124,-8.88927,173.165,
-106.075,-40.9434,-32.2905,29.1659,0,0,0,106.075,10.9904,-169.316,40.9434,-6.07357,-155.495,73.784,13.8219,-154.029,70.1093,-8.89606,173.167,
-106.095,-40.9434,-32.3114,29.1659,0,0,0,106.095,11.0049,-169.312,40.9434,-6.07357,-155.495,73.784,13.8219,-154.029,70.1093,-8.89606,173.167,
-106.104,-40.9434,-32.3205,29.1659,0,0,0,106.104,11.0155,-169.221,40.9434,-6.07357,-155.495,73.784,13.8219,-154.029,70.1093,-8.89606,173.167,
-106.104,-40.939,-32.3205,29.1703,0,0,0,106.104,11.0155,-169.221,40.939,-6.0639,-155.495,73.784,13.8219,-154.029,70.1093,-8.89606,173.167,
-106.104,-40.939,-32.3318,29.1703,0,0,0,106.104,11.0155,-169.221,40.939,-6.0639,-155.495,73.7726,13.82,-154.031,70.1093,-8.89606,173.167,
-106.104,-40.939,-32.3318,29.1569,0,0,0,106.104,11.0155,-169.221,40.939,-6.0639,-155.495,73.7726,13.82,-154.031,70.0959,-8.88184,173.169,
-106.122,-40.939,-32.3498,29.1569,0,0,0,106.122,11.0136,-169.217,40.939,-6.0639,-155.495,73.7726,13.82,-154.031,70.0959,-8.88184,173.169,
-106.122,-40.939,-32.3498,29.1569,0,0,0,106.122,11.0136,-169.217,40.939,-6.0639,-155.495,73.7726,13.82,-154.031,70.0959,-8.88184,173.169,
-106.122,-40.9308,-32.3498,29.1651,0,0,0,106.122,11.0136,-169.217,40.9308,-6.03269,-155.494,73.7726,13.82,-154.031,70.0959,-8.88184,173.169,
-106.122,-40.9308,-32.3498,29.1651,0,0,0,106.122,11.0136,-169.217,40.9308,-6.03269,-155.494,73.7726,13.82,-154.031,70.0959,-8.88184,173.169,
-106.122,-40.9308,-32.3498,29.1651,0,0,0,106.122,11.0136,-169.217,40.9308,-6.03269,-155.494,73.7726,13.82,-154.031,70.0959,-8.88184,173.169,
-106.122,-40.9308,-32.3498,29.1651,0,0,0,106.122,11.0136,-169.217,40.9308,-6.03269,-155.494,73.7726,13.82,-154.031,70.0959,-8.88184,173.169,
-106.122,-40.9308,-32.3498,29.1651,0,0,0,106.122,11.0136,-169.217,40.9308,-6.03269,-155.494,73.7726,13.82,-154.031,70.0959,-8.88184,173.169,
-106.122,-40.9308,-32.3498,29.1651,0,0,0,106.122,11.0136,-169.217,40.9308,-6.03269,-155.494,73.7726,13.82,-154.031,70.0959,-8.88184,173.169,
-106.128,-40.9308,-32.3552,29.1651,0,0,0,106.128,11.0072,-169.216,40.9308,-6.03269,-155.494,73.7726,13.82,-154.031,70.0959,-8.88184,173.169,
-106.105,-40.9308,-32.3328,29.1651,0,0,0,106.105,11.012,-169.221,40.9308,-6.03269,-155.494,73.7726,13.82,-154.031,70.0959,-8.88184,173.169,
-106.105,-40.8914,-32.336,29.2045,0,0,0,106.105,11.012,-169.221,40.8914,-6.00362,-155.495,73.7694,13.8188,-154.046,70.0959,-8.88184,173.169,
-106.105,-40.8914,-32.3257,29.2045,0,0,0,106.105,11.012,-169.221,40.8914,-6.00362,-155.495,73.7796,13.8169,-154.044,70.0959,-8.88184,173.169,
-106.105,-40.8914,-32.3257,29.2024,0,0,0,106.105,11.012,-169.221,40.8914,-6.00362,-155.495,73.7796,13.8169,-154.044,70.0938,-8.88148,173.169,
-106.075,-40.8914,-32.2949,29.2007,0,0,0,106.075,11.0069,-169.227,40.8914,-6.00362,-155.495,73.7796,13.8169,-154.044,70.092,-8.87217,173.112,
