20.1617,-6.68081,14.4789,118.431,0,0,0,339.838,-61.5207,132.46,6.68081,-63.3723,-62.6675,354.317,-47.0027,-36.5358,125.111,-14.2413,22.5472,
19.9529,-6.8268,14.8031,118.285,0,0,0,340.047,-62.0348,132.389,6.8268,-63.4287,-62.7777,354.85,-47.5089,-36.8838,125.111,-14.2413,22.5472,
19.9529,-6.8268,14.8031,118.285,0,0,0,340.047,-62.0348,132.389,6.8268,-63.4287,-62.7777,354.85,-47.5089,-36.8838,125.111,-14.2413,22.5472,
19.9529,-6.8268,14.8031,119.698,0,0,0,340.047,-62.0348,132.389,6.8268,-63.4287,-62.7777,354.85,-47.5089,-36.8838,126.525,-11.7188,21.6454,
19.9529,-6.8268,14.8031,119.698,0,0,0,340.047,-62.0348,132.389,6.8268,-63.4287,-62.7777,354.85,-47.5089,-36.8838,126.525,-11.7188,21.6454,
19.8523,-6.8268,14.7025,119.698,0,0,0,340.148,-62.2833,132.104,6.8268,-63.4287,-62.7777,354.85,-47.5089,-36.8838,126.525,-11.7188,21.6454,
19.8523,-6.8268,14.7025,119.698,0,0,0,340.148,-62.2833,132.104,6.8268,-63.4287,-62.7777,354.85,-47.5089,-36.8838,126.525,-11.7188,21.6454,
19.8523,-7.50806,14.6946,122.329,0,0,0,340.148,-62.2833,132.104,7.50806,-63.8069,-63.2918,354.842,-47.5003,-36.8804,129.837,-5.49198,19.4973,
19.8523,-7.50806,14.6946,122.329,0,0,0,340.148,-62.2833,132.104,7.50806,-63.8069,-63.2918,354.842,-47.5003,-36.8804,129.837,-5.49198,19.4973,
19.8523,-7.50806,14.6946,122.329,0,0,0,340.148,-62.2833,132.104,7.50806,-63.8069,-63.2918,354.842,-47.5003,-36.8804,129.837,-5.49198,19.4973,
19.8523,-7.50806,14.6946,122.329,0,0,0,340.148,-62.2833,132.104,7.50806,-63.8069,-63.2918,354.842,-47.5003,-36.8804,129.837,-5.49198,19.4973,
19.9084,-7.71756,14.7298,122.12,0,0,0,340.092,-62.252,132.24,7.71756,-63.9465,-63.4442,354.821,-47.4726,-36.8685,129.837,-5.49198,19.4973,
19.9084,-7.71756,14.7298,122.12,0,0,0,340.092,-62.252,132.24,7.71756,-63.9465,-63.4442,354.821,-47.4726,-36.8685,129.837,-5.49198,19.4973,
19.9084,-7.71756,14.7298,124.401,0,0,0,340.092,-62.252,132.24,7.71756,-63.9465,-63.4442,354.821,-47.4726,-36.8685,132.118,2.44892,14.4452,
19.9084,-7.71756,14.7298,124.401,0,0,0,340.092,-62.252,132.24,7.71756,-63.9465,-63.4442,354.821,-47.4726,-36.8685,132.118,2.44892,14.4452,
19.8508,-7.73067,14.6722,124.387,0,0,0,340.149,-62.3133,132.285,7.73067,-63.9558,-63.4559,354.821,-47.4726,-36.8685,132.118,2.44892,14.4452,
19.8508,-7.73067,14.6722,124.387,0,0,0,340.149,-62.3133,132.285,7.73067,-63.9558,-63.4559,354.821,-47.4726,-36.8685,132.118,2.44892,14.4452,
19.8508,-7.62572,14.6666,123.637,0,0,0,340.149,-62.3133,132.285,7.62572,-63.9004,-63.3728,354.816,-47.4611,-36.8644,131.263,2.40916,13.8906,
19.8508,-7.62572,14.6666,123.637,0,0,0,340.149,-62.3133,132.285,7.62572,-63.9004,-63.3728,354.816,-47.4611,-36.8644,131.263,2.40916,13.8906,
19.8508,-7.62572,14.6666,123.637,0,0,0,340.149,-62.3133,132.285,7.62572,-63.9004,-63.3728,354.816,-47.4611,-36.8644,131.263,2.40916,13.8906,
19.8508,-7.62572,14.6666,123.637,0,0,0,340.149,-62.3133,132.285,7.62572,-63.9004,-63.3728,354.816,-47.4611,-36.8644,131.263,2.40916,13.8906,
19.8891,-7.64386,14.6571,122.717,0,0,0,340.111,-62.3204,132.319,7.64386,-63.9331,-63.3891,354.768,-47.4354,-36.8292,130.36,2.3305,14.5985,
19.8891,-7.64386,14.6571,122.717,0,0,0,340.111,-62.3204,132.319,7.64386,-63.9331,-63.3891,354.768,-47.4354,-36.8292,130.36,2.3305,14.5985,
19.8891,-7.64386,14.6571,120.548,0,0,0,340.111,-62.3204,132.319,7.64386,-63.9331,-63.3891,354.768,-47.4354,-36.8292,128.192,2.09331,14.5501,
19.8891,-7.64386,14.6571,120.548,0,0,0,340.111,-62.3204,132.319,7.64386,-63.9331,-63.3891,354.768,-47.4354,-36.8292,128.192,2.09331,14.5501,
19.9008,-7.59753,14.6689,120.595,0,0,0,340.099,-62.3012,132.207,7.59753,-63.9209,-63.3475,354.768,-47.4354,-36.8292,128.192,2.09331,14.5501,
19.9008,-7.59753,14.6689,120.595,0,0,0,340.099,-62.3012,132.207,7.59753,-63.9209,-63.3475,354.768,-47.4354,-36.8292,128.192,2.09331,14.5501,
19.9008,-7.60104,14.6227,118.484,0,0,0,340.099,-62.3012,132.207,7.60104,-63.9262,-63.3506,354.722,-47.4156,-36.7952,126.085,1.88991,14.1515,
19.9008,-7.60104,14.6227,118.484,0,0,0,340.099,-62.3012,132.207,7.60104,-63.9262,-63.3506,354.722,-47.4156,-36.7952,126.085,1.88991,14.1515,
19.9008,-7.60104,14.6227,118.484,0,0,0,340.099,-62.3012,132.207,7.60104,-63.9262,-63.3506,354.722,-47.4156,-36.7952,126.085,1.88991,14.1515,
19.9008,-7.60104,14.6227,118.484,0,0,0,340.099,-62.3012,132.207,7.60104,-63.9262,-63.3506,354.722,-47.4156,-36.7952,126.085,1.88991,14.1515,
19.8512,-7.44203,14.5679,117.507,0,0,0,340.149,-62.2388,132.066,7.44203,-63.9146,-63.2078,354.717,-47.3977,-36.7914,124.949,1.7487,12.9211,
19.8512,-7.44203,14.5679,117.507,0,0,0,340.149,-62.2388,132.066,7.44203,-63.9146,-63.2078,354.717,-47.3977,-36.7914,124.949,1.7487,12.9211,
19.8512,-7.44203,14.5679,114.908,0,0,0,340.149,-62.2388,132.066,7.44203,-63.9146,-63.2078,354.717,-47.3977,-36.7914,122.35,-2.92979,12.1619,
19.8512,-7.44203,14.5679,114.908,0,0,0,340.149,-62.2388,132.066,7.44203,-63.9146,-63.2078,354.717,-47.3977,-36.7914,122.35,-2.92979,12.1619,
19.8456,-7.51116,14.5622,114.839,0,0,0,340.154,-62.2154,132.061,7.51116,-63.9284,-63.2699,354.717,-47.3977,-36.7914,122.35,-2.92979,12.1619,
19.8456,-7.51116,14.5622,114.839,0,0,0,340.154,-62.2154,132.061,7.51116,-63.9284,-63.2699,354.717,-47.3977,-36.7914,122.35,-2.92979,12.1619,
19.8456,-7.514,14.5539,110.752,0,0,0,340.154,-62.2154,132.061,7.514,-63.9212,-63.2725,354.708,-47.4213,-36.7853,118.266,-14.2604,15.5975,
19.8456,-7.514,14.5539,110.752,0,0,0,340.154,-62.2154,132.061,7.514,-63.9212,-63.2725,354.708,-47.4213,-36.7853,118.266,-14.2604,15.5975,
19.8456,-7.514,14.5539,110.752,0,0,0,340.154,-62.2154,132.061,7.514,-63.9212,-63.2725,354.708,-47.4213,-36.7853,118.266,-14.2604,15.5975,
19.8456,-7.514,14.5539,110.752,0,0,0,340.154,-62.2154,132.061,7.514,-63.9212,-63.2725,354.708,-47.4213,-36.7853,118.266,-14.2604,15.5975,
19.8586,-7.50949,14.5568,107.98,0,0,0,340.141,-62.2316,132.146,7.50949,-63.9162,-63.2684,354.698,-47.4239,-36.7777,115.49,-17.1453,18.5927,
19.8586,-7.50949,14.5568,107.98,0,0,0,340.141,-62.2316,132.146,7.50949,-63.9162,-63.2684,354.698,-47.4239,-36.7777,115.49,-17.1453,18.5927,
19.8586,-7.50949,14.5568,105.626,0,0,0,340.141,-62.2316,132.146,7.50949,-63.9162,-63.2684,354.698,-47.4239,-36.7777,113.135,-18.4257,20.833,
19.8586,-7.50949,14.5568,105.626,0,0,0,340.141,-62.2316,132.146,7.50949,-63.9162,-63.2684,354.698,-47.4239,-36.7777,113.135,-18.4257,20.833,
19.8896,-7.50187,14.5878,105.633,0,0,0,340.11,-62.2437,132.173,7.50187,-63.9258,-63.2616,354.698,-47.4239,-36.7777,113.135,-18.4257,20.833,
19.8896,-7.50187,14.5878,105.633,0,0,0,340.11,-62.2437,132.173,7.50187,-63.9258,-63.2616,354.698,-47.4239,-36.7777,113.135,-18.4257,20.833,
19.8896,-7.50703,14.6107,95.6416,0,0,0,340.11,-62.2437,132.173,7.50703,-63.9134,-63.2662,354.721,-47.4276,-36.7946,103.149,-17.8697,27.552,
19.8896,-7.50703,14.6107,95.6416,0,0,0,340.11,-62.2437,132.173,7.50703,-63.9134,-63.2662,354.721,-47.4276,-36.7946,103.149,-17.8697,27.552,
19.8865,-7.50703,14.6076,95.6416,0,0,0,340.113,-62.2773,132.171,7.50703,-63.9134,-63.2662,354.721,-47.4276,-36.7946,103.149,-17.8697,27.552,
19.8865,-7.50703,14.6076,95.6416,0,0,0,340.113,-62.2773,132.171,7.50703,-63.9134,-63.2662,354.721,-47.4276,-36.7946,103.149,-17.8697,27.552,
19.8488,-7.48292,14.5777,88.8702,0,0,0,340.151,-62.2365,132.069,7.48292,-63.9032,-63.2446,354.729,-47.4354,-36.8004,96.3532,-10.5817,28.4681,
19.8488,-7.48292,14.5777,88.8702,0,0,0,340.151,-62.2365,132.069,7.48292,-63.9032,-63.2446,354.729,-47.4354,-36.8004,96.3532,-10.5817,28.4681,
19.8488,-7.48292,14.5777,86.6705,0,0,0,340.151,-62.2365,132.069,7.48292,-63.9032,-63.2446,354.729,-47.4354,-36.8004,94.1534,-7.34898,28.4519,
19.8488,-7.48292,14.5777,86.6705,0,0,0,340.151,-62.2365,132.069,7.48292,-63.9032,-63.2446,354.729,-47.4354,-36.8004,94.1534,-7.34898,28.4519,
19.8958,-7.3247,14.6247,86.8287,0,0,0,340.104,-62.1458,132.113,7.3247,-63.8065,-63.1084,354.729,-47.4354,-36.8004,94.1534,-7.34898,28.4519,
19.8958,-7.3247,14.6247,86.8287,0,0,0,340.104,-62.1458,132.113,7.3247,-63.8065,-63.1084,354.729,-47.4354,-36.8004,94.1534,-7.34898,28.4519,
19.8958,-7.3247,14.5199,79.7146,0,0,0,340.104,-62.1458,132.113,7.3247,-63.8065,-63.1084,354.624,-47.3236,-36.7116,87.0394,2.39239,32.3422,
19.8958,-7.3247,14.5199,79.7146,0,0,0,340.104,-62.1458,132.113,7.3247,-63.8065,-63.1084,354.624,-47.3236,-36.7116,87.0394,2.39239,32.3422,
19.9068,-7.3247,14.5309,79.7146,0,0,0,340.093,-62.088,132.119,7.3247,-63.8065,-63.1084,354.624,-47.3236,-36.7116,87.0394,2.39239,32.3422,
19.9068,-7.3247,14.5309,79.7146,0,0,0,340.093,-62.088,132.119,7.3247,-63.8065,-63.1084,354.624,-47.3236,-36.7116,87.0394,2.39239,32.3422,
19.9036,-7.21356,14.4727,80.0944,0,0,0,340.096,-62.0383,132.116,7.21356,-63.7498,-63.0117,354.569,-47.2978,-36.6712,87.308,2.00773,33.9776,
19.9036,-7.21356,14.4727,80.0944,0,0,0,340.096,-62.0383,132.116,7.21356,-63.7498,-63.0117,354.569,-47.2978,-36.6712,87.308,2.00773,33.9776,
19.9036,-7.21356,14.4727,80.0944,0,0,0,340.096,-62.0383,132.116,7.21356,-63.7498,-63.0117,354.569,-47.2978,-36.6712,87.308,2.00773,33.9776,
19.9036,-7.21356,14.4727,80.0944,0,0,0,340.096,-62.0383,132.116,7.21356,-63.7498,-63.0117,354.569,-47.2978,-36.6712,87.308,2.00773,33.9776,
19.8555,-7.20738,14.4246,80.1006,0,0,0,340.144,-61.9679,132.172,7.20738,-63.748,-63.0062,354.569,-47.2978,-36.6712,87.308,2.00773,33.9776,
19.8555,-7.20738,14.4246,80.1006,0,0,0,340.144,-61.9679,132.172,7.20738,-63.748,-63.0062,354.569,-47.2978,-36.6712,87.308,2.00773,33.9776,
19.8555,-7.20738,14.4082,80.1969,0,0,0,340.144,-61.9679,132.172,7.20738,-63.748,-63.0062,354.553,-47.3403,-36.6591,87.4042,1.92214,34.9432,
19.8555,-7.20738,14.4082,80.1969,0,0,0,340.144,-61.9679,132.172,7.20738,-63.748,-63.0062,354.553,-47.3403,-36.6591,87.4042,1.92214,34.9432,
19.8431,-7.20738,14.3957,80.1969,0,0,0,340.157,-61.9678,132.161,7.20738,-63.748,-63.0062,354.553,-47.3403,-36.6591,87.4042,1.92214,34.9432,
19.8431,-7.20738,14.3957,80.1969,0,0,0,340.157,-61.9678,132.161,7.20738,-63.748,-63.0062,354.553,-47.3403,-36.6591,87.4042,1.92214,34.9432,
19.902,-7.19232,14.4818,80.5799,0,0,0,340.098,-61.9728,132.309,7.19232,-63.7627,-62.9927,354.58,-47.2976,-36.6791,87.7722,1.73094,35.9804,
19.902,-7.19232,14.4818,80.5799,0,0,0,340.098,-61.9728,132.309,7.19232,-63.7627,-62.9927,354.58,-47.2976,-36.6791,87.7722,1.73094,35.9804,
19.902,-7.19232,14.4818,80.5799,0,0,0,340.098,-61.9728,132.309,7.19232,-63.7627,-62.9927,354.58,-47.2976,-36.6791,87.7722,1.73094,35.9804,
19.902,-7.19232,14.4818,80.5799,0,0,0,340.098,-61.9728,132.309,7.19232,-63.7627,-62.9927,354.58,-47.2976,-36.6791,87.7722,1.73094,35.9804,
19.9051,-7.18188,14.4849,80.5903,0,0,0,340.095,-61.9653,132.311,7.18188,-63.7194,-62.9833,354.58,-47.2976,-36.6791,87.7722,1.73094,35.9804,
19.9051,-7.18188,14.4849,80.5903,0,0,0,340.095,-61.9653,132.311,7.18188,-63.7194,-62.9833,354.58,-47.2976,-36.6791,87.7722,1.73094,35.9804,
19.9051,-7.18188,14.5137,80.7085,0,0,0,340.095,-61.9653,132.311,7.18188,-63.7194,-62.9833,354.609,-47.2709,-36.7002,87.8904,0.953415,37.3722,
19.9051,-7.18188,14.5137,80.7085,0,0,0,340.095,-61.9653,132.311,7.18188,-63.7194,-62.9833,354.609,-47.2709,-36.7002,87.8904,0.953415,37.3722,
19.8754,-7.18188,14.4839,80.7085,0,0,0,340.125,-61.9566,132.36,7.18188,-63.7194,-62.9833,354.609,-47.2709,-36.7002,87.8904,0.953415,37.3722,
19.8754,-7.18188,14.4839,80.7085,0,0,0,340.125,-61.9566,132.36,7.18188,-63.7194,-62.9833,354.609,-47.2709,-36.7002,87.8904,0.953415,37.3722,
19.8938,-7.142,14.4956,80.7474,0,0,0,340.106,-61.9307,132.368,7.142,-63.6909,-62.9498,354.602,-47.2622,-36.6953,87.8894,0.590571,37.6677,
19.8938,-7.142,14.4956,80.7474,0,0,0,340.106,-61.9307,132.368,7.142,-63.6909,-62.9498,354.602,-47.2622,-36.6953,87.8894,0.590571,37.6677,
19.8938,-7.142,14.4956,80.7474,0,0,0,340.106,-61.9307,132.368,7.142,-63.6909,-62.9498,354.602,-47.2622,-36.6953,87.8894,0.590571,37.6677,
19.8938,-7.142,14.4956,80.7474,0,0,0,340.106,-61.9307,132.368,7.142,-63.6909,-62.9498,354.602,-47.2622,-36.6953,87.8894,0.590571,37.6677,
19.91,-7.06672,14.5118,80.8227,0,0,0,340.09,-61.8571,132.377,7.06672,-63.6448,-62.8823,354.602,-47.2622,-36.6953,87.8894,0.590571,37.6677,
19.91,-7.06672,14.5118,80.8227,0,0,0,340.09,-61.8571,132.377,7.06672,-63.6448,-62.8823,354.602,-47.2622,-36.6953,87.8894,0.590571,37.6677,
19.91,-7.06672,14.5053,80.7792,0,0,0,340.09,-61.8571,132.377,7.06672,-63.6448,-62.8823,354.595,-47.2293,-36.6905,87.846,-0.706115,38.9932,
19.91,-7.06672,14.5053,80.7792,0,0,0,340.09,-61.8571,132.377,7.06672,-63.6448,-62.8823,354.595,-47.2293,-36.6905,87.846,-0.706115,38.9932,
19.9141,-7.06672,14.5094,80.7792,0,0,0,340.086,-61.8537,132.357,7.06672,-63.6448,-62.8823,354.595,-47.2293,-36.6905,87.846,-0.706115,38.9932,
19.9141,-7.06672,14.5094,80.7792,0,0,0,340.086,-61.8537,132.357,7.06672,-63.6448,-62.8823,354.595,-47.2293,-36.6905,87.846,-0.706115,38.9932,
19.9141,-7.0278,14.4271,80.8303,0,0,0,340.086,-61.8537,132.357,7.0278,-63.6345,-62.8704,354.513,-47.2017,-36.6457,87.8581,-1.2437,39.5304,
19.9141,-7.0278,14.4271,80.8303,0,0,0,340.086,-61.8537,132.357,7.0278,-63.6345,-62.8704,354.513,-47.2017,-36.6457,87.8581,-1.2437,39.5304,
19.9141,-7.0278,14.4271,80.8303,0,0,0,340.086,-61.8537,132.357,7.0278,-63.6345,-62.8704,354.513,-47.2017,-36.6457,87.8581,-1.2437,39.5304,
19.9141,-7.0278,14.4271,80.8303,0,0,0,340.086,-61.8537,132.357,7.0278,-63.6345,-62.8704,354.513,-47.2017,-36.6457,87.8581,-1.2437,39.5304,
19.9079,-6.98834,14.4209,80.8698,0,0,0,340.092,-61.8458,132.351,6.98834,-63.6119,-62.835,354.513,-47.2017,-36.6457,87.8581,-1.2437,39.5304,
19.9079,-6.98834,14.4209,80.8698,0,0,0,340.092,-61.8458,132.351,6.98834,-63.6119,-62.835,354.513,-47.2017,-36.6457,87.8581,-1.2437,39.5304,
19.9079,-6.98834,14.4014,80.8172,0,0,0,340.092,-61.8458,132.351,6.98834,-63.6119,-62.835,354.494,-47.179,-36.6314,87.8056,-1.39972,39.788,
19.9079,-6.98834,14.4014,80.8172,0,0,0,340.092,-61.8458,132.351,6.98834,-63.6119,-62.835,354.494,-47.179,-36.6314,87.8056,-1.39972,39.788,
19.9521,-6.98834,14.4456,80.8172,0,0,0,340.048,-61.8276,132.39,6.98834,-63.6119,-62.835,354.494,-47.179,-36.6314,87.8056,-1.39972,39.788,
19.9521,-6.98834,14.4456,80.8172,0,0,0,340.048,-61.8276,132.39,6.98834,-63.6119,-62.835,354.494,-47.179,-36.6314,87.8056,-1.39972,39.788,
19.9521,-6.96312,14.4516,81.1295,0,0,0,340.048,-61.8276,132.39,6.96312,-63.6146,-62.8124,354.499,-47.1603,-36.6358,88.0926,-0.153834,39.2864,
19.9521,-6.96312,14.4516,81.1295,0,0,0,340.048,-61.8276,132.39,6.96312,-63.6146,-62.8124,354.499,-47.1603,-36.6358,88.0926,-0.153834,39.2864,
19.9521,-6.96312,14.4516,81.1295,0,0,0,340.048,-61.8276,132.39,6.96312,-63.6146,-62.8124,354.499,-47.1603,-36.6358,88.0926,-0.153834,39.2864,
19.9521,-6.96312,14.4516,81.1295,0,0,0,340.048,-61.8276,132.39,6.96312,-63.6146,-62.8124,354.499,-47.1603,-36.6358,88.0926,-0.153834,39.2864,
19.9638,-6.9412,14.4633,81.1514,0,0,0,340.036,-61.8358,132.401,6.9412,-63.6051,-62.7928,354.499,-47.1603,-36.6358,88.0926,-0.153834,39.2864,
19.9638,-6.9412,14.4633,81.1514,0,0,0,340.036,-61.8358,132.401,6.9412,-63.6051,-62.7928,354.499,-47.1603,-36.6358,88.0926,-0.153834,39.2864,
19.9638,-6.9412,14.4556,81.4819,0,0,0,340.036,-61.8358,132.401,6.9412,-63.6051,-62.7928,354.492,-47.1638,-36.6301,88.4231,-0.00765691,38.7232,
19.9638,-6.9412,14.4556,81.4819,0,0,0,340.036,-61.8358,132.401,6.9412,-63.6051,-62.7928,354.492,-47.1638,-36.6301,88.4231,-0.00765691,38.7232,
19.9669,-6.9412,14.4587,81.4819,0,0,0,340.033,-61.8019,132.403,6.9412,-63.6051,-62.7928,354.492,-47.1638,-36.6301,88.4231,-0.00765691,38.7232,
19.9669,-6.9412,14.4587,81.4819,0,0,0,340.033,-61.8019,132.403,6.9412,-63.6051,-62.7928,354.492,-47.1638,-36.6301,88.4231,-0.00765691,38.7232,
19.9669,-6.935,14.4333,81.5251,0,0,0,340.033,-61.8019,132.403,6.935,-63.5903,-62.7872,354.466,-47.1781,-36.6115,88.4601,-1.48726,39.7415,
19.9669,-6.935,14.4333,81.5251,0,0,0,340.033,-61.8019,132.403,6.935,-63.5903,-62.7872,354.466,-47.1781,-36.6115,88.4601,-1.48726,39.7415,
19.9669,-6.935,14.4333,81.5251,0,0,0,340.033,-61.8019,132.403,6.935,-63.5903,-62.7872,354.466,-47.1781,-36.6115,88.4601,-1.48726,39.7415,
19.9669,-6.935,14.4333,81.5251,0,0,0,340.033,-61.8019,132.403,6.935,-63.5903,-62.7872,354.466,-47.1781,-36.6115,88.4601,-1.48726,39.7415,
19.9583,-6.85341,14.4316,81.6067,0,0,0,340.042,-61.7771,132.396,6.85341,-63.5448,-62.7141,354.473,-47.1759,-36.6165,88.4601,-1.48726,39.7415,
19.9583,-6.85341,14.4316,81.6067,0,0,0,340.042,-61.7771,132.396,6.85341,-63.5448,-62.7141,354.473,-47.1759,-36.6165,88.4601,-1.48726,39.7415,
19.9583,-6.85341,14.4136,81.3859,0,0,0,340.042,-61.7771,132.396,6.85341,-63.5448,-62.7141,354.455,-47.1567,-36.6034,88.2393,-1.47606,39.5132,
19.9583,-6.85341,14.4136,81.3859,0,0,0,340.042,-61.7771,132.396,6.85341,-63.5448,-62.7141,354.455,-47.1567,-36.6034,88.2393,-1.47606,39.5132,
19.9715,-6.85341,14.4269,81.3859,0,0,0,340.028,-61.7334,132.407,6.85341,-63.5448,-62.7141,354.455,-47.1567,-36.6034,88.2393,-1.47606,39.5132,
19.9715,-6.85341,14.4269,81.3859,0,0,0,340.028,-61.7334,132.407,6.85341,-63.5448,-62.7141,354.455,-47.1567,-36.6034,88.2393,-1.47606,39.5132,
19.9715,-6.85794,14.4301,81.1172,0,0,0,340.028,-61.7334,132.407,6.85794,-63.5838,-62.7182,354.459,-47.1742,-36.6057,87.9751,-1.26594,39.5869,
19.9715,-6.85794,14.4301,81.1172,0,0,0,340.028,-61.7334,132.407,6.85794,-63.5838,-62.7182,354.459,-47.1742,-36.6057,87.9751,-1.26594,39.5869,
19.9715,-6.85794,14.4301,81.1172,0,0,0,340.028,-61.7334,132.407,6.85794,-63.5838,-62.7182,354.459,-47.1742,-36.6057,87.9751,-1.26594,39.5869,
19.9715,-6.85794,14.4301,81.1172,0,0,0,340.028,-61.7334,132.407,6.85794,-63.5838,-62.7182,354.459,-47.1742,-36.6057,87.9751,-1.26594,39.5869,
19.9866,-6.86197,14.4451,81.1132,0,0,0,340.013,-61.7288,132.421,6.86197,-63.5826,-62.7218,354.459,-47.1742,-36.6057,87.9751,-1.26594,39.5869,
19.9866,-6.86197,14.4451,81.1132,0,0,0,340.013,-61.7288,132.421,6.86197,-63.5826,-62.7218,354.459,-47.1742,-36.6057,87.9751,-1.26594,39.5869,
19.9866,-6.86197,14.4566,81.3316,0,0,0,340.013,-61.7288,132.421,6.86197,-63.5826,-62.7218,354.47,-47.1667,-36.6142,88.1936,-1.30938,39.6287,
19.9866,-6.86197,14.4566,81.3316,0,0,0,340.013,-61.7288,132.421,6.86197,-63.5826,-62.7218,354.47,-47.1667,-36.6142,88.1936,-1.30938,39.6287,
19.9933,-6.86197,14.4634,81.3316,0,0,0,340.007,-61.7279,132.427,6.86197,-63.5826,-62.7218,354.47,-47.1667,-36.6142,88.1936,-1.30938,39.6287,
19.9933,-6.86197,14.4634,81.3316,0,0,0,340.007,-61.7279,132.427,6.86197,-63.5826,-62.7218,354.47,-47.1667,-36.6142,88.1936,-1.30938,39.6287,
19.9933,-6.84957,14.4667,81.4351,0,0,0,340.007,-61.7279,132.427,6.84957,-63.5598,-62.7107,354.473,-47.1433,-36.6166,88.2847,-1.3777,39.6299,
19.9933,-6.84957,14.4667,81.4351,0,0,0,340.007,-61.7279,132.427,6.84957,-63.5598,-62.7107,354.473,-47.1433,-36.6166,88.2847,-1.3777,39.6299,
19.9933,-6.84957,14.4667,81.4351,0,0,0,340.007,-61.7279,132.427,6.84957,-63.5598,-62.7107,354.473,-47.1433,-36.6166,88.2847,-1.3777,39.6299,
19.9933,-6.84957,14.4667,81.4351,0,0,0,340.007,-61.7279,132.427,6.84957,-63.5598,-62.7107,354.473,-47.1433,-36.6166,88.2847,-1.3777,39.6299,
19.9448,-6.87185,14.4227,81.4129,0,0,0,340.055,-61.74,132.384,6.87185,-63.577,-62.7307,354.478,-47.132,-36.6199,88.2847,-1.3777,39.6299,
19.9448,-6.87185,14.4227,81.4129,0,0,0,340.055,-61.74,132.384,6.87185,-63.577,-62.7307,354.478,-47.132,-36.6199,88.2847,-1.3777,39.6299,
19.9448,-6.87185,14.4204,81.4126,0,0,0,340.055,-61.74,132.384,6.87185,-63.577,-62.7307,354.476,-47.1306,-36.6182,88.2844,-1.27424,39.6496,
19.9448,-6.87185,14.4204,81.4126,0,0,0,340.055,-61.74,132.384,6.87185,-63.577,-62.7307,354.476,-47.1306,-36.6182,88.2844,-1.27424,39.6496,
19.9393,-6.87185,14.4149,81.4126,0,0,0,340.061,-61.7339,132.379,6.87185,-63.577,-62.7307,354.476,-47.1306,-36.6182,88.2844,-1.27424,39.6496,
19.9393,-6.87185,14.4149,81.4126,0,0,0,340.061,-61.7339,132.379,6.87185,-63.577,-62.7307,354.476,-47.1306,-36.6182,88.2844,-1.27424,39.6496,
19.9393,-6.8785,14.4258,81.2374,0,0,0,340.061,-61.7339,132.379,6.8785,-63.5709,-62.7366,354.487,-47.1457,-36.6263,88.1159,-1.03112,39.6563,
19.9393,-6.8785,14.4258,81.2374,0,0,0,340.061,-61.7339,132.379,6.8785,-63.5709,-62.7366,354.487,-47.1457,-36.6263,88.1159,-1.03112,39.6563,
19.9393,-6.8785,14.4258,81.2374,0,0,0,340.061,-61.7339,132.379,6.8785,-63.5709,-62.7366,354.487,-47.1457,-36.6263,88.1159,-1.03112,39.6563,
19.9393,-6.8785,14.4258,81.2374,0,0,0,340.061,-61.7339,132.379,6.8785,-63.5709,-62.7366,354.487,-47.1457,-36.6263,88.1159,-1.03112,39.6563,
19.9061,-6.89338,14.3896,81.2225,0,0,0,340.094,-61.7053,132.35,6.89338,-63.5611,-62.7499,354.484,-47.1575,-36.624,88.1159,-1.03112,39.6563,
19.9061,-6.89338,14.3896,81.2225,0,0,0,340.094,-61.7053,132.35,6.89338,-63.5611,-62.7499,354.484,-47.1575,-36.624,88.1159,-1.03112,39.6563,
19.9061,-6.89338,14.3879,80.8041,0,0,0,340.094,-61.7053,132.35,6.89338,-63.5611,-62.7499,354.482,-47.158,-36.6227,87.6975,-0.950301,39.2046,
19.9061,-6.89338,14.3879,80.8041,0,0,0,340.094,-61.7053,132.35,6.89338,-63.5611,-62.7499,354.482,-47.158,-36.6227,87.6975,-0.950301,39.2046,
19.9398,-6.91057,14.4215,80.7869,0,0,0,340.06,-61.7391,132.38,6.91057,-63.5651,-62.7653,354.482,-47.158,-36.6227,87.6975,-0.950301,39.2046,
19.9398,-6.91057,14.4215,80.7869,0,0,0,340.06,-61.7391,132.38,6.91057,-63.5651,-62.7653,354.482,-47.158,-36.6227,87.6975,-0.950301,39.2046,
19.9398,-6.90857,14.415,80.8117,0,0,0,340.06,-61.7391,132.38,6.90857,-63.5535,-62.7635,354.475,-47.1286,-36.6179,87.7203,-0.649245,40.0358,
19.9398,-6.90857,14.415,80.8117,0,0,0,340.06,-61.7391,132.38,6.90857,-63.5535,-62.7635,354.475,-47.1286,-36.6179,87.7203,-0.649245,40.0358,
19.9398,-6.90857,14.415,80.8117,0,0,0,340.06,-61.7391,132.38,6.90857,-63.5535,-62.7635,354.475,-47.1286,-36.6179,87.7203,-0.649245,40.0358,
19.9398,-6.90857,14.415,80.8117,0,0,0,340.06,-61.7391,132.38,6.90857,-63.5535,-62.7635,354.475,-47.1286,-36.6179,87.7203,-0.649245,40.0358,
20.0108,-6.87149,14.4824,80.8488,0,0,0,339.989,-61.7459,132.442,6.87149,-63.5619,-62.7303,354.472,-47.1339,-36.6153,87.7203,-0.649245,40.0358,
20.0108,-6.87149,14.4824,80.8488,0,0,0,339.989,-61.7459,132.442,6.87149,-63.5619,-62.7303,354.472,-47.1339,-36.6153,87.7203,-0.649245,40.0358,
20.0108,-6.87149,14.4824,80.8587,0,0,0,339.989,-61.7459,132.442,6.87149,-63.5619,-62.7303,354.472,-47.1339,-36.6153,87.7302,-0.639565,40.1429,
20.0108,-6.87149,14.4824,80.8587,0,0,0,339.989,-61.7459,132.442,6.87149,-63.5619,-62.7303,354.472,-47.1339,-36.6153,87.7302,-0.639565,40.1429,
20.051,-6.91286,14.5226,80.8173,0,0,0,339.949,-61.7546,132.478,6.91286,-63.5604,-62.7674,354.472,-47.1339,-36.6153,87.7302,-0.639565,40.1429,
20.051,-6.91286,14.5226,80.8173,0,0,0,339.949,-61.7546,132.478,6.91286,-63.5604,-62.7674,354.472,-47.1339,-36.6153,87.7302,-0.639565,40.1429,
20.051,-6.91286,14.5224,80.6824,0,0,0,339.949,-61.7546,132.478,6.91286,-63.5604,-62.7674,354.471,-47.1413,-36.6152,87.5953,-0.623107,40.1293,
20.051,-6.91286,14.5224,80.6824,0,0,0,339.949,-61.7546,132.478,6.91286,-63.5604,-62.7674,354.471,-47.1413,-36.6152,87.5953,-0.623107,40.1293,
20.051,-6.91286,14.5224,80.6824,0,0,0,339.949,-61.7546,132.478,6.91286,-63.5604,-62.7674,354.471,-47.1413,-36.6152,87.5953,-0.623107,40.1293,
20.051,-6.91286,14.5224,80.6824,0,0,0,339.949,-61.7546,132.478,6.91286,-63.5604,-62.7674,354.471,-47.1413,-36.6152,87.5953,-0.623107,40.1293,
20.0429,-6.95106,14.551,80.6442,0,0,0,339.957,-61.7362,132.47,6.95106,-63.5507,-62.8015,354.508,-47.1616,-36.6421,87.5953,-0.623107,40.1293,
20.0429,-6.95106,14.551,80.6442,0,0,0,339.957,-61.7362,132.47,6.95106,-63.5507,-62.8015,354.508,-47.1616,-36.6421,87.5953,-0.623107,40.1293,
20.0209,-6.88165,14.5224,80.6905,0,0,0,339.979,-61.7253,132.451,6.88165,-63.5607,-62.7394,354.501,-47.1402,-36.6372,87.5722,-0.750522,40.1302,
20.0209,-6.88165,14.5224,80.6905,0,0,0,339.979,-61.7253,132.451,6.88165,-63.5607,-62.7394,354.501,-47.1402,-36.6372,87.5722,-0.750522,40.1302,
20.0044,-6.90131,14.5059,80.6032,0,0,0,339.996,-61.7485,132.436,6.90131,-63.5265,-62.757,354.501,-47.1402,-36.6372,87.5045,-0.919261,40.2386,
20.0044,-6.90131,14.5059,80.6032,0,0,0,339.996,-61.7485,132.436,6.90131,-63.5265,-62.757,354.501,-47.1402,-36.6372,87.5045,-0.919261,40.2386,
19.9772,-6.87293,14.4948,80.447,0,0,0,340.023,-61.7369,132.413,6.87293,-63.5722,-62.7316,354.518,-47.161,-36.649,87.3199,-0.970658,40.8534,
19.9772,-6.87293,14.4948,80.447,0,0,0,340.023,-61.7369,132.413,6.87293,-63.5722,-62.7316,354.518,-47.161,-36.649,87.3199,-0.970658,40.8534,
19.9766,-6.85656,14.4364,80.4315,0,0,0,340.023,-61.7024,132.412,6.85656,-63.5694,-62.7169,354.46,-47.1396,-36.6066,87.2881,-1.46408,42.1484,
19.9766,-6.85656,14.4364,80.4315,0,0,0,340.023,-61.7024,132.412,6.85656,-63.5694,-62.7169,354.46,-47.1396,-36.6066,87.2881,-1.46408,42.1484,
19.9869,-6.84164,14.4385,80.4003,0,0,0,340.013,-61.7044,132.421,6.84164,-63.5463,-62.7036,354.452,-47.1308,-36.6006,87.2419,-1.29755,42.2529,
19.9869,-6.84164,14.4385,80.4003,0,0,0,340.013,-61.7044,132.421,6.84164,-63.5463,-62.7036,354.452,-47.1308,-36.6006,87.2419,-1.29755,42.2529,
19.9723,-6.82837,14.4301,80.3821,0,0,0,340.028,-61.6933,132.408,6.82837,-63.5514,-62.6917,354.458,-47.1204,-36.6052,87.2105,-1.14908,42.2447,
19.9723,-6.82837,14.4301,80.3821,0,0,0,340.028,-61.6933,132.408,6.82837,-63.5514,-62.6917,354.458,-47.1204,-36.6052,87.2105,-1.14908,42.2447,
19.9679,-6.84422,14.4243,80.3149,0,0,0,340.032,-61.6838,132.404,6.84422,-63.5419,-62.7059,354.456,-47.143,-36.6042,87.1591,-0.75133,42.2236,
19.9679,-6.84422,14.4243,80.3149,0,0,0,340.032,-61.6838,132.404,6.84422,-63.5419,-62.7059,354.456,-47.143,-36.6042,87.1591,-0.75133,42.2236,
19.9924,-6.81704,14.4489,80.2812,0,0,0,340.008,-61.689,132.426,6.81704,-63.5295,-62.6815,354.456,-47.143,-36.6042,87.0982,-0.422284,42.2147,
19.9924,-6.81704,14.4489,80.2812,0,0,0,340.008,-61.689,132.426,6.81704,-63.5295,-62.6815,354.456,-47.143,-36.6042,87.0982,-0.422284,42.2147,
19.9828,-6.83086,14.4389,80.1773,0,0,0,340.017,-61.7118,132.417,6.83086,-63.5385,-62.6939,354.456,-47.1633,-36.6039,87.0082,-0.152388,42.3183,
19.9828,-6.83086,14.4389,80.1773,0,0,0,340.017,-61.7118,132.417,6.83086,-63.5385,-62.6939,354.456,-47.1633,-36.6039,87.0082,-0.152388,42.3183,
19.9821,-6.8463,14.4382,80.1619,0,0,0,340.018,-61.7226,132.417,6.8463,-63.5349,-62.7077,354.456,-47.1633,-36.6039,87.0082,-0.152388,42.3183,
19.9821,-6.8463,14.4382,80.1619,0,0,0,340.018,-61.7226,132.417,6.8463,-63.5349,-62.7077,354.456,-47.1633,-36.6039,87.0082,-0.152388,42.3183,
19.9821,-6.82189,14.4062,79.3231,0,0,0,340.018,-61.7226,132.417,6.82189,-63.5351,-62.6859,354.424,-47.1691,-36.5804,86.145,-0.517176,42.9469,
19.9821,-6.82189,14.4062,79.3231,0,0,0,340.018,-61.7226,132.417,6.82189,-63.5351,-62.6859,354.424,-47.1691,-36.5804,86.145,-0.517176,42.9469,
20.0023,-6.82489,14.4588,78.3372,0,0,0,339.998,-61.7217,132.435,6.82489,-63.5271,-62.6886,354.456,-47.1533,-36.6042,85.1621,-0.712903,42.9605,
20.0023,-6.82489,14.4588,78.3372,0,0,0,339.998,-61.7217,132.435,6.82489,-63.5271,-62.6886,354.456,-47.1533,-36.6042,85.1621,-0.712903,42.9605,
20.0023,-6.82489,14.4853,78.3372,0,0,0,339.998,-61.7217,132.435,6.82489,-63.5271,-62.6886,354.483,-47.1546,-36.6236,85.1621,-0.712903,42.9605,
20.0023,-6.82489,14.4853,78.3372,0,0,0,339.998,-61.7217,132.435,6.82489,-63.5271,-62.6886,354.483,-47.1546,-36.6236,85.1621,-0.712903,42.9605,
20.0309,-6.80975,14.5096,77.7038,0,0,0,339.969,-61.7399,132.46,6.80975,-63.5642,-62.675,354.479,-47.1352,-36.6204,84.5136,-0.756349,43.102,
20.0309,-6.80975,14.5096,77.7038,0,0,0,339.969,-61.7399,132.46,6.80975,-63.5642,-62.675,354.479,-47.1352,-36.6204,84.5136,-0.756349,43.102,
20.0422,-6.8057,14.5318,75.5677,0,0,0,339.958,-61.7494,132.47,6.8057,-63.5489,-62.6714,354.49,-47.1177,-36.6284,82.3734,-0.448735,43.0812,
20.0422,-6.8057,14.5318,75.5677,0,0,0,339.958,-61.7494,132.47,6.8057,-63.5489,-62.6714,354.49,-47.1177,-36.6284,82.3734,-0.448735,43.0812,
20.0463,-6.81918,14.5391,74.119,0,0,0,339.954,-61.7479,132.473,6.81918,-63.5537,-62.6834,354.493,-47.0922,-36.6308,80.9382,-0.192156,43.2637,
20.0463,-6.81918,14.5391,74.119,0,0,0,339.954,-61.7479,132.473,6.81918,-63.5537,-62.6834,354.493,-47.0922,-36.6308,80.9382,-0.192156,43.2637,
20.0337,-6.83647,14.5265,73.0295,0,0,0,339.966,-61.7455,132.462,6.83647,-63.5621,-62.6989,354.493,-47.0922,-36.6308,79.866,-0.0315337,43.401,
20.0337,-6.83647,14.5265,73.0295,0,0,0,339.966,-61.7455,132.462,6.83647,-63.5621,-62.6989,354.493,-47.0922,-36.6308,79.866,-0.0315337,43.401,
20.0456,-6.84677,14.5432,73.0192,0,0,0,339.954,-61.769,132.473,6.84677,-63.542,-62.7081,354.498,-47.1134,-36.6343,79.866,-0.0315337,43.401,
20.0456,-6.84677,14.5432,73.0192,0,0,0,339.954,-61.769,132.473,6.84677,-63.542,-62.7081,354.498,-47.1134,-36.6343,79.866,-0.0315337,43.401,
20.0456,-6.84677,14.5432,71.8148,0,0,0,339.954,-61.769,132.473,6.84677,-63.542,-62.7081,354.498,-47.1134,-36.6343,78.6616,-0.199295,43.8237,
20.0456,-6.84677,14.5432,71.8148,0,0,0,339.954,-61.769,132.473,6.84677,-63.542,-62.7081,354.498,-47.1134,-36.6343,78.6616,-0.199295,43.8237,
20.0767,-6.84677,14.5359,63.9828,0,0,0,339.923,-61.6644,132.492,6.84677,-63.542,-62.7081,354.459,-47.0514,-36.6102,70.8295,-2.17569,44.6601,
20.0767,-6.84677,14.5359,63.9828,0,0,0,339.923,-61.6644,132.492,6.84677,-63.542,-62.7081,354.459,-47.0514,-36.6102,70.8295,-2.17569,44.6601,
20.0745,-6.69959,14.5149,61.5864,0,0,0,339.926,-61.6516,132.49,6.69959,-63.4481,-62.5829,354.44,-47.0693,-36.5965,68.286,-2.30025,44.8019,
20.0745,-6.69959,14.5149,61.5864,0,0,0,339.926,-61.6516,132.49,6.69959,-63.4481,-62.5829,354.44,-47.0693,-36.5965,68.286,-2.30025,44.8019,
20.0608,-6.67978,14.5262,61.6062,0,0,0,339.939,-61.6471,132.478,6.67978,-63.4153,-62.5652,354.465,-47.0734,-36.6148,68.286,-2.30025,44.8019,
20.0608,-6.67978,14.5262,61.6062,0,0,0,339.939,-61.6471,132.478,6.67978,-63.4153,-62.5652,354.465,-47.0734,-36.6148,68.286,-2.30025,44.8019,
20.0919,-6.67978,14.5519,51.4323,0,0,0,339.908,-61.615,132.506,6.67978,-63.4153,-62.5652,354.46,-47.0724,-36.6108,58.112,-1.77835,43.2079,
20.0919,-6.67978,14.5519,51.4323,0,0,0,339.908,-61.615,132.506,6.67978,-63.4153,-62.5652,354.46,-47.0724,-36.6108,58.112,-1.77835,43.2079,
20.0662,-6.67068,14.5261,47.7763,0,0,0,339.934,-61.636,132.483,6.67068,-63.4284,-62.557,354.46,-47.0724,-36.6108,54.447,-1.92378,42.9948,
20.0662,-6.67068,14.5261,47.7763,0,0,0,339.934,-61.636,132.483,6.67068,-63.4284,-62.557,354.46,-47.0724,-36.6108,54.447,-1.92378,42.9948,
20.0283,-6.66185,14.4544,43.0621,0,0,0,339.972,-61.5844,132.45,6.66185,-63.4095,-62.5503,354.426,-47.086,-36.586,49.724,-2.31916,43.2272,
20.0283,-6.66185,14.4544,43.0621,0,0,0,339.972,-61.5844,132.45,6.66185,-63.4095,-62.5503,354.426,-47.086,-36.586,49.724,-2.31916,43.2272,
20.0283,-6.65133,14.4091,43.0726,0,0,0,339.972,-61.5844,132.45,6.65133,-63.4015,-62.5409,354.381,-47.0481,-36.5529,49.724,-2.31916,43.2272,
20.0283,-6.65133,14.4091,43.0726,0,0,0,339.972,-61.5844,132.45,6.65133,-63.4015,-62.5409,354.381,-47.0481,-36.5529,49.724,-2.31916,43.2272,
20.045,-6.65089,14.4264,30.192,0,0,0,339.955,-61.5563,132.464,6.65089,-63.4026,-62.5405,354.381,-47.0419,-36.5532,36.8429,0.968692,39.5525,
20.045,-6.65089,14.4264,30.192,0,0,0,339.955,-61.5563,132.464,6.65089,-63.4026,-62.5405,354.381,-47.0419,-36.5532,36.8429,0.968692,39.5525,
20.0362,-6.65289,14.4275,26.9665,0,0,0,339.964,-61.5081,132.457,6.65289,-63.3825,-62.5423,354.391,-47.0425,-36.5605,33.6194,1.61917,38.6336,
20.0362,-6.65289,14.4275,26.9665,0,0,0,339.964,-61.5081,132.457,6.65289,-63.3825,-62.5423,354.391,-47.0425,-36.5605,33.6194,1.61917,38.6336,
20.0362,-6.62863,14.4275,26.9908,0,0,0,339.964,-61.5081,132.457,6.62863,-63.3736,-62.5206,354.391,-47.0425,-36.5605,33.6194,1.61917,38.6336,
20.0362,-6.62863,14.4275,26.9908,0,0,0,339.964,-61.5081,132.457,6.62863,-63.3736,-62.5206,354.391,-47.0425,-36.5605,33.6194,1.61917,38.6336,
20.0362,-6.62863,14.376,26.9908,0,0,0,339.964,-61.5081,132.457,6.62863,-63.3736,-62.5206,354.34,-46.9807,-36.5229,33.6194,1.61917,38.6336,
20.0362,-6.62863,14.376,26.9908,0,0,0,339.964,-61.5081,132.457,6.62863,-63.3736,-62.5206,354.34,-46.9807,-36.5229,33.6194,1.61917,38.6336,
20.0233,-6.63512,14.3632,12.2601,0,0,0,339.977,-61.5679,132.455,6.63512,-63.3991,-62.5259,354.34,-46.9807,-36.5229,18.8952,2.10868,34.1393,
20.0233,-6.63512,14.3632,12.2601,0,0,0,339.977,-61.5679,132.455,6.63512,-63.3991,-62.5259,354.34,-46.9807,-36.5229,18.8952,2.10868,34.1393,
20.0233,-6.63512,14.379,12.2601,0,0,0,339.977,-61.5679,132.455,6.63512,-63.3991,-62.5259,354.356,-47.0043,-36.5385,18.8952,2.10868,34.1393,
20.0233,-6.63512,14.379,12.2601,0,0,0,339.977,-61.5679,132.455,6.63512,-63.3991,-62.5259,354.356,-47.0043,-36.5385,18.8952,2.10868,34.1393,
20.0233,-6.63512,14.379,9.45057,0,0,0,339.977,-61.5679,132.455,6.63512,-63.3991,-62.5259,354.356,-47.0043,-36.5385,16.0857,2.02822,33.3708,
20.0233,-6.63512,14.379,9.45057,0,0,0,339.977,-61.5679,132.455,6.63512,-63.3991,-62.5259,354.356,-47.0043,-36.5385,16.0857,2.02822,33.3708,
19.9834,-6.95027,14.3391,6.64741,0,0,0,340.017,-61.7245,132.438,6.95027,-63.5796,-62.8066,354.356,-47.0043,-36.5385,13.5977,1.82929,32.6924,
19.9834,-6.95027,14.3391,6.64741,0,0,0,340.017,-61.7245,132.438,6.95027,-63.5796,-62.8066,354.356,-47.0043,-36.5385,13.5977,1.82929,32.6924,
19.9834,-6.95027,14.4011,6.64741,0,0,0,340.017,-61.7245,132.438,6.95027,-63.5796,-62.8066,354.418,-47.0707,-36.596,13.5977,1.82929,32.6924,
19.9834,-6.95027,14.4011,6.64741,0,0,0,340.017,-61.7245,132.438,6.95027,-63.5796,-62.8066,354.418,-47.0707,-36.596,13.5977,1.82929,32.6924,
19.9389,-6.95027,14.3566,1.20134,0,0,0,340.061,-61.9166,132.45,6.95027,-63.5796,-62.8066,354.418,-47.0707,-36.596,8.15161,1.08912,31.3314,
19.9389,-6.95027,14.3566,1.20134,0,0,0,340.061,-61.9166,132.45,6.95027,-63.5796,-62.8066,354.418,-47.0707,-36.596,8.15161,1.08912,31.3314,
19.9389,-7.15126,14.5022,1.00035,0,0,0,340.061,-61.9166,132.45,7.15126,-63.6976,-62.9791,354.563,-47.2258,-36.7265,8.15161,1.08912,31.3314,
19.9389,-7.15126,14.5022,1.00035,0,0,0,340.061,-61.9166,132.45,7.15126,-63.6976,-62.9791,354.563,-47.2258,-36.7265,8.15161,1.08912,31.3314,
19.9389,-7.15126,14.5022,-4.34183,0,0,0,340.061,-61.9166,132.45,7.15126,-63.6976,-62.9791,354.563,-47.2258,-36.7265,2.80943,0.460452,28.9749,
19.9389,-7.15126,14.5022,-4.34183,0,0,0,340.061,-61.9166,132.45,7.15126,-63.6976,-62.9791,354.563,-47.2258,-36.7265,2.80943,0.460452,28.9749,
19.9258,-7.15126,14.489,-4.34183,0,0,0,340.074,-61.9831,132.438,7.15126,-63.6976,-62.9791,354.563,-47.2258,-36.7265,2.80943,0.460452,28.9749,
19.9258,-7.15126,14.489,-4.34183,0,0,0,340.074,-61.9831,132.438,7.15126,-63.6976,-62.9791,354.563,-47.2258,-36.7265,2.80943,0.460452,28.9749,
19.9258,-7.1107,14.6059,-4.30128,0,0,0,340.074,-61.9831,132.438,7.1107,-63.6883,-62.9438,354.68,-47.3436,-36.8257,2.80943,0.460452,28.9749,
19.9258,-7.1107,14.6059,-4.30128,0,0,0,340.074,-61.9831,132.438,7.1107,-63.6883,-62.9438,354.68,-47.3436,-36.8257,2.80943,0.460452,28.9749,
19.9258,-7.1107,14.6059,-9.49309,0,0,0,340.074,-61.9831,132.438,7.1107,-63.6883,-62.9438,354.68,-47.3436,-36.8257,357.618,-0.135751,29.2195,
19.9258,-7.1107,14.6059,-9.49309,0,0,0,340.074,-61.9831,132.438,7.1107,-63.6883,-62.9438,354.68,-47.3436,-36.8257,357.618,-0.135751,29.2195,
19.9095,-7.16296,14.5426,-9.54535,0,0,0,340.09,-62.004,132.545,7.16296,-63.7138,-62.9906,354.633,-47.257,-36.7911,357.618,-0.135751,29.2195,
19.9095,-7.16296,14.5426,-9.54535,0,0,0,340.09,-62.004,132.545,7.16296,-63.7138,-62.9906,354.633,-47.257,-36.7911,357.618,-0.135751,29.2195,
19.9095,-7.16296,14.5426,-17.7101,0,0,0,340.09,-62.004,132.545,7.16296,-63.7138,-62.9906,354.633,-47.257,-36.7911,349.453,-0.39317,30.8825,
19.9095,-7.16296,14.5426,-17.7101,0,0,0,340.09,-62.004,132.545,7.16296,-63.7138,-62.9906,354.633,-47.257,-36.7911,349.453,-0.39317,30.8825,
19.908,-7.13978,14.5411,-17.6869,0,0,0,340.092,-61.9666,132.427,7.13978,-63.7101,-62.9698,354.633,-47.257,-36.7911,349.453,-0.39317,30.8825,
19.908,-7.13978,14.5411,-17.6869,0,0,0,340.092,-61.9666,132.427,7.13978,-63.7101,-62.9698,354.633,-47.257,-36.7911,349.453,-0.39317,30.8825,
19.908,-7.08259,14.5465,-17.6297,0,0,0,340.092,-61.9666,132.427,7.08259,-63.6643,-62.9181,354.638,-47.2903,-36.7951,349.453,-0.39317,30.8825,
19.908,-7.08259,14.5465,-17.6297,0,0,0,340.092,-61.9666,132.427,7.08259,-63.6643,-62.9181,354.638,-47.2903,-36.7951,349.453,-0.39317,30.8825,
19.908,-7.08259,14.5465,-21.9774,0,0,0,340.092,-61.9666,132.427,7.08259,-63.6643,-62.9181,354.638,-47.2903,-36.7951,345.105,0.444298,30.9743,
19.908,-7.08259,14.5465,-21.9774,0,0,0,340.092,-61.9666,132.427,7.08259,-63.6643,-62.9181,354.638,-47.2903,-36.7951,345.105,0.444298,30.9743,
19.9189,-7.11274,14.548,-22.0076,0,0,0,340.081,-61.9168,132.437,7.11274,-63.6656,-62.9451,354.629,-47.2632,-36.7882,345.105,0.444298,30.9743,
19.9189,-7.11274,14.548,-22.0076,0,0,0,340.081,-61.9168,132.437,7.11274,-63.6656,-62.9451,354.629,-47.2632,-36.7882,345.105,0.444298,30.9743,
19.9189,-7.11274,14.548,-24.2096,0,0,0,340.081,-61.9168,132.437,7.11274,-63.6656,-62.9451,354.629,-47.2632,-36.7882,342.903,0.330181,30.2349,
19.9189,-7.11274,14.548,-24.2096,0,0,0,340.081,-61.9168,132.437,7.11274,-63.6656,-62.9451,354.629,-47.2632,-36.7882,342.903,0.330181,30.2349,
19.9191,-7.0893,14.5482,-24.1862,0,0,0,340.081,-61.8777,132.445,7.0893,-63.6477,-62.9241,354.629,-47.2632,-36.7882,342.903,0.330181,30.2349,
19.9191,-7.0893,14.5482,-24.1862,0,0,0,340.081,-61.8777,132.445,7.0893,-63.6477,-62.9241,354.629,-47.2632,-36.7882,342.903,0.330181,30.2349,
19.9191,-7.0893,14.5363,-24.1862,0,0,0,340.081,-61.8777,132.445,7.0893,-63.6477,-62.9241,354.617,-47.2273,-36.7795,342.903,0.330181,30.2349,
19.9191,-7.0893,14.5363,-24.1862,0,0,0,340.081,-61.8777,132.445,7.0893,-63.6477,-62.9241,354.617,-47.2273,-36.7795,342.903,0.330181,30.2349,
19.9191,-7.0893,14.5363,-24.3478,0,0,0,340.081,-61.8777,132.445,7.0893,-63.6477,-62.9241,354.617,-47.2273,-36.7795,342.741,0.182929,30.2616,
19.9191,-7.0893,14.5363,-24.3478,0,0,0,340.081,-61.8777,132.445,7.0893,-63.6477,-62.9241,354.617,-47.2273,-36.7795,342.741,0.182929,30.2616,
19.9318,-7.07304,14.5357,-24.3316,0,0,0,340.068,-61.8942,132.457,7.07304,-63.6415,-62.9095,354.604,-47.2259,-36.7697,342.741,0.182929,30.2616,
19.9318,-7.07304,14.5357,-24.3316,0,0,0,340.068,-61.8942,132.457,7.07304,-63.6415,-62.9095,354.604,-47.2259,-36.7697,342.741,0.182929,30.2616,
19.9318,-7.07304,14.5357,-23.1824,0,0,0,340.068,-61.8942,132.457,7.07304,-63.6415,-62.9095,354.604,-47.2259,-36.7697,343.891,-0.560867,30.4909,
19.9318,-7.07304,14.5357,-23.1824,0,0,0,340.068,-61.8942,132.457,7.07304,-63.6415,-62.9095,354.604,-47.2259,-36.7697,343.891,-0.560867,30.4909,
19.8911,-7.04946,14.495,-23.1588,0,0,0,340.109,-61.8584,132.392,7.04946,-63.6526,-62.8884,354.604,-47.2259,-36.7697,343.891,-0.560867,30.4909,
19.8911,-7.04946,14.495,-23.1588,0,0,0,340.109,-61.8584,132.392,7.04946,-63.6526,-62.8884,354.604,-47.2259,-36.7697,343.891,-0.560867,30.4909,
19.8911,-7.04946,14.4787,-23.1588,0,0,0,340.109,-61.8584,132.392,7.04946,-63.6526,-62.8884,354.588,-47.246,-36.7578,343.891,-0.560867,30.4909,
19.8911,-7.04946,14.4787,-23.1588,0,0,0,340.109,-61.8584,132.392,7.04946,-63.6526,-62.8884,354.588,-47.246,-36.7578,343.891,-0.560867,30.4909,
19.8726,-7.04946,14.4602,-22.5281,0,0,0,340.127,-61.8482,132.376,7.04946,-63.6526,-62.8884,354.588,-47.246,-36.7578,344.521,-0.932809,30.7526,
19.8726,-7.04946,14.4602,-22.5281,0,0,0,340.127,-61.8482,132.376,7.04946,-63.6526,-62.8884,354.588,-47.246,-36.7578,344.521,-0.932809,30.7526,
19.9183,-7.03337,14.4864,-22.512,0,0,0,340.082,-61.8751,132.416,7.03337,-63.6196,-62.874,354.568,-47.2393,-36.7435,344.521,-0.932809,30.7526,
19.9183,-7.03337,14.4864,-22.512,0,0,0,340.082,-61.8751,132.416,7.03337,-63.6196,-62.874,354.568,-47.2393,-36.7435,344.521,-0.932809,30.7526,
19.9183,-7.03337,14.4864,-21.1326,0,0,0,340.082,-61.8751,132.416,7.03337,-63.6196,-62.874,354.568,-47.2393,-36.7435,345.901,-1.16705,31.2465,
19.9183,-7.03337,14.4864,-21.1326,0,0,0,340.082,-61.8751,132.416,7.03337,-63.6196,-62.874,354.568,-47.2393,-36.7435,345.901,-1.16705,31.2465,
19.8985,-7.05398,14.4745,-21.1532,0,0,0,340.101,-61.8454,132.397,7.05398,-63.6211,-62.8924,354.576,-47.244,-36.7492,345.901,-1.16705,31.2465,
19.8985,-7.05398,14.4745,-21.1532,0,0,0,340.101,-61.8454,132.397,7.05398,-63.6211,-62.8924,354.576,-47.244,-36.7492,345.901,-1.16705,31.2465,
19.8985,-7.05398,14.4798,-12.1416,0,0,0,340.101,-61.8454,132.397,7.05398,-63.6211,-62.8924,354.581,-47.271,-36.7531,354.912,-1.00234,33.055,
19.8985,-7.05398,14.4798,-12.1416,0,0,0,340.101,-61.8454,132.397,7.05398,-63.6211,-62.8924,354.581,-47.271,-36.7531,354.912,-1.00234,33.055,
19.9444,-7.05398,14.5257,-12.1416,0,0,0,340.056,-61.736,132.416,7.05398,-63.6211,-62.8924,354.581,-47.271,-36.7531,354.912,-1.00234,33.055,
19.9444,-7.05398,14.5257,-12.1416,0,0,0,340.056,-61.736,132.416,7.05398,-63.6211,-62.8924,354.581,-47.271,-36.7531,354.912,-1.00234,33.055,
19.9444,-6.92622,14.4763,-12.0138,0,0,0,340.056,-61.736,132.416,6.92622,-63.5492,-62.7818,354.532,-47.227,-36.7103,354.912,-1.00234,33.055,
19.9444,-6.92622,14.4763,-12.0138,0,0,0,340.056,-61.736,132.416,6.92622,-63.5492,-62.7818,354.532,-47.227,-36.7103,354.912,-1.00234,33.055,
19.9444,-6.92622,14.4763,6.98042,0,0,0,340.056,-61.736,132.416,6.92622,-63.5492,-62.7818,354.532,-47.227,-36.7103,13.9066,0.789951,34.899,
19.9444,-6.92622,14.4763,6.98042,0,0,0,340.056,-61.736,132.416,6.92622,-63.5492,-62.7818,354.532,-47.227,-36.7103,13.9066,0.789951,34.899,
19.9751,-6.69201,14.3982,7.21463,0,0,0,340.025,-61.6037,132.67,6.69201,-63.4059,-62.577,354.423,-47.0855,-36.6153,13.9066,0.789951,34.899,
19.9751,-6.69201,14.3982,7.21463,0,0,0,340.025,-61.6037,132.67,6.69201,-63.4059,-62.577,354.423,-47.0855,-36.6153,13.9066,0.789951,34.899,
19.9751,-6.69201,14.3982,21.0882,0,0,0,340.025,-61.6037,132.67,6.69201,-63.4059,-62.577,354.423,-47.0855,-36.6153,27.7802,2.87013,35.2695,
19.9751,-6.69201,14.3982,21.0882,0,0,0,340.025,-61.6037,132.67,6.69201,-63.4059,-62.577,354.423,-47.0855,-36.6153,27.7802,2.87013,35.2695,
20.0371,-6.69201,14.4602,21.0882,0,0,0,339.963,-61.5505,132.789,6.69201,-63.4059,-62.577,354.423,-47.0855,-36.6153,27.7802,2.87013,35.2695,
20.0371,-6.69201,14.4602,21.0882,0,0,0,339.963,-61.5505,132.789,6.69201,-63.4059,-62.577,354.423,-47.0855,-36.6153,27.7802,2.87013,35.2695,
20.0371,-6.69838,14.508,21.0818,0,0,0,339.963,-61.5505,132.789,6.69838,-63.4438,-62.5827,354.471,-47.0856,-36.6504,27.7802,2.87013,35.2695,
20.0371,-6.69838,14.508,21.0818,0,0,0,339.963,-61.5505,132.789,6.69838,-63.4438,-62.5827,354.471,-47.0856,-36.6504,27.7802,2.87013,35.2695,
20.0371,-6.69838,14.508,40.9843,0,0,0,339.963,-61.5505,132.789,6.69838,-63.4438,-62.5827,354.471,-47.0856,-36.6504,47.6827,5.88262,36.5902,
20.0371,-6.69838,14.508,40.9843,0,0,0,339.963,-61.5505,132.789,6.69838,-63.4438,-62.5827,354.471,-47.0856,-36.6504,47.6827,5.88262,36.5902,
20.0419,-6.69496,14.4591,40.9877,0,0,0,339.958,-61.5083,132.794,6.69496,-63.4447,-62.5796,354.417,-47.0241,-36.611,47.6827,5.88262,36.5902,
20.0419,-6.69496,14.4591,40.9877,0,0,0,339.958,-61.5083,132.794,6.69496,-63.4447,-62.5796,354.417,-47.0241,-36.611,47.6827,5.88262,36.5902,
20.0419,-6.69496,14.4591,44.6591,0,0,0,339.958,-61.5083,132.794,6.69496,-63.4447,-62.5796,354.417,-47.0241,-36.611,51.354,6.06824,36.852,
20.0419,-6.69496,14.4591,44.6591,0,0,0,339.958,-61.5083,132.794,6.69496,-63.4447,-62.5796,354.417,-47.0241,-36.611,51.354,6.06824,36.852,
20.0335,-6.69543,14.4507,44.6586,0,0,0,339.966,-61.5279,132.786,6.69543,-63.4335,-62.5801,354.417,-47.0241,-36.611,51.354,6.06824,36.852,
20.0335,-6.69543,14.4507,44.6586,0,0,0,339.966,-61.5279,132.786,6.69543,-63.4335,-62.5801,354.417,-47.0241,-36.611,51.354,6.06824,36.852,
20.0335,-6.69543,14.4755,44.6586,0,0,0,339.966,-61.5279,132.786,6.69543,-63.4335,-62.5801,354.442,-47.0267,-36.6292,51.354,6.06824,36.852,
20.0335,-6.69543,14.4755,44.6586,0,0,0,339.966,-61.5279,132.786,6.69543,-63.4335,-62.5801,354.442,-47.0267,-36.6292,51.354,6.06824,36.852,
20.0335,-6.69543,14.4755,44.6586,0,0,0,339.966,-61.5279,132.786,6.69543,-63.4335,-62.5801,354.442,-47.0267,-36.6292,51.354,6.06824,36.852,
20.0335,-6.69543,14.4755,44.6586,0,0,0,339.966,-61.5279,132.786,6.69543,-63.4335,-62.5801,354.442,-47.0267,-36.6292,51.354,6.06824,36.852,
20.0236,-6.71035,14.4925,44.6437,0,0,0,339.976,-61.554,132.585,6.71035,-63.4432,-62.5934,354.469,-47.0157,-36.6489,51.354,6.06824,36.852,
20.0236,-6.71035,14.4925,44.6437,0,0,0,339.976,-61.554,132.585,6.71035,-63.4432,-62.5934,354.469,-47.0157,-36.6489,51.354,6.06824,36.852,
20.0236,-6.71035,14.4925,50.4573,0,0,0,339.976,-61.554,132.585,6.71035,-63.4432,-62.5934,354.469,-47.0157,-36.6489,57.1677,6.4158,36.5218,
20.0236,-6.71035,14.4925,50.4573,0,0,0,339.976,-61.554,132.585,6.71035,-63.4432,-62.5934,354.469,-47.0157,-36.6489,57.1677,6.4158,36.5218,
19.9976,-6.68108,14.4665,50.4866,0,0,0,340.002,-61.5591,132.45,6.68108,-63.4178,-62.5673,354.469,-47.0157,-36.6489,57.1677,6.4158,36.5218,
19.9976,-6.68108,14.4665,50.4866,0,0,0,340.002,-61.5591,132.45,6.68108,-63.4178,-62.5673,354.469,-47.0157,-36.6489,57.1677,6.4158,36.5218,
19.9976,-6.68108,14.4501,52.757,0,0,0,340.002,-61.5591,132.45,6.68108,-63.4178,-62.5673,354.452,-46.9963,-36.6368,59.4381,6.36427,36.3616,
19.9976,-6.68108,14.4501,52.757,0,0,0,340.002,-61.5591,132.45,6.68108,-63.4178,-62.5673,354.452,-46.9963,-36.6368,59.4381,6.36427,36.3616,
20.0501,-6.68108,14.5026,62.2472,0,0,0,339.95,-61.5066,132.495,6.68108,-63.4178,-62.5673,354.452,-46.9963,-36.6368,68.9283,4.05461,35.3517,
20.0501,-6.68108,14.5026,62.2472,0,0,0,339.95,-61.5066,132.495,6.68108,-63.4178,-62.5673,354.452,-46.9963,-36.6368,68.9283,4.05461,35.3517,
20.0611,-6.64064,14.4984,62.2877,0,0,0,339.939,-61.4894,132.468,6.64064,-63.3849,-62.5332,354.437,-46.9968,-36.622,68.9283,4.05461,35.3517,
20.0611,-6.64064,14.4984,62.2877,0,0,0,339.939,-61.4894,132.468,6.64064,-63.3849,-62.5332,354.437,-46.9968,-36.622,68.9283,4.05461,35.3517,
20.0611,-6.64064,14.4984,72.7536,0,0,0,339.939,-61.4894,132.468,6.64064,-63.3849,-62.5332,354.437,-46.9968,-36.622,79.3942,2.33723,35.1443,
20.0611,-6.64064,14.4984,72.7536,0,0,0,339.939,-61.4894,132.468,6.64064,-63.3849,-62.5332,354.437,-46.9968,-36.622,79.3942,2.33723,35.1443,
20.041,-6.58093,14.4614,72.8133,0,0,0,339.959,-61.5211,132.458,6.58093,-63.3659,-62.4779,354.42,-46.9742,-36.6096,79.3942,2.33723,35.1443,
20.041,-6.58093,14.4614,72.8133,0,0,0,339.959,-61.5211,132.458,6.58093,-63.3659,-62.4779,354.42,-46.9742,-36.6096,79.3942,2.33723,35.1443,
20.041,-6.58093,14.46,83.0459,0,0,0,339.959,-61.5211,132.458,6.58093,-63.3659,-62.4779,354.419,-46.9927,-36.6103,89.6269,2.25961,36.126,
20.041,-6.58093,14.46,83.0459,0,0,0,339.959,-61.5211,132.458,6.58093,-63.3659,-62.4779,354.419,-46.9927,-36.6103,89.6269,2.25961,36.126,
19.5571,-6.58093,13.9761,83.0459,0,0,0,340.443,-61.5722,132.007,6.58093,-63.3659,-62.4779,354.419,-46.9927,-36.6103,89.6269,2.25961,36.126,
19.5571,-6.58093,13.9761,83.0459,0,0,0,340.443,-61.5722,132.007,6.58093,-63.3659,-62.4779,354.419,-46.9927,-36.6103,89.6269,2.25961,36.126,
19.5571,-6.60752,13.9516,83.0194,0,0,0,340.443,-61.5722,132.007,6.60752,-63.3627,-62.5016,354.394,-46.9808,-36.5896,89.6269,2.25961,36.126,
19.5571,-6.60752,13.9516,83.0194,0,0,0,340.443,-61.5722,132.007,6.60752,-63.3627,-62.5016,354.394,-46.9808,-36.5896,89.6269,2.25961,36.126,
19.5571,-6.60752,13.9516,89.3621,0,0,0,340.443,-61.5722,132.007,6.60752,-63.3627,-62.5016,354.394,-46.9808,-36.5896,95.9696,2.19549,35.8792,
19.5571,-6.60752,13.9516,89.3621,0,0,0,340.443,-61.5722,132.007,6.60752,-63.3627,-62.5016,354.394,-46.9808,-36.5896,95.9696,2.19549,35.8792,
19.6387,-6.55714,14.0668,89.4125,0,0,0,340.361,-61.5358,132.079,6.55714,-63.3445,-62.4566,354.428,-46.9931,-36.6141,95.9696,2.19549,35.8792,
19.6387,-6.55714,14.0668,89.4125,0,0,0,340.361,-61.5358,132.079,6.55714,-63.3445,-62.4566,354.428,-46.9931,-36.6141,95.9696,2.19549,35.8792,
19.6387,-6.55714,14.0668,99.276,0,0,0,340.361,-61.5358,132.079,6.55714,-63.3445,-62.4566,354.428,-46.9931,-36.6141,105.833,1.72156,36.5765,
19.6387,-6.55714,14.0668,99.276,0,0,0,340.361,-61.5358,132.079,6.55714,-63.3445,-62.4566,354.428,-46.9931,-36.6141,105.833,1.72156,36.5765,
19.7265,-6.44051,14.1546,99.3927,0,0,0,340.273,-61.4049,132.22,6.44051,-63.2778,-62.3679,354.428,-46.9931,-36.6141,105.833,1.72156,36.5765,
19.7265,-6.44051,14.1546,99.3927,0,0,0,340.273,-61.4049,132.22,6.44051,-63.2778,-62.3679,354.428,-46.9931,-36.6141,105.833,1.72156,36.5765,
19.7265,-6.42235,14.0987,99.4108,0,0,0,340.273,-61.4049,132.22,6.42235,-63.2772,-62.3517,354.372,-46.9317,-36.5781,105.833,1.72156,36.5765,
19.7265,-6.42235,14.0987,99.4108,0,0,0,340.273,-61.4049,132.22,6.42235,-63.2772,-62.3517,354.372,-46.9317,-36.5781,105.833,1.72156,36.5765,
19.7265,-6.42235,14.0987,109.847,0,0,0,340.273,-61.4049,132.22,6.42235,-63.2772,-62.3517,354.372,-46.9317,-36.5781,116.269,2.19326,37.2414,
19.7265,-6.42235,14.0987,109.847,0,0,0,340.273,-61.4049,132.22,6.42235,-63.2772,-62.3517,354.372,-46.9317,-36.5781,116.269,2.19326,37.2414,
19.7742,-6.01243,13.8534,110.257,0,0,0,340.226,-61.1452,132.237,6.01243,-63.057,-62.1916,354.079,-46.6976,-36.5251,116.269,2.19326,37.2414,
19.7742,-6.01243,13.8534,110.257,0,0,0,340.226,-61.1452,132.237,6.01243,-63.057,-62.1916,354.079,-46.6976,-36.5251,116.269,2.19326,37.2414,
19.7742,-6.01243,13.8534,121.454,0,0,0,340.226,-61.1452,132.237,6.01243,-63.057,-62.1916,354.079,-46.6976,-36.5251,127.467,4.35561,38.3848,
19.7742,-6.01243,13.8534,121.454,0,0,0,340.226,-61.1452,132.237,6.01243,-63.057,-62.1916,354.079,-46.6976,-36.5251,127.467,4.35561,38.3848,
19.8773,-6.01636,13.9565,121.45,0,0,0,340.123,-61.1525,132.328,6.01636,-63.0696,-62.1951,354.079,-46.6976,-36.5251,127.467,4.35561,38.3848,
19.8773,-6.01636,13.9565,121.45,0,0,0,340.123,-61.1525,132.328,6.01636,-63.0696,-62.1951,354.079,-46.6976,-36.5251,127.467,4.35561,38.3848,
19.8773,-6.01636,14.0091,121.45,0,0,0,340.123,-61.1525,132.328,6.01636,-63.0696,-62.1951,354.132,-46.6955,-36.5634,127.467,4.35561,38.3848,
19.8773,-6.01636,14.0091,121.45,0,0,0,340.123,-61.1525,132.328,6.01636,-63.0696,-62.1951,354.132,-46.6955,-36.5634,127.467,4.35561,38.3848,
19.8773,-6.01636,14.0091,126.81,0,0,0,340.123,-61.1525,132.328,6.01636,-63.0696,-62.1951,354.132,-46.6955,-36.5634,132.826,5.23866,37.6026,
19.8773,-6.01636,14.0091,126.81,0,0,0,340.123,-61.1525,132.328,6.01636,-63.0696,-62.1951,354.132,-46.6955,-36.5634,132.826,5.23866,37.6026,
19.939,-5.96969,14.0249,126.857,0,0,0,340.061,-61.0848,132.268,5.96969,-63.0303,-62.1535,354.086,-46.6612,-36.53,132.826,5.23866,37.6026,
19.939,-5.96969,14.0249,126.857,0,0,0,340.061,-61.0848,132.268,5.96969,-63.0303,-62.1535,354.086,-46.6612,-36.53,132.826,5.23866,37.6026,
19.939,-5.96969,14.0249,130.546,0,0,0,340.061,-61.0848,132.268,5.96969,-63.0303,-62.1535,354.086,-46.6612,-36.53,136.516,5.74004,38.2779,
19.939,-5.96969,14.0249,130.546,0,0,0,340.061,-61.0848,132.268,5.96969,-63.0303,-62.1535,354.086,-46.6612,-36.53,136.516,5.74004,38.2779,
19.948,-5.95877,14.0339,130.557,0,0,0,340.052,-61.0815,132.275,5.95877,-63.0197,-62.1449,354.086,-46.6612,-36.53,136.516,5.74004,38.2779,
19.948,-5.95877,14.0339,130.557,0,0,0,340.052,-61.0815,132.275,5.95877,-63.0197,-62.1449,354.086,-46.6612,-36.53,136.516,5.74004,38.2779,
19.948,-5.95877,14.0708,131.969,0,0,0,340.052,-61.0815,132.275,5.95877,-63.0197,-62.1449,354.123,-46.6971,-36.5619,137.928,5.94079,38.4899,
19.948,-5.95877,14.0708,131.969,0,0,0,340.052,-61.0815,132.275,5.95877,-63.0197,-62.1449,354.123,-46.6971,-36.5619,137.928,5.94079,38.4899,
19.9683,-5.95877,14.0912,131.969,0,0,0,340.032,-61.1023,132.163,5.95877,-63.0197,-62.1449,354.123,-46.6971,-36.5619,137.928,5.94079,38.4899,
19.9683,-5.95877,14.0912,131.969,0,0,0,340.032,-61.1023,132.163,5.95877,-63.0197,-62.1449,354.123,-46.6971,-36.5619,137.928,5.94079,38.4899,
19.991,-5.91939,14.1315,132.009,0,0,0,340.009,-61.0681,131.963,5.91939,-63.0228,-62.2094,354.141,-46.6882,-36.6355,137.928,5.94079,38.4899,
19.991,-5.91939,14.1315,132.009,0,0,0,340.009,-61.0681,131.963,5.91939,-63.0228,-62.2094,354.141,-46.6882,-36.6355,137.928,5.94079,38.4899,
19.991,-5.91939,14.1315,146.018,0,0,0,340.009,-61.0681,131.963,5.91939,-63.0228,-62.2094,354.141,-46.6882,-36.6355,151.937,7.36129,36.6016,
19.991,-5.91939,14.1315,146.018,0,0,0,340.009,-61.0681,131.963,5.91939,-63.0228,-62.2094,354.141,-46.6882,-36.6355,151.937,7.36129,36.6016,
20.0255,-5.95833,14.1105,145.979,0,0,0,339.974,-61.1237,132.014,5.95833,-63.0456,-62.3948,354.085,-46.7109,-36.7584,151.937,7.36129,36.6016,
20.0255,-5.95833,14.1105,145.979,0,0,0,339.974,-61.1237,132.014,5.95833,-63.0456,-62.3948,354.085,-46.7109,-36.7584,151.937,7.36129,36.6016,
20.0255,-5.95833,14.0871,157.961,0,0,0,339.974,-61.1237,132.014,5.95833,-63.0456,-62.3948,354.062,-46.7081,-36.7707,163.919,9.33932,33.9173,
20.0255,-5.95833,14.0871,157.961,0,0,0,339.974,-61.1237,132.014,5.95833,-63.0456,-62.3948,354.062,-46.7081,-36.7707,163.919,9.33932,33.9173,
20.0131,-5.95833,14.0747,157.961,0,0,0,339.987,-61.1064,132.003,5.95833,-63.0456,-62.3948,354.062,-46.7081,-36.7707,163.919,9.33932,33.9173,
20.0131,-5.95833,14.0747,157.961,0,0,0,339.987,-61.1064,132.003,5.95833,-63.0456,-62.3948,354.062,-46.7081,-36.7707,163.919,9.33932,33.9173,
20.0131,-5.96891,14.0897,157.95,0,0,0,339.987,-61.1064,132.003,5.96891,-63.0623,-62.4042,354.077,-46.727,-36.7816,163.919,9.33932,33.9173,
20.0131,-5.96891,14.0897,157.95,0,0,0,339.987,-61.1064,132.003,5.96891,-63.0623,-62.4042,354.077,-46.727,-36.7816,163.919,9.33932,33.9173,
20.0131,-5.96891,14.0897,163.557,0,0,0,339.987,-61.1064,132.003,5.96891,-63.0623,-62.4042,354.077,-46.727,-36.7816,169.526,10.9787,34.4381,
20.0131,-5.96891,14.0897,163.557,0,0,0,339.987,-61.1064,132.003,5.96891,-63.0623,-62.4042,354.077,-46.727,-36.7816,169.526,10.9787,34.4381,
19.9996,-5.96029,14.0932,163.566,0,0,0,340,-61.1128,131.642,5.96029,-63.0616,-62.3965,354.094,-46.7344,-36.794,169.526,10.9787,34.4381,
19.9996,-5.96029,14.0932,163.566,0,0,0,340,-61.1128,131.642,5.96029,-63.0616,-62.3965,354.094,-46.7344,-36.794,169.526,10.9787,34.4381,
19.9996,-5.96029,14.0932,169.587,0,0,0,340,-61.1128,131.642,5.96029,-63.0616,-62.3965,354.094,-46.7344,-36.794,175.547,11.8954,34.6103,
19.9996,-5.96029,14.0932,169.587,0,0,0,340,-61.1128,131.642,5.96029,-63.0616,-62.3965,354.094,-46.7344,-36.794,175.547,11.8954,34.6103,
20.076,-5.99269,14.1696,169.554,0,0,0,339.924,-61.109,131.824,5.99269,-63.0718,-62.4254,354.094,-46.7344,-36.794,175.547,11.8954,34.6103,
20.076,-5.99269,14.1696,169.554,0,0,0,339.924,-61.109,131.824,5.99269,-63.0718,-62.4254,354.094,-46.7344,-36.794,175.547,11.8954,34.6103,
20.076,-6.04713,14.1672,169.5,0,0,0,339.924,-61.109,131.824,6.04713,-63.1194,-62.474,354.091,-46.7068,-36.7923,175.547,11.8954,34.6103,
20.076,-6.04713,14.1672,169.5,0,0,0,339.924,-61.109,131.824,6.04713,-63.1194,-62.474,354.091,-46.7068,-36.7923,175.547,11.8954,34.6103,
20.076,-6.04713,14.1672,172.727,0,0,0,339.924,-61.109,131.824,6.04713,-63.1194,-62.474,354.091,-46.7068,-36.7923,178.774,12.0037,36.5518,
20.076,-6.04713,14.1672,172.727,0,0,0,339.924,-61.109,131.824,6.04713,-63.1194,-62.474,354.091,-46.7068,-36.7923,178.774,12.0037,36.5518,
20.0708,-6.06025,14.2211,172.714,0,0,0,339.929,-61.1237,131.819,6.06025,-63.1326,-62.4857,354.15,-46.774,-36.8353,178.774,12.0037,36.5518,
20.0708,-6.06025,14.2211,172.714,0,0,0,339.929,-61.1237,131.819,6.06025,-63.1326,-62.4857,354.15,-46.774,-36.8353,178.774,12.0037,36.5518,
20.0708,-6.06025,14.2211,174.542,0,0,0,339.929,-61.1237,131.819,6.06025,-63.1326,-62.4857,354.15,-46.774,-36.8353,180.602,11.698,37.0403,
20.0708,-6.06025,14.2211,174.542,0,0,0,339.929,-61.1237,131.819,6.06025,-63.1326,-62.4857,354.15,-46.774,-36.8353,180.602,11.698,37.0403,
20.0639,-6.07637,14.2142,174.525,0,0,0,339.936,-61.1848,131.706,6.07637,-63.1052,-62.5001,354.15,-46.774,-36.8353,180.602,11.698,37.0403,
20.0639,-6.07637,14.2142,174.525,0,0,0,339.936,-61.1848,131.706,6.07637,-63.1052,-62.5001,354.15,-46.774,-36.8353,180.602,11.698,37.0403,
20.0639,-6.13467,14.2461,174.467,0,0,0,339.936,-61.1848,131.706,6.13467,-63.1135,-62.5521,354.182,-46.756,-36.8586,180.602,11.698,37.0403,
20.0639,-6.13467,14.2461,174.467,0,0,0,339.936,-61.1848,131.706,6.13467,-63.1135,-62.5521,354.182,-46.756,-36.8586,180.602,11.698,37.0403,
20.0639,-6.13467,14.2461,177.854,0,0,0,339.936,-61.1848,131.706,6.13467,-63.1135,-62.5521,354.182,-46.756,-36.8586,183.989,11.3885,37.7083,
20.0639,-6.13467,14.2461,177.854,0,0,0,339.936,-61.1848,131.706,6.13467,-63.1135,-62.5521,354.182,-46.756,-36.8586,183.989,11.3885,37.7083,
20.0739,-6.12344,14.2984,177.866,0,0,0,339.926,-61.17,131.715,6.12344,-63.1229,-62.542,354.225,-46.7431,-36.8894,183.989,11.3885,37.7083,
20.0739,-6.12344,14.2984,177.866,0,0,0,339.926,-61.17,131.715,6.12344,-63.1229,-62.542,354.225,-46.7431,-36.8894,183.989,11.3885,37.7083,
20.0739,-6.12344,14.2984,-176.929,0,0,0,339.926,-61.17,131.715,6.12344,-63.1229,-62.542,354.225,-46.7431,-36.8894,189.194,12.5103,38.4724,
20.0739,-6.12344,14.2984,-176.929,0,0,0,339.926,-61.17,131.715,6.12344,-63.1229,-62.542,354.225,-46.7431,-36.8894,189.194,12.5103,38.4724,
20.0378,-6.12479,14.2624,-176.93,0,0,0,339.962,-61.1441,131.575,6.12479,-63.1355,-62.5433,354.225,-46.7431,-36.8894,189.194,12.5103,38.4724,
20.0378,-6.12479,14.2624,-176.93,0,0,0,339.962,-61.1441,131.575,6.12479,-63.1355,-62.5433,354.225,-46.7431,-36.8894,189.194,12.5103,38.4724,
20.0378,-6.12479,14.2302,-173.38,0,0,0,339.962,-61.1441,131.575,6.12479,-63.1355,-62.5433,354.192,-46.7387,-36.866,192.744,13.275,37.222,
20.0378,-6.12479,14.2302,-173.38,0,0,0,339.962,-61.1441,131.575,6.12479,-63.1355,-62.5433,354.192,-46.7387,-36.866,192.744,13.275,37.222,
20.0378,-6.12479,14.2302,-173.38,0,0,0,339.962,-61.1441,131.575,6.12479,-63.1355,-62.5433,354.192,-46.7387,-36.866,192.744,13.275,37.222,
20.0378,-6.12479,14.2302,-173.38,0,0,0,339.962,-61.1441,131.575,6.12479,-63.1355,-62.5433,354.192,-46.7387,-36.866,192.744,13.275,37.222,
20.0627,-6.12168,14.281,-173.377,0,0,0,339.937,-61.1444,131.545,6.12168,-63.1256,-62.5405,354.218,-46.7443,-36.8849,192.744,13.275,37.222,
20.0627,-6.12168,14.281,-173.377,0,0,0,339.937,-61.1444,131.545,6.12168,-63.1256,-62.5405,354.218,-46.7443,-36.8849,192.744,13.275,37.222,
20.0627,-6.12168,14.281,-169.385,0,0,0,339.937,-61.1444,131.545,6.12168,-63.1256,-62.5405,354.218,-46.7443,-36.8849,196.737,13.1316,36.2117,
20.0627,-6.12168,14.281,-169.385,0,0,0,339.937,-61.1444,131.545,6.12168,-63.1256,-62.5405,354.218,-46.7443,-36.8849,196.737,13.1316,36.2117,
20.0601,-6.12743,14.2654,-169.39,0,0,0,339.94,-61.1509,131.543,6.12743,-63.1364,-62.5456,354.205,-46.7354,-36.8754,196.737,13.1316,36.2117,
20.0601,-6.12743,14.2654,-169.39,0,0,0,339.94,-61.1509,131.543,6.12743,-63.1364,-62.5456,354.205,-46.7354,-36.8754,196.737,13.1316,36.2117,
20.0601,-6.12743,14.2654,-168.956,0,0,0,339.94,-61.1509,131.543,6.12743,-63.1364,-62.5456,354.205,-46.7354,-36.8754,197.171,13.0906,36.5099,
20.0601,-6.12743,14.2654,-168.956,0,0,0,339.94,-61.1509,131.543,6.12743,-63.1364,-62.5456,354.205,-46.7354,-36.8754,197.171,13.0906,36.5099,
20.0532,-6.12743,14.2585,-168.956,0,0,0,339.947,-61.1404,131.648,6.12743,-63.1364,-62.5456,354.205,-46.7354,-36.8754,197.171,13.0906,36.5099,
20.0532,-6.12743,14.2585,-168.956,0,0,0,339.947,-61.1404,131.648,6.12743,-63.1364,-62.5456,354.205,-46.7354,-36.8754,197.171,13.0906,36.5099,
20.0532,-6.12379,14.2274,-168.953,0,0,0,339.947,-61.1404,131.648,6.12379,-63.1287,-62.5423,354.174,-46.7269,-36.8528,197.171,13.0906,36.5099,
20.0532,-6.12379,14.2274,-168.953,0,0,0,339.947,-61.1404,131.648,6.12379,-63.1287,-62.5423,354.174,-46.7269,-36.8528,197.171,13.0906,36.5099,
20.0532,-6.12379,14.2274,-169.815,0,0,0,339.947,-61.1404,131.648,6.12379,-63.1287,-62.5423,354.174,-46.7269,-36.8528,196.309,12.758,36.6486,
20.0532,-6.12379,14.2274,-169.815,0,0,0,339.947,-61.1404,131.648,6.12379,-63.1287,-62.5423,354.174,-46.7269,-36.8528,196.309,12.758,36.6486,
20.0309,-6.11449,14.2052,-169.806,0,0,0,339.969,-61.1249,131.594,6.11449,-63.1132,-62.534,354.174,-46.7696,-36.8528,196.309,12.758,36.6486,
20.0309,-6.11449,14.2052,-169.806,0,0,0,339.969,-61.1249,131.594,6.11449,-63.1132,-62.534,354.174,-46.7696,-36.8528,196.309,12.758,36.6486,
20.0309,-6.11449,14.2052,-176.401,0,0,0,339.969,-61.1249,131.594,6.11449,-63.1132,-62.534,354.174,-46.7696,-36.8528,189.713,12.1502,37.3228,
20.0309,-6.11449,14.2052,-176.401,0,0,0,339.969,-61.1249,131.594,6.11449,-63.1132,-62.534,354.174,-46.7696,-36.8528,189.713,12.1502,37.3228,
19.9983,-6.11449,14.1726,-176.401,0,0,0,340.002,-61.107,131.566,6.11449,-63.1132,-62.534,354.174,-46.7696,-36.8528,189.713,12.1502,37.3228,
19.9983,-6.11449,14.1726,-176.401,0,0,0,340.002,-61.107,131.566,6.11449,-63.1132,-62.534,354.174,-46.7696,-36.8528,189.713,12.1502,37.3228,
19.9983,-6.13363,14.1813,-176.421,0,0,0,340.002,-61.107,131.566,6.13363,-63.1348,-62.5511,354.183,-46.7586,-36.8592,189.713,12.1502,37.3228,
19.9983,-6.13363,14.1813,-176.421,0,0,0,340.002,-61.107,131.566,6.13363,-63.1348,-62.5511,354.183,-46.7586,-36.8592,189.713,12.1502,37.3228,
19.9983,-6.13363,14.1813,-179.47,0,0,0,340.002,-61.107,131.566,6.13363,-63.1348,-62.5511,354.183,-46.7586,-36.8592,186.664,11.7456,37.1994,
19.9983,-6.13363,14.1813,-179.47,0,0,0,340.002,-61.107,131.566,6.13363,-63.1348,-62.5511,354.183,-46.7586,-36.8592,186.664,11.7456,37.1994,
19.9925,-6.16885,14.1738,-179.505,0,0,0,340.007,-61.1215,131.451,6.16885,-63.1314,-62.5825,354.181,-46.7952,-36.8579,186.664,11.7456,37.1994,
19.9925,-6.16885,14.1738,-179.505,0,0,0,340.007,-61.1215,131.451,6.16885,-63.1314,-62.5825,354.181,-46.7952,-36.8579,186.664,11.7456,37.1994,
19.9925,-6.16885,14.1738,163.562,0,0,0,340.007,-61.1215,131.451,6.16885,-63.1314,-62.5825,354.181,-46.7952,-36.8579,169.731,9.73664,35.3911,
19.9925,-6.16885,14.1738,163.562,0,0,0,340.007,-61.1215,131.451,6.16885,-63.1314,-62.5825,354.181,-46.7952,-36.8579,169.731,9.73664,35.3911,
20.0178,-6.18816,14.199,163.543,0,0,0,339.982,-61.1414,131.473,6.18816,-63.111,-62.5998,354.181,-46.7952,-36.8579,169.731,9.73664,35.3911,
20.0178,-6.18816,14.199,163.543,0,0,0,339.982,-61.1414,131.473,6.18816,-63.111,-62.5998,354.181,-46.7952,-36.8579,169.731,9.73664,35.3911,
20.0178,-6.19711,14.202,163.534,0,0,0,339.982,-61.1414,131.473,6.19711,-63.132,-62.6077,354.184,-46.7749,-36.86,169.731,9.73664,35.3911,
20.0178,-6.19711,14.202,163.534,0,0,0,339.982,-61.1414,131.473,6.19711,-63.132,-62.6077,354.184,-46.7749,-36.86,169.731,9.73664,35.3911,
20.0178,-6.19711,14.202,141.721,0,0,0,339.982,-61.1414,131.473,6.19711,-63.132,-62.6077,354.184,-46.7749,-36.86,147.918,6.77408,31.0555,
20.0178,-6.19711,14.202,141.721,0,0,0,339.982,-61.1414,131.473,6.19711,-63.132,-62.6077,354.184,-46.7749,-36.86,147.918,6.77408,31.0555,
20.0493,-6.14594,14.2299,141.772,0,0,0,339.951,-61.1066,131.473,6.14594,-63.0842,-62.5621,354.181,-46.7592,-36.8574,147.918,6.77408,31.0555,
20.0493,-6.14594,14.2299,141.772,0,0,0,339.951,-61.1066,131.473,6.14594,-63.0842,-62.5621,354.181,-46.7592,-36.8574,147.918,6.77408,31.0555,
20.0493,-6.14594,14.2299,125.632,0,0,0,339.951,-61.1066,131.473,6.14594,-63.0842,-62.5621,354.181,-46.7592,-36.8574,131.778,1.95624,33.5854,
20.0493,-6.14594,14.2299,125.632,0,0,0,339.951,-61.1066,131.473,6.14594,-63.0842,-62.5621,354.181,-46.7592,-36.8574,131.778,1.95624,33.5854,
20.0675,-6.09881,14.2481,125.679,0,0,0,339.932,-61.0987,131.51,6.09881,-63.069,-62.5201,354.181,-46.7592,-36.8574,131.778,1.95624,33.5854,
20.0675,-6.09881,14.2481,125.679,0,0,0,339.932,-61.0987,131.51,6.09881,-63.069,-62.5201,354.181,-46.7592,-36.8574,131.778,1.95624,33.5854,
20.0675,-6.09881,14.2343,115.074,0,0,0,339.932,-61.0987,131.51,6.09881,-63.069,-62.5201,354.167,-46.7749,-36.8474,121.173,0.0319095,33.9227,
20.0675,-6.09881,14.2343,115.074,0,0,0,339.932,-61.0987,131.51,6.09881,-63.069,-62.5201,354.167,-46.7749,-36.8474,121.173,0.0319095,33.9227,
20.0719,-6.09881,14.2387,111.131,0,0,0,339.928,-61.0757,131.514,6.09881,-63.069,-62.5201,354.167,-46.7749,-36.8474,117.23,-0.0956217,34.4189,
20.0719,-6.09881,14.2387,111.131,0,0,0,339.928,-61.0757,131.514,6.09881,-63.069,-62.5201,354.167,-46.7749,-36.8474,117.23,-0.0956217,34.4189,
20.0625,-6.10941,14.2402,111.12,0,0,0,339.938,-61.0488,131.506,6.10941,-63.0946,-62.5296,354.178,-46.7391,-36.8554,117.23,-0.0956217,34.4189,
20.0625,-6.10941,14.2402,111.12,0,0,0,339.938,-61.0488,131.506,6.10941,-63.0946,-62.5296,354.178,-46.7391,-36.8554,117.23,-0.0956217,34.4189,
20.0625,-6.10941,14.2402,99.1212,0,0,0,339.938,-61.0488,131.506,6.10941,-63.0946,-62.5296,354.178,-46.7391,-36.8554,105.231,-2.40437,35.3189,
20.0625,-6.10941,14.2402,99.1212,0,0,0,339.938,-61.0488,131.506,6.10941,-63.0946,-62.5296,354.178,-46.7391,-36.8554,105.231,-2.40437,35.3189,
20.0726,-6.1019,14.209,99.1287,0,0,0,339.927,-61.1017,131.626,6.1019,-63.0654,-62.5228,354.136,-46.7177,-36.8252,105.231,-2.40437,35.3189,
20.0726,-6.1019,14.209,99.1287,0,0,0,339.927,-61.1017,131.626,6.1019,-63.0654,-62.5228,354.136,-46.7177,-36.8252,105.231,-2.40437,35.3189,
20.0726,-6.1019,14.1936,82.0544,0,0,0,339.927,-61.1017,131.626,6.1019,-63.0654,-62.5228,354.121,-46.7059,-36.814,88.1563,-2.70703,37.9829,
20.0726,-6.1019,14.1936,82.0544,0,0,0,339.927,-61.1017,131.626,6.1019,-63.0654,-62.5228,354.121,-46.7059,-36.814,88.1563,-2.70703,37.9829,
20.034,-6.1019,14.155,82.0544,0,0,0,339.966,-61.071,131.592,6.1019,-63.0654,-62.5228,354.121,-46.7059,-36.814,88.1563,-2.70703,37.9829,
20.034,-6.1019,14.155,82.0544,0,0,0,339.966,-61.071,131.592,6.1019,-63.0654,-62.5228,354.121,-46.7059,-36.814,88.1563,-2.70703,37.9829,
20.034,-6.08288,14.2129,82.0734,0,0,0,339.966,-61.071,131.592,6.08288,-63.0897,-62.5059,354.179,-46.7405,-36.8561,88.1563,-2.70703,37.9829,
20.034,-6.08288,14.2129,82.0734,0,0,0,339.966,-61.071,131.592,6.08288,-63.0897,-62.5059,354.179,-46.7405,-36.8561,88.1563,-2.70703,37.9829,
20.034,-6.08288,14.2129,65.8264,0,0,0,339.966,-61.071,131.592,6.08288,-63.0897,-62.5059,354.179,-46.7405,-36.8561,71.9093,-2.21015,40.0894,
20.034,-6.08288,14.2129,65.8264,0,0,0,339.966,-61.071,131.592,6.08288,-63.0897,-62.5059,354.179,-46.7405,-36.8561,71.9093,-2.21015,40.0894,
20.02,-5.99478,14.2108,65.9145,0,0,0,339.98,-61.0382,131.437,5.99478,-63.0614,-62.4768,354.191,-46.7407,-36.8925,71.9093,-2.21015,40.0894,
20.02,-5.99478,14.2108,65.9145,0,0,0,339.98,-61.0382,131.437,5.99478,-63.0614,-62.4768,354.191,-46.7407,-36.8925,71.9093,-2.21015,40.0894,
20.02,-5.99478,14.2108,60.8525,0,0,0,339.98,-61.0382,131.437,5.99478,-63.0614,-62.4768,354.191,-46.7407,-36.8925,66.8473,-1.44006,39.1627,
20.02,-5.99478,14.2108,60.8525,0,0,0,339.98,-61.0382,131.437,5.99478,-63.0614,-62.4768,354.191,-46.7407,-36.8925,66.8473,-1.44006,39.1627,
20.0207,-5.99478,14.2114,60.8525,0,0,0,339.979,-61.108,131.239,5.99478,-63.0614,-62.4768,354.191,-46.7407,-36.8925,66.8473,-1.44006,39.1627,
20.0207,-5.99478,14.2114,60.8525,0,0,0,339.979,-61.108,131.239,5.99478,-63.0614,-62.4768,354.191,-46.7407,-36.8925,66.8473,-1.44006,39.1627,
20.0207,-6.03326,14.1925,60.8141,0,0,0,339.979,-61.108,131.239,6.03326,-63.0879,-62.5528,354.172,-46.7543,-36.9243,66.8473,-1.44006,39.1627,
20.0207,-6.03326,14.1925,60.8141,0,0,0,339.979,-61.108,131.239,6.03326,-63.0879,-62.5528,354.172,-46.7543,-36.9243,66.8473,-1.44006,39.1627,
20.0207,-6.03326,14.1925,50.5001,0,0,0,339.979,-61.108,131.239,6.03326,-63.0879,-62.5528,354.172,-46.7543,-36.9243,56.5334,0.382717,39.7245,
20.0207,-6.03326,14.1925,50.5001,0,0,0,339.979,-61.108,131.239,6.03326,-63.0879,-62.5528,354.172,-46.7543,-36.9243,56.5334,0.382717,39.7245,
20.0097,-6.05352,14.1676,50.4798,0,0,0,339.99,-61.1082,131.779,6.05352,-63.0794,-62.5709,354.158,-46.745,-36.9141,56.5334,0.382717,39.7245,
20.0097,-6.05352,14.1676,50.4798,0,0,0,339.99,-61.1082,131.779,6.05352,-63.0794,-62.5709,354.158,-46.745,-36.9141,56.5334,0.382717,39.7245,
20.0097,-6.05352,14.1676,44.3133,0,0,0,339.99,-61.1082,131.779,6.05352,-63.0794,-62.5709,354.158,-46.745,-36.9141,50.3668,0.504794,39.9181,
20.0097,-6.05352,14.1676,44.3133,0,0,0,339.99,-61.1082,131.779,6.05352,-63.0794,-62.5709,354.158,-46.745,-36.9141,50.3668,0.504794,39.9181,
20.0461,-6.05118,14.204,44.3156,0,0,0,339.954,-61.1068,131.811,6.05118,-63.0314,-62.5688,354.158,-46.745,-36.9141,50.3668,0.504794,39.9181,
20.0461,-6.05118,14.204,44.3156,0,0,0,339.954,-61.1068,131.811,6.05118,-63.0314,-62.5688,354.158,-46.745,-36.9141,50.3668,0.504794,39.9181,
20.0461,-6.07729,14.2156,44.2895,0,0,0,339.954,-61.1068,131.811,6.07729,-63.0458,-62.5921,354.169,-46.754,-36.9226,50.3668,0.504794,39.9181,
20.0461,-6.07729,14.2156,44.2895,0,0,0,339.954,-61.1068,131.811,6.07729,-63.0458,-62.5921,354.169,-46.754,-36.9226,50.3668,0.504794,39.9181,
20.0461,-6.07729,14.2156,29.651,0,0,0,339.954,-61.1068,131.811,6.07729,-63.0458,-62.5921,354.169,-46.754,-36.9226,35.7283,-2.68904,40.292,
20.0461,-6.07729,14.2156,29.651,0,0,0,339.954,-61.1068,131.811,6.07729,-63.0458,-62.5921,354.169,-46.754,-36.9226,35.7283,-2.68904,40.292,
20.0064,-6.07738,14.1791,29.6509,0,0,0,339.994,-61.085,131.776,6.07738,-63.0302,-62.5922,354.173,-46.7246,-36.9249,35.7283,-2.68904,40.292,
20.0064,-6.07738,14.1791,29.6509,0,0,0,339.994,-61.085,131.776,6.07738,-63.0302,-62.5922,354.173,-46.7246,-36.9249,35.7283,-2.68904,40.292,
20.0064,-6.07738,14.1791,17.7775,0,0,0,339.994,-61.085,131.776,6.07738,-63.0302,-62.5922,354.173,-46.7246,-36.9249,23.8549,-4.07764,41.779,
20.0064,-6.07738,14.1791,17.7775,0,0,0,339.994,-61.085,131.776,6.07738,-63.0302,-62.5922,354.173,-46.7246,-36.9249,23.8549,-4.07764,41.779,
19.9498,-6.10818,14.1224,17.7467,0,0,0,340.05,-61.0675,131.726,6.10818,-63.076,-62.6196,354.173,-46.7246,-36.9249,23.8549,-4.07764,41.779,
19.9498,-6.10818,14.1224,17.7467,0,0,0,340.05,-61.0675,131.726,6.10818,-63.076,-62.6196,354.173,-46.7246,-36.9249,23.8549,-4.07764,41.779,
19.9498,-6.10818,14.1327,11.8887,0,0,0,340.05,-61.0675,131.726,6.10818,-63.076,-62.6196,354.183,-46.7194,-36.9323,17.9968,-3.62094,42.27,
19.9498,-6.10818,14.1327,11.8887,0,0,0,340.05,-61.0675,131.726,6.10818,-63.076,-62.6196,354.183,-46.7194,-36.9323,17.9968,-3.62094,42.27,
19.9565,-6.10818,14.1394,9.35274,0,0,0,340.044,-61.1086,131.732,6.10818,-63.076,-62.6196,354.183,-46.7194,-36.9323,15.4609,-3.26078,42.3763,
19.9565,-6.10818,14.1394,9.35274,0,0,0,340.044,-61.1086,131.732,6.10818,-63.076,-62.6196,354.183,-46.7194,-36.9323,15.4609,-3.26078,42.3763,
19.9565,-6.1181,14.1627,9.34282,0,0,0,340.044,-61.1086,131.732,6.1181,-63.0808,-62.6285,354.206,-46.7526,-36.9493,15.4609,-3.26078,42.3763,
19.9565,-6.1181,14.1627,9.34282,0,0,0,340.044,-61.1086,131.732,6.1181,-63.0808,-62.6285,354.206,-46.7526,-36.9493,15.4609,-3.26078,42.3763,
19.9565,-6.1181,14.1627,-2.09321,0,0,0,340.044,-61.1086,131.732,6.1181,-63.0808,-62.6285,354.206,-46.7526,-36.9493,4.02488,-1.87341,41.0445,
19.9565,-6.1181,14.1627,-2.09321,0,0,0,340.044,-61.1086,131.732,6.1181,-63.0808,-62.6285,354.206,-46.7526,-36.9493,4.02488,-1.87341,41.0445,
19.9972,-6.11542,14.2053,-2.09054,0,0,0,340.003,-61.0929,131.768,6.11542,-63.0887,-62.6261,354.208,-46.7455,-36.9507,4.02488,-1.87341,41.0445,
19.9972,-6.11542,14.2053,-2.09054,0,0,0,340.003,-61.0929,131.768,6.11542,-63.0887,-62.6261,354.208,-46.7455,-36.9507,4.02488,-1.87341,41.0445,
19.9972,-6.11542,14.1891,-11.343,0,0,0,340.003,-61.0929,131.768,6.11542,-63.0887,-62.6261,354.192,-46.7518,-36.9388,354.772,-1.118,42.2886,
19.9972,-6.11542,14.1891,-11.343,0,0,0,340.003,-61.0929,131.768,6.11542,-63.0887,-62.6261,354.192,-46.7518,-36.9388,354.772,-1.118,42.2886,
20.0195,-6.11542,14.2114,-11.343,0,0,0,339.98,-61.0841,131.792,6.11542,-63.0887,-62.6261,354.192,-46.7518,-36.9388,354.772,-1.118,42.2886,
20.0195,-6.11542,14.2114,-11.343,0,0,0,339.98,-61.0841,131.792,6.11542,-63.0887,-62.6261,354.192,-46.7518,-36.9388,354.772,-1.118,42.2886,
20.0195,-6.13968,14.2354,-11.3672,0,0,0,339.98,-61.0841,131.792,6.13968,-63.1289,-62.6472,354.216,-46.6846,-36.9563,354.772,-1.118,42.2886,
20.0195,-6.13968,14.2354,-11.3672,0,0,0,339.98,-61.0841,131.792,6.13968,-63.1289,-62.6472,354.216,-46.6846,-36.9563,354.772,-1.118,42.2886,
20.0195,-6.13968,14.2354,-16.2291,0,0,0,339.98,-61.0841,131.792,6.13968,-63.1289,-62.6472,354.216,-46.6846,-36.9563,349.911,-0.591108,41.4358,
20.0195,-6.13968,14.2354,-16.2291,0,0,0,339.98,-61.0841,131.792,6.13968,-63.1289,-62.6472,354.216,-46.6846,-36.9563,349.911,-0.591108,41.4358,
19.9916,-6.17847,14.2926,-16.2679,0,0,0,340.008,-61.2049,131.774,6.17847,-63.116,-62.6818,354.301,-46.7966,-37.0255,349.911,-0.591108,41.4358,
19.9916,-6.17847,14.2926,-16.2679,0,0,0,340.008,-61.2049,131.774,6.17847,-63.116,-62.6818,354.301,-46.7966,-37.0255,349.911,-0.591108,41.4358,
19.9916,-6.17847,14.2926,-18.4608,0,0,0,340.008,-61.2049,131.774,6.17847,-63.116,-62.6818,354.301,-46.7966,-37.0255,347.718,-0.385599,40.3915,
19.9916,-6.17847,14.2926,-18.4608,0,0,0,340.008,-61.2049,131.774,6.17847,-63.116,-62.6818,354.301,-46.7966,-37.0255,347.718,-0.385599,40.3915,
19.9797,-6.18995,14.2806,-18.4723,0,0,0,340.02,-61.1921,131.764,6.18995,-63.1143,-62.692,354.301,-46.7966,-37.0255,347.718,-0.385599,40.3915,
19.9797,-6.18995,14.2806,-18.4723,0,0,0,340.02,-61.1921,131.764,6.18995,-63.1143,-62.692,354.301,-46.7966,-37.0255,347.718,-0.385599,40.3915,
19.9797,-6.18995,14.2526,-18.4723,0,0,0,340.02,-61.1921,131.764,6.18995,-63.1143,-62.692,354.273,-46.7795,-37.0051,347.718,-0.385599,40.3915,
19.9797,-6.18995,14.2526,-18.4723,0,0,0,340.02,-61.1921,131.764,6.18995,-63.1143,-62.692,354.273,-46.7795,-37.0051,347.718,-0.385599,40.3915,
19.9797,-6.18995,14.2526,-20.6785,0,0,0,340.02,-61.1921,131.764,6.18995,-63.1143,-62.692,354.273,-46.7795,-37.0051,345.511,-0.383033,40.3603,
19.9797,-6.18995,14.2526,-20.6785,0,0,0,340.02,-61.1921,131.764,6.18995,-63.1143,-62.692,354.273,-46.7795,-37.0051,345.511,-0.383033,40.3603,
20.0256,-6.20899,14.2959,-20.6976,0,0,0,339.974,-61.1888,131.804,6.20899,-63.133,-62.709,354.27,-46.7442,-37.0032,345.511,-0.383033,40.3603,
20.0256,-6.20899,14.2959,-20.6976,0,0,0,339.974,-61.1888,131.804,6.20899,-63.133,-62.709,354.27,-46.7442,-37.0032,345.511,-0.383033,40.3603,
20.0256,-6.20899,14.2959,-20.7008,0,0,0,339.974,-61.1888,131.804,6.20899,-63.133,-62.709,354.27,-46.7442,-37.0032,345.508,-0.829837,40.6598,
20.0256,-6.20899,14.2959,-20.7008,0,0,0,339.974,-61.1888,131.804,6.20899,-63.133,-62.709,354.27,-46.7442,-37.0032,345.508,-0.829837,40.6598,
20.0214,-6.14314,14.2917,-20.635,0,0,0,339.979,-61.1641,131.8,6.14314,-63.1485,-62.6551,354.27,-46.7442,-37.0032,345.508,-0.829837,40.6598,
20.0214,-6.14314,14.2917,-20.635,0,0,0,339.979,-61.1641,131.8,6.14314,-63.1485,-62.6551,354.27,-46.7442,-37.0032,345.508,-0.829837,40.6598,
20.0214,-6.14314,14.3022,-17.9416,0,0,0,339.979,-61.1641,131.8,6.14314,-63.1485,-62.6551,354.281,-46.7863,-37.0108,348.202,-0.740832,40.7102,
20.0214,-6.14314,14.3022,-17.9416,0,0,0,339.979,-61.1641,131.8,6.14314,-63.1485,-62.6551,354.281,-46.7863,-37.0108,348.202,-0.740832,40.7102,
20.0214,-6.14314,14.3022,-17.9416,0,0,0,339.979,-61.1641,131.8,6.14314,-63.1485,-62.6551,354.281,-46.7863,-37.0108,348.202,-0.740832,40.7102,
20.0214,-6.14314,14.3022,-17.9416,0,0,0,339.979,-61.1641,131.8,6.14314,-63.1485,-62.6551,354.281,-46.7863,-37.0108,348.202,-0.740832,40.7102,
20.0351,-6.13874,14.2748,-17.9372,0,0,0,339.965,-61.154,131.812,6.13874,-63.1234,-62.6512,354.24,-46.8026,-36.9809,348.202,-0.740832,40.7102,
20.0351,-6.13874,14.2748,-17.9372,0,0,0,339.965,-61.154,131.812,6.13874,-63.1234,-62.6512,354.24,-46.8026,-36.9809,348.202,-0.740832,40.7102,
20.0351,-6.13874,14.2748,-14.9265,0,0,0,339.965,-61.154,131.812,6.13874,-63.1234,-62.6512,354.24,-46.8026,-36.9809,351.212,-0.494648,39.2973,
20.0351,-6.13874,14.2748,-14.9265,0,0,0,339.965,-61.154,131.812,6.13874,-63.1234,-62.6512,354.24,-46.8026,-36.9809,351.212,-0.494648,39.2973,
20.0029,-6.18758,14.2238,-14.9753,0,0,0,339.997,-61.1872,131.784,6.18758,-63.1473,-62.6948,354.221,-46.7669,-36.9672,351.212,-0.494648,39.2973,
20.0029,-6.18758,14.2238,-14.9753,0,0,0,339.997,-61.1872,131.784,6.18758,-63.1473,-62.6948,354.221,-46.7669,-36.9672,351.212,-0.494648,39.2973,
20.0029,-6.18758,14.2527,-13.5017,0,0,0,339.997,-61.1872,131.784,6.18758,-63.1473,-62.6948,354.25,-46.7885,-36.9883,352.686,-0.284638,39.3192,
20.0029,-6.18758,14.2527,-13.5017,0,0,0,339.997,-61.1872,131.784,6.18758,-63.1473,-62.6948,354.25,-46.7885,-36.9883,352.686,-0.284638,39.3192,
19.973,-6.18758,14.2228,-13.5017,0,0,0,340.027,-61.1508,131.758,6.18758,-63.1473,-62.6948,354.25,-46.7885,-36.9883,352.686,-0.284638,39.3192,
19.973,-6.18758,14.2228,-13.5017,0,0,0,340.027,-61.1508,131.758,6.18758,-63.1473,-62.6948,354.25,-46.7885,-36.9883,352.686,-0.284638,39.3192,
19.9902,-6.19014,14.2119,-13.5042,0,0,0,340.01,-61.1765,131.773,6.19014,-63.1615,-62.6971,354.222,-46.7578,-36.9678,352.686,-0.284638,39.3192,
19.9902,-6.19014,14.2119,-13.5042,0,0,0,340.01,-61.1765,131.773,6.19014,-63.1615,-62.6971,354.222,-46.7578,-36.9678,352.686,-0.284638,39.3192,
19.9902,-6.19014,14.2119,-6.51526,0,0,0,340.01,-61.1765,131.773,6.19014,-63.1615,-62.6971,354.222,-46.7578,-36.9678,359.675,0.924893,39.0796,
19.9902,-6.19014,14.2119,-6.51526,0,0,0,340.01,-61.1765,131.773,6.19014,-63.1615,-62.6971,354.222,-46.7578,-36.9678,359.675,0.924893,39.0796,
19.9983,-6.13163,14.1861,-6.45675,0,0,0,340.002,-61.2077,131.78,6.13163,-63.1312,-62.6449,354.188,-46.7447,-36.943,359.675,0.924893,39.0796,
19.9983,-6.13163,14.1861,-6.45675,0,0,0,340.002,-61.2077,131.78,6.13163,-63.1312,-62.6449,354.188,-46.7447,-36.943,359.675,0.924893,39.0796,
19.9983,-6.13163,14.1861,1.25049,0,0,0,340.002,-61.2077,131.78,6.13163,-63.1312,-62.6449,354.188,-46.7447,-36.943,7.38212,5.18766,40.9967,
19.9983,-6.13163,14.1861,1.25049,0,0,0,340.002,-61.2077,131.78,6.13163,-63.1312,-62.6449,354.188,-46.7447,-36.943,7.38212,5.18766,40.9967,
19.9976,-6.14777,14.2168,6.36496,0,0,0,340.002,-61.1882,131.777,6.14777,-63.1485,-62.6593,354.219,-46.793,-36.966,12.5127,6.886,41.7938,
19.9976,-6.14777,14.2168,6.36496,0,0,0,340.002,-61.1882,131.777,6.14777,-63.1485,-62.6593,354.219,-46.793,-36.966,12.5127,6.886,41.7938,
19.9606,-6.14976,14.1444,6.36298,0,0,0,340.039,-61.094,131.745,6.14976,-63.1008,-62.6611,354.184,-46.7422,-36.9402,12.5127,6.886,41.7938,
19.9606,-6.14976,14.1444,6.36298,0,0,0,340.039,-61.094,131.745,6.14976,-63.1008,-62.6611,354.184,-46.7422,-36.9402,12.5127,6.886,41.7938,
19.9465,-6.19031,14.1527,24.8901,0,0,0,340.054,-61.126,131.738,6.19031,-63.134,-62.6955,354.206,-46.7622,-36.9596,31.0804,7.87989,42.7971,
19.9465,-6.19031,14.1527,24.8901,0,0,0,340.054,-61.126,131.738,6.19031,-63.134,-62.6955,354.206,-46.7622,-36.9596,31.0804,7.87989,42.7971,
19.9556,-6.20832,14.2102,45.9219,0,0,0,340.044,-61.2105,131.75,6.20832,-63.1428,-62.7116,354.255,-46.8301,-36.9949,52.1302,9.11145,42.4453,
19.9556,-6.20832,14.2102,45.9219,0,0,0,340.044,-61.2105,131.75,6.20832,-63.1428,-62.7116,354.255,-46.8301,-36.9949,52.1302,9.11145,42.4453,
19.9579,-6.22739,14.2582,53.6967,0,0,0,340.042,-61.2925,131.752,6.22739,-63.1865,-62.7286,354.3,-46.8459,-37.0282,59.924,7.99028,43.2507,
19.9579,-6.22739,14.2582,53.6967,0,0,0,340.042,-61.2925,131.752,6.22739,-63.1865,-62.7286,354.3,-46.8459,-37.0282,59.924,7.99028,43.2507,
19.9579,-6.24401,14.2582,53.68,0,0,0,340.042,-61.2925,131.752,6.24401,-63.2076,-62.7435,354.3,-46.8459,-37.0282,59.924,7.99028,43.2507,
19.9579,-6.24401,14.2582,53.68,0,0,0,340.042,-61.2925,131.752,6.24401,-63.2076,-62.7435,354.3,-46.8459,-37.0282,59.924,7.99028,43.2507,
19.9579,-6.24401,14.279,53.68,0,0,0,340.042,-61.2925,131.752,6.24401,-63.2076,-62.7435,354.321,-46.8233,-37.0433,59.924,7.99028,43.2507,
19.9579,-6.24401,14.279,53.68,0,0,0,340.042,-61.2925,131.752,6.24401,-63.2076,-62.7435,354.321,-46.8233,-37.0433,59.924,7.99028,43.2507,
19.9451,-6.24508,14.251,57.0936,0,0,0,340.055,-61.3136,131.741,6.24508,-63.2175,-62.7444,354.306,-46.817,-37.0323,63.3387,7.21894,42.8989,
19.9451,-6.24508,14.251,57.0936,0,0,0,340.055,-61.3136,131.741,6.24508,-63.2175,-62.7444,354.306,-46.817,-37.0323,63.3387,7.21894,42.8989,
19.9711,-6.3125,14.2946,69.3559,0,0,0,340.029,-61.2995,131.764,6.3125,-63.2334,-62.8046,354.323,-46.8295,-37.0451,75.6684,5.34224,43.3145,
19.9711,-6.3125,14.2946,69.3559,0,0,0,340.029,-61.2995,131.764,6.3125,-63.2334,-62.8046,354.323,-46.8295,-37.0451,75.6684,5.34224,43.3145,
20.0152,-6.24646,14.3652,69.4219,0,0,0,339.985,-61.2904,131.813,6.24646,-63.2042,-62.7457,354.35,-46.8371,-37.0644,75.6684,5.34224,43.3145,
20.0152,-6.24646,14.3652,69.4219,0,0,0,339.985,-61.2904,131.813,6.24646,-63.2042,-62.7457,354.35,-46.8371,-37.0644,75.6684,5.34224,43.3145,
20.0093,-6.25996,14.3418,69.4084,0,0,0,339.991,-61.2777,131.808,6.25996,-63.2316,-62.7577,354.333,-46.8125,-37.0517,75.6684,5.34224,43.3145,
20.0093,-6.25996,14.3418,69.4084,0,0,0,339.991,-61.2777,131.808,6.25996,-63.2316,-62.7577,354.333,-46.8125,-37.0517,75.6684,5.34224,43.3145,
19.9948,-6.26806,14.3273,80.0842,0,0,0,340.005,-61.3136,131.795,6.26806,-63.1964,-62.765,354.333,-46.8125,-37.0517,86.3523,4.75343,43.5339,
19.9948,-6.26806,14.3273,80.0842,0,0,0,340.005,-61.3136,131.795,6.26806,-63.1964,-62.765,354.333,-46.8125,-37.0517,86.3523,4.75343,43.5339,
19.9948,-6.27896,14.3273,82.5855,0,0,0,340.005,-61.3136,131.795,6.27896,-63.2059,-62.7747,354.333,-46.8125,-37.0517,88.8645,4.80007,43.7551,
19.9948,-6.27896,14.3273,82.5855,0,0,0,340.005,-61.3136,131.795,6.27896,-63.2059,-62.7747,354.333,-46.8125,-37.0517,88.8645,4.80007,43.7551,
19.9678,-6.20858,14.2684,85.1509,0,0,0,340.032,-61.2769,131.772,6.20858,-63.16,-62.7146,354.301,-46.8137,-37.0284,91.3595,4.97696,44.0678,
19.9678,-6.20858,14.2684,85.1509,0,0,0,340.032,-61.2769,131.772,6.20858,-63.16,-62.7146,354.301,-46.8137,-37.0284,91.3595,4.97696,44.0678,
19.9685,-6.18037,14.1752,89.6025,0,0,0,340.031,-61.2317,131.772,6.18037,-63.1546,-62.6895,354.207,-46.7704,-36.96,95.7829,5.10599,43.5722,
19.9685,-6.18037,14.1752,89.6025,0,0,0,340.031,-61.2317,131.772,6.18037,-63.1546,-62.6895,354.207,-46.7704,-36.96,95.7829,5.10599,43.5722,
19.9677,-6.22711,14.1819,97.3131,0,0,0,340.032,-61.2263,131.771,6.22711,-63.1758,-62.7311,354.214,-46.7787,-36.9654,103.54,4.70914,44.6259,
19.9677,-6.22711,14.1819,97.3131,0,0,0,340.032,-61.2263,131.771,6.22711,-63.1758,-62.7311,354.214,-46.7787,-36.9654,103.54,4.70914,44.6259,
19.9555,-6.23555,14.1988,97.3047,0,0,0,340.045,-61.2096,131.761,6.23555,-63.1801,-62.7387,354.243,-46.7889,-36.9867,103.54,4.70914,44.6259,
19.9555,-6.23555,14.1988,97.3047,0,0,0,340.045,-61.2096,131.761,6.23555,-63.1801,-62.7387,354.243,-46.7889,-36.9867,103.54,4.70914,44.6259,
19.9556,-6.21957,14.1432,100.452,0,0,0,340.044,-61.1844,131.761,6.21957,-63.1411,-62.7244,354.188,-46.7542,-36.9461,106.671,4.71346,44.9072,
19.9556,-6.21957,14.1432,100.452,0,0,0,340.044,-61.1844,131.761,6.21957,-63.1411,-62.7244,354.188,-46.7542,-36.9461,106.671,4.71346,44.9072,
19.9421,-6.2112,14.1149,100.46,0,0,0,340.058,-61.1852,131.753,6.2112,-63.1494,-62.717,354.173,-46.7429,-36.9353,106.671,4.71346,44.9072,
19.9421,-6.2112,14.1149,100.46,0,0,0,340.058,-61.1852,131.753,6.2112,-63.1494,-62.717,354.173,-46.7429,-36.9353,106.671,4.71346,44.9072,
19.9253,-6.28069,14.0981,106.863,0,0,0,340.075,-61.2257,131.738,6.28069,-63.1938,-62.7783,354.173,-46.7429,-36.9353,113.144,4.59566,44.8755,
19.9253,-6.28069,14.0981,106.863,0,0,0,340.075,-61.2257,131.738,6.28069,-63.1938,-62.7783,354.173,-46.7429,-36.9353,113.144,4.59566,44.8755,
19.9253,-6.28755,14.1503,111.294,0,0,0,340.075,-61.2257,131.738,6.28755,-63.2069,-62.7845,354.225,-46.8006,-36.9749,117.581,4.45312,44.9946,
19.9253,-6.28755,14.1503,111.294,0,0,0,340.075,-61.2257,131.738,6.28755,-63.2069,-62.7845,354.225,-46.8006,-36.9749,117.581,4.45312,44.9946,
19.9181,-6.27792,14.076,113.42,0,0,0,340.082,-61.1183,131.732,6.27792,-63.1845,-62.7759,354.158,-46.7744,-36.926,119.698,4.42522,45.0657,
19.9181,-6.27792,14.076,113.42,0,0,0,340.082,-61.1183,131.732,6.27792,-63.1845,-62.7759,354.158,-46.7744,-36.926,119.698,4.42522,45.0657,
19.915,-6.28961,14.0686,113.408,0,0,0,340.085,-61.1537,131.734,6.28961,-63.1921,-62.7863,354.154,-46.7747,-36.9228,119.698,4.42522,45.0657,
19.915,-6.28961,14.0686,113.408,0,0,0,340.085,-61.1537,131.734,6.28961,-63.1921,-62.7863,354.154,-46.7747,-36.9228,119.698,4.42522,45.0657,
19.9118,-6.38603,14.2032,119.824,0,0,0,340.088,-61.1825,131.731,6.38603,-63.2348,-62.8718,354.291,-46.822,-37.0233,126.21,3.79424,43.7585,
19.9118,-6.38603,14.2032,119.824,0,0,0,340.088,-61.1825,131.731,6.38603,-63.2348,-62.8718,354.291,-46.822,-37.0233,126.21,3.79424,43.7585,
19.9297,-6.37975,14.169,122.769,0,0,0,340.07,-61.2186,131.747,6.37975,-63.2129,-62.8662,354.239,-46.7777,-36.9854,129.148,3.67142,43.6578,
19.9297,-6.37975,14.169,122.769,0,0,0,340.07,-61.2186,131.747,6.37975,-63.2129,-62.8662,354.239,-46.7777,-36.9854,129.148,3.67142,43.6578,
19.9349,-6.37975,14.1742,122.769,0,0,0,340.065,-61.1671,131.751,6.37975,-63.2129,-62.8662,354.239,-46.7777,-36.9854,129.148,3.67142,43.6578,
19.9349,-6.37975,14.1742,122.769,0,0,0,340.065,-61.1671,131.751,6.37975,-63.2129,-62.8662,354.239,-46.7777,-36.9854,129.148,3.67142,43.6578,
19.902,-6.26073,14.2206,126.494,0,0,0,340.098,-61.2429,131.723,6.26073,-63.2013,-62.76,354.319,-46.7961,-37.0431,132.755,3.65203,44.1622,
19.902,-6.26073,14.2206,126.494,0,0,0,340.098,-61.2429,131.723,6.26073,-63.2013,-62.76,354.319,-46.7961,-37.0431,132.755,3.65203,44.1622,
19.9204,-6.20764,14.1572,128.196,0,0,0,340.08,-61.2049,131.739,6.20764,-63.1777,-62.7126,354.237,-46.7324,-36.9836,134.403,3.69354,43.2355,
19.9204,-6.20764,14.1572,128.196,0,0,0,340.08,-61.2049,131.739,6.20764,-63.1777,-62.7126,354.237,-46.7324,-36.9836,134.403,3.69354,43.2355,
19.9055,-6.20764,14.1423,129.275,0,0,0,340.095,-61.2159,131.727,6.20764,-63.1777,-62.7126,354.237,-46.7324,-36.9836,135.483,3.58362,42.8538,
19.9055,-6.20764,14.1423,129.275,0,0,0,340.095,-61.2159,131.727,6.20764,-63.1777,-62.7126,354.237,-46.7324,-36.9836,135.483,3.58362,42.8538,
19.9055,-6.20764,14.1423,129.275,0,0,0,340.095,-61.2159,131.727,6.20764,-63.1777,-62.7126,354.237,-46.7324,-36.9836,135.483,3.58362,42.8538,
19.9055,-6.20764,14.1423,129.275,0,0,0,340.095,-61.2159,131.727,6.20764,-63.1777,-62.7126,354.237,-46.7324,-36.9836,135.483,3.58362,42.8538,
19.9055,-6.10381,14.2177,137.052,0,0,0,340.095,-61.2159,131.727,6.10381,-63.1806,-62.6205,354.312,-46.7362,-37.0385,143.156,3.78955,42.1532,
19.9055,-6.10381,14.2177,137.052,0,0,0,340.095,-61.2159,131.727,6.10381,-63.1806,-62.6205,354.312,-46.7362,-37.0385,143.156,3.78955,42.1532,
19.8693,-6.10381,14.1816,137.052,0,0,0,340.131,-61.1416,131.564,6.10381,-63.1806,-62.6205,354.312,-46.7362,-37.0385,143.156,3.78955,42.1532,
19.8693,-6.10381,14.1816,137.052,0,0,0,340.131,-61.1416,131.564,6.10381,-63.1806,-62.6205,354.312,-46.7362,-37.0385,143.156,3.78955,42.1532,
19.8693,-6.03167,14.1816,137.124,0,0,0,340.131,-61.1416,131.564,6.03167,-63.1247,-62.7667,354.312,-46.7362,-37.0385,143.156,3.78955,42.1532,
19.8693,-6.03167,14.1816,137.124,0,0,0,340.131,-61.1416,131.564,6.03167,-63.1247,-62.7667,354.312,-46.7362,-37.0385,143.156,3.78955,42.1532,
19.8504,-6.03167,14.0279,140.877,0,0,0,340.15,-61.1114,131.448,6.03167,-63.1247,-62.7667,354.177,-46.6545,-37.1303,146.909,4.02735,42.0444,
19.8504,-6.03167,14.0279,140.877,0,0,0,340.15,-61.1114,131.448,6.03167,-63.1247,-62.7667,354.177,-46.6545,-37.1303,146.909,4.02735,42.0444,
19.8504,-6.03167,14.0279,140.877,0,0,0,340.15,-61.1114,131.448,6.03167,-63.1247,-62.7667,354.177,-46.6545,-37.1303,146.909,4.02735,42.0444,
19.8504,-6.03167,14.0279,140.877,0,0,0,340.15,-61.1114,131.448,6.03167,-63.1247,-62.7667,354.177,-46.6545,-37.1303,146.909,4.02735,42.0444,
19.8504,-6.09319,14.0198,143.996,0,0,0,340.15,-61.1114,131.448,6.09319,-63.1584,-62.8215,354.169,-46.6322,-37.146,150.09,4.84517,41.3134,
19.8504,-6.09319,14.0198,143.996,0,0,0,340.15,-61.1114,131.448,6.09319,-63.1584,-62.8215,354.169,-46.6322,-37.146,150.09,4.84517,41.3134,
19.8518,-6.09319,14.0212,144.213,0,0,0,340.148,-61.0302,131.437,6.09319,-63.1584,-62.8215,354.169,-46.6322,-37.146,150.306,5.08892,41.3068,
19.8518,-6.09319,14.0212,144.213,0,0,0,340.148,-61.0302,131.437,6.09319,-63.1584,-62.8215,354.169,-46.6322,-37.146,150.306,5.08892,41.3068,
19.8518,-6.00337,14.0212,144.302,0,0,0,340.148,-61.0302,131.437,6.00337,-63.1002,-62.7569,354.169,-46.6322,-37.146,150.306,5.08892,41.3068,
19.8518,-6.00337,14.0212,144.302,0,0,0,340.148,-61.0302,131.437,6.00337,-63.1002,-62.7569,354.169,-46.6322,-37.146,150.306,5.08892,41.3068,
19.8776,-6.00337,14.0646,145.418,0,0,0,340.122,-61.0317,131.455,6.00337,-63.1002,-62.7569,354.187,-46.6247,-37.1588,151.421,5.77206,41.5785,
19.8776,-6.00337,14.0646,145.418,0,0,0,340.122,-61.0317,131.455,6.00337,-63.1002,-62.7569,354.187,-46.6247,-37.1588,151.421,5.77206,41.5785,
19.8776,-6.00337,14.0646,145.418,0,0,0,340.122,-61.0317,131.455,6.00337,-63.1002,-62.7569,354.187,-46.6247,-37.1588,151.421,5.77206,41.5785,
19.8776,-6.00337,14.0646,145.418,0,0,0,340.122,-61.0317,131.455,6.00337,-63.1002,-62.7569,354.187,-46.6247,-37.1588,151.421,5.77206,41.5785,
