96.4633,160.463,-29.8638,31.5648,198.799,-9.59307,5.70959,102.336,9.96386,-170.955,38.3358,-6.24432,-151.201,72.4721,12.8335,-152.963,69.9007,-7.4628,177.393,
96.4633,160.463,-29.8357,31.5648,198.799,-9.59307,5.70959,102.336,9.96386,-170.955,38.3358,-6.24432,-151.201,72.5002,12.8208,-152.957,69.9007,-7.4628,177.393,
96.4633,160.463,-29.8357,31.5648,198.799,-9.59307,5.70959,102.336,9.96386,-170.955,38.3358,-6.24432,-151.201,72.5002,12.8208,-152.957,69.9007,-7.4628,177.393,
96.3435,160.463,-29.9555,31.6022,198.799,-9.59307,5.70959,102.456,9.99762,-170.946,38.3358,-6.24432,-151.201,72.5002,12.8208,-152.957,69.938,-7.45231,177.58,
96.3285,160.448,-29.9555,31.6022,198.784,-9.61073,5.72108,102.456,9.99762,-170.946,38.3358,-6.24432,-151.201,72.5002,12.8208,-152.957,69.938,-7.45231,177.58,
96.3098,160.406,-29.9555,31.5786,198.766,-9.63025,5.74483,102.456,9.99762,-170.946,38.3594,-6.25651,-151.204,72.5002,12.8208,-152.957,69.938,-7.45231,177.58,
96.3098,160.406,-29.9555,31.5786,198.766,-9.63025,5.74483,102.456,9.99762,-170.946,38.3594,-6.25651,-151.204,72.5002,12.8208,-152.957,69.938,-7.45231,177.58,
96.3098,160.406,-29.9366,31.5786,198.766,-9.63025,5.74483,102.456,9.99762,-170.946,38.3594,-6.25651,-151.204,72.5191,12.8162,-152.953,69.938,-7.45231,177.58,
96.3098,160.406,-29.9366,31.5786,198.766,-9.63025,5.74483,102.456,9.99762,-170.946,38.3594,-6.25651,-151.204,72.5191,12.8162,-152.953,69.938,-7.45231,177.58,
96.3098,160.406,-29.9366,31.5786,198.766,-9.63025,5.74483,102.456,9.99762,-170.946,38.3594,-6.25651,-151.204,72.5191,12.8162,-152.953,69.938,-7.45231,177.58,
96.3098,160.406,-29.9366,31.5786,198.766,-9.63025,5.74483,102.456,9.99762,-170.946,38.3594,-6.25651,-151.204,72.5191,12.8162,-152.953,69.938,-7.45231,177.58,
96.3098,160.406,-29.9366,31.5786,198.766,-9.63025,5.74483,102.456,9.99762,-170.946,38.3594,-6.25651,-151.204,72.5191,12.8162,-152.953,69.938,-7.45231,177.58,
96.3098,160.406,-29.9366,31.6165,198.766,-9.63025,5.74483,102.456,9.99762,-170.946,38.3594,-6.25651,-151.204,72.5191,12.8162,-152.953,69.9759,-7.44456,177.575,
96.2725,160.406,-29.9739,31.6238,198.766,-9.63025,5.74483,102.493,9.99838,-170.94,38.3594,-6.25651,-151.204,72.5191,12.8162,-152.953,69.9831,-7.44862,177.574,
96.2421,160.406,-30.0043,31.6238,198.766,-9.63025,5.74483,102.523,9.97454,-170.934,38.3594,-6.25651,-151.204,72.5191,12.8162,-152.953,69.9831,-7.44862,177.574,
96.2009,160.365,-30.0043,31.6238,198.724,-9.65248,5.79475,102.523,9.97454,-170.934,38.3594,-6.25651,-151.204,72.5191,12.8162,-152.953,69.9831,-7.44862,177.574,
96.2009,160.333,-30.0043,31.5914,198.724,-9.65248,5.79475,102.523,9.97454,-170.934,38.3917,-6.2697,-151.207,72.5191,12.8162,-152.953,69.9831,-7.44862,177.574,
96.2009,160.333,-29.997,31.5962,198.724,-9.65248,5.79475,102.523,9.97454,-170.934,38.3917,-6.2697,-151.207,72.5264,12.8029,-153.006,69.9879,-7.44847,177.573,
96.2009,160.333,-29.997,31.5961,198.724,-9.65248,5.79475,102.523,9.97454,-170.934,38.3917,-6.2697,-151.207,72.5264,12.8029,-153.006,69.9879,-7.44812,177.573,
96.187,160.319,-29.997,31.5961,198.71,-9.66532,5.81924,102.523,9.97454,-170.934,38.3917,-6.2697,-151.207,72.5264,12.8029,-153.006,69.9879,-7.44812,177.573,
96.1683,160.287,-29.997,31.5827,198.692,-9.6635,5.84112,102.523,9.97454,-170.934,38.4051,-6.2885,-151.209,72.5264,12.8029,-153.006,69.9879,-7.44812,177.573,
96.1683,160.287,-29.997,31.5827,198.692,-9.6635,5.84112,102.523,9.97454,-170.934,38.4051,-6.2885,-151.209,72.5264,12.8029,-153.006,69.9879,-7.44812,177.573,
96.1683,160.287,-29.9927,31.5827,198.692,-9.6635,5.84112,102.523,9.97454,-170.934,38.4051,-6.2885,-151.209,72.5307,12.8167,-153.005,69.9879,-7.44812,177.573,
96.1683,160.287,-29.9927,31.5827,198.692,-9.6635,5.84112,102.523,9.97454,-170.934,38.4051,-6.2885,-151.209,72.5307,12.8167,-153.005,69.9879,-7.44812,177.573,
96.1533,160.273,-29.9943,31.5827,198.678,-9.66227,5.8614,102.525,9.97102,-170.992,38.4051,-6.2885,-151.209,72.5307,12.8167,-153.005,69.9879,-7.44812,177.573,
96.1322,160.252,-29.9943,31.5827,198.657,-9.63784,5.899,102.525,9.97102,-170.992,38.4051,-6.2885,-151.209,72.5307,12.8167,-153.005,69.9879,-7.44812,177.573,
96.1322,160.25,-29.9704,31.5807,198.657,-9.63784,5.899,102.525,9.97102,-170.992,38.4072,-6.31659,-151.164,72.5547,12.8275,-152.999,69.9879,-7.44812,177.573,
96.1322,160.25,-29.9704,31.601,198.657,-9.63784,5.899,102.525,9.97102,-170.992,38.4072,-6.31659,-151.164,72.5547,12.8275,-152.999,70.0082,-7.45636,177.571,
96.1412,160.25,-29.9613,31.6109,198.657,-9.63784,5.899,102.516,9.99444,-170.993,38.4072,-6.31659,-151.164,72.5547,12.8275,-152.999,70.0181,-7.43986,177.761,
96.1391,160.248,-29.9613,31.6109,198.655,-9.62567,5.91895,102.516,9.99444,-170.993,38.4072,-6.31659,-151.164,72.5547,12.8275,-152.999,70.0181,-7.43986,177.761,
96.1335,160.244,-29.9613,31.6131,198.649,-9.61722,5.94395,102.516,9.99444,-170.993,38.405,-6.29288,-151.163,72.5547,12.8275,-152.999,70.0181,-7.43986,177.761,
96.1335,160.244,-29.9613,31.6131,198.649,-9.61722,5.94395,102.516,9.99444,-170.993,38.405,-6.29288,-151.163,72.5547,12.8275,-152.999,70.0181,-7.43986,177.761,
96.1335,160.244,-29.966,31.6131,198.649,-9.61722,5.94395,102.516,9.99444,-170.993,38.405,-6.29288,-151.163,72.55,12.8235,-153,70.0181,-7.43986,177.761,
96.1335,160.244,-29.966,31.6252,198.649,-9.61722,5.94395,102.516,9.99444,-170.993,38.405,-6.29288,-151.163,72.55,12.8235,-153,70.0302,-7.43205,177.759,
96.1301,160.244,-29.9694,31.6252,198.649,-9.61722,5.94395,102.519,10.0081,-170.993,38.405,-6.29288,-151.163,72.55,12.8235,-153,70.0302,-7.43205,177.759,
96.1229,160.237,-29.9694,31.6252,198.642,-9.60901,5.96742,102.519,10.0081,-170.993,38.405,-6.29288,-151.163,72.55,12.8235,-153,70.0302,-7.43205,177.759,
96.1229,160.206,-29.9514,31.5939,198.642,-9.60901,5.96742,102.519,10.0081,-170.993,38.4363,-6.25343,-151.167,72.568,12.8148,-153.11,70.0302,-7.43205,177.759,
96.1229,160.206,-29.9514,31.6105,198.642,-9.60901,5.96742,102.519,10.0081,-170.993,38.4363,-6.25343,-151.167,72.568,12.8148,-153.11,70.0468,-7.42389,177.757,
96.1118,160.206,-29.9625,31.6105,198.642,-9.60901,5.96742,102.53,10.004,-170.991,38.4363,-6.25343,-151.167,72.568,12.8148,-153.11,70.0468,-7.42389,177.757,
96.108,160.202,-29.9625,31.6105,198.638,-9.60709,5.99319,102.53,10.004,-170.991,38.4363,-6.25343,-151.167,72.568,12.8148,-153.11,70.0468,-7.42389,177.757,
96.0853,160.154,-29.9625,31.5849,198.616,-9.58627,6.03722,102.53,10.004,-170.991,38.462,-6.26197,-151.17,72.568,12.8148,-153.11,70.0468,-7.42389,177.757,
96.0853,160.154,-29.9521,31.5849,198.616,-9.58627,6.03722,102.53,10.004,-170.991,38.462,-6.26197,-151.17,72.5783,12.8026,-153.107,70.0468,-7.42389,177.757,
96.0853,160.154,-29.9521,31.5849,198.616,-9.58627,6.03722,102.53,10.004,-170.991,38.462,-6.26197,-151.17,72.5783,12.8026,-153.107,70.0468,-7.42389,177.757,
96.061,160.154,-29.9764,31.615,198.616,-9.58627,6.03722,102.555,10.0071,-170.986,38.462,-6.26197,-151.17,72.5783,12.8026,-153.107,70.0769,-7.43273,177.753,
96.0521,160.145,-29.9764,31.615,198.607,-9.57221,6.06102,102.555,10.0071,-170.986,38.462,-6.26197,-151.17,72.5783,12.8026,-153.107,70.0769,-7.43273,177.753,
96.0432,160.136,-29.9764,31.615,198.598,-9.55629,6.07935,102.555,10.0071,-170.986,38.462,-6.26197,-151.17,72.5783,12.8026,-153.107,70.0769,-7.43273,177.753,
96.0432,160.136,-29.9651,31.615,198.598,-9.55629,6.07935,102.555,10.0071,-170.986,38.462,-6.26197,-151.17,72.5896,12.8054,-153.105,70.0769,-7.43273,177.753,
96.0432,160.136,-29.9651,31.615,198.598,-9.55629,6.07935,102.555,10.0071,-170.986,38.462,-6.26197,-151.17,72.5896,12.8054,-153.105,70.0769,-7.43273,177.753,
96.0432,160.136,-29.9651,31.615,198.598,-9.55629,6.07935,102.555,10.0071,-170.986,38.462,-6.26197,-151.17,72.5896,12.8054,-153.105,70.0769,-7.43273,177.753,
96.0432,160.136,-29.9651,31.615,198.598,-9.55629,6.07935,102.555,10.0071,-170.986,38.462,-6.26197,-151.17,72.5896,12.8054,-153.105,70.0769,-7.43273,177.753,
96.0432,160.136,-29.9651,31.615,198.598,-9.55629,6.07935,102.555,10.0071,-170.986,38.462,-6.26197,-151.17,72.5896,12.8054,-153.105,70.0769,-7.43273,177.753,
96.0432,160.136,-29.9651,31.615,198.598,-9.55629,6.07935,102.555,10.0071,-170.986,38.462,-6.26197,-151.17,72.5896,12.8054,-153.105,70.0769,-7.43273,177.753,
96.0432,160.136,-29.9651,31.6426,198.598,-9.55629,6.07935,102.555,10.0071,-170.986,38.462,-6.26197,-151.17,72.5896,12.8054,-153.105,70.1046,-7.42987,177.75,
96.0432,160.136,-29.9651,31.638,198.598,-9.55629,6.07935,102.555,10.0071,-170.986,38.462,-6.26197,-151.17,72.5896,12.8054,-153.105,70.0999,-7.44598,177.825,
95.9289,160.136,-30.0794,31.638,198.598,-9.55629,6.07935,102.669,9.988,-170.971,38.462,-6.26197,-151.17,72.5896,12.8054,-153.105,70.0999,-7.44598,177.825,
95.8561,160.063,-30.0794,31.638,198.525,-9.5064,6.15539,102.669,9.988,-170.971,38.462,-6.26197,-151.17,72.5896,12.8054,-153.105,70.0999,-7.44598,177.825,
95.8561,160.053,-30.0852,31.6275,198.525,-9.5064,6.15539,102.669,9.988,-170.971,38.4725,-6.34714,-151.101,72.5838,12.808,-153.106,70.0999,-7.44598,177.825,
95.8561,160.053,-30.0656,31.6081,198.525,-9.5064,6.15539,102.669,9.988,-170.971,38.4725,-6.34714,-151.101,72.6034,12.8108,-153.102,70.0806,-7.44912,177.836,
95.8488,160.053,-30.0729,31.6081,198.525,-9.5064,6.15539,102.676,9.9979,-170.97,38.4725,-6.34714,-151.101,72.6034,12.8108,-153.102,70.0806,-7.44912,177.836,
95.8334,160.037,-30.0729,31.6081,198.51,-9.49811,6.16096,102.676,9.9979,-170.97,38.4725,-6.34714,-151.101,72.6034,12.8108,-153.102,70.0806,-7.44912,177.836,
95.8285,160.017,-30.0729,31.5923,198.505,-9.4878,6.15776,102.676,9.9979,-170.97,38.4883,-6.32495,-151.086,72.6034,12.8108,-153.102,70.0806,-7.44912,177.836,
95.8285,160,-30.0729,31.5754,198.505,-9.4878,6.15776,102.676,9.9979,-170.97,38.5053,-6.29974,-151.069,72.6034,12.8108,-153.102,70.0806,-7.44912,177.836,
95.8285,160,-30.0783,31.5754,198.505,-9.4878,6.15776,102.676,9.9979,-170.97,38.5053,-6.29974,-151.069,72.5981,12.8162,-152.979,70.0806,-7.44912,177.836,
95.8285,160,-30.0783,31.5218,198.505,-9.4878,6.15776,102.676,9.9979,-170.97,38.5053,-6.29974,-151.069,72.5981,12.8162,-152.979,70.0271,-7.43817,177.877,
95.8423,160,-30.0653,31.5218,198.506,-9.49324,6.15715,102.663,10.0115,-170.972,38.5053,-6.29974,-151.069,72.5981,12.8162,-152.979,70.0271,-7.43817,177.877,
95.8526,160.011,-30.0653,31.5218,198.516,-9.48332,6.1325,102.663,10.0115,-170.972,38.5053,-6.29974,-151.069,72.5981,12.8162,-152.979,70.0271,-7.43817,177.877,
95.8526,159.995,-30.0856,31.5063,198.516,-9.48332,6.1325,102.663,10.0115,-170.972,38.5208,-6.27982,-151.053,72.5778,12.8335,-152.983,70.0271,-7.43817,177.877,
95.8526,159.995,-30.0856,31.4791,198.516,-9.48332,6.1325,102.663,10.0115,-170.972,38.5208,-6.27982,-151.053,72.5778,12.8335,-152.983,69.9999,-7.43001,177.893,
95.8526,159.995,-30.0856,31.4791,198.516,-9.48332,6.1325,102.663,10.0115,-170.972,38.5208,-6.27982,-151.053,72.5778,12.8335,-152.983,69.9999,-7.43001,177.893,
95.8611,160.004,-30.0856,31.4791,198.524,-9.48004,6.11045,102.663,10.0115,-170.972,38.5208,-6.27982,-151.053,72.5778,12.8335,-152.983,69.9999,-7.43001,177.893,
95.8676,160.01,-30.0856,31.4791,198.531,-9.4727,6.08909,102.663,10.0115,-170.972,38.5208,-6.27982,-151.053,72.5778,12.8335,-152.983,69.9999,-7.43001,177.893,
95.8676,160.052,-30.1,31.5207,198.531,-9.4727,6.08909,102.663,10.0115,-170.972,38.4792,-6.2091,-151.097,72.5634,12.842,-152.986,69.9999,-7.43001,177.893,
95.8676,160.052,-30.1,31.5207,198.531,-9.4727,6.08909,102.663,10.0115,-170.972,38.4792,-6.2091,-151.097,72.5634,12.842,-152.986,69.9999,-7.43001,177.893,
95.913,160.052,-30.0546,31.4609,198.531,-9.4727,6.08909,102.618,10.0077,-170.98,38.4792,-6.2091,-151.097,72.5634,12.842,-152.986,69.9401,-7.42339,177.863,
96.001,160.071,-29.9857,31.4609,198.55,-9.46538,6.06404,102.549,9.99142,-171.034,38.4792,-6.2091,-151.097,72.5634,12.842,-152.986,69.9401,-7.42339,177.863,
96.0091,160.079,-29.9857,31.4609,198.558,-9.45541,6.04058,102.549,9.99142,-171.034,38.4792,-6.2091,-151.097,72.5634,12.842,-152.986,69.9401,-7.42339,177.863,
96.0091,160.086,-29.9857,31.4678,198.558,-9.45541,6.04058,102.549,9.99142,-171.034,38.4723,-6.18904,-151.096,72.5634,12.842,-152.986,69.9401,-7.42339,177.863,
96.0091,160.086,-30.0158,31.4532,198.558,-9.45541,6.04058,102.549,9.99142,-171.034,38.4723,-6.18904,-151.096,72.5332,12.8711,-152.993,69.9255,-7.4234,177.864,
96.0514,160.086,-29.9735,31.4532,198.558,-9.45541,6.04058,102.507,9.98836,-171.041,38.4723,-6.18904,-151.096,72.5332,12.8711,-152.993,69.9255,-7.4234,177.864,
96.0799,160.114,-29.9735,31.4532,198.587,-9.44507,5.98944,102.507,9.98836,-171.041,38.4723,-6.18904,-151.096,72.5332,12.8711,-152.993,69.9255,-7.4234,177.864,
96.096,160.13,-29.9735,31.4532,198.603,-9.43991,5.95523,102.507,9.98836,-171.041,38.4723,-6.18904,-151.096,72.5332,12.8711,-152.993,69.9255,-7.4234,177.864,
96.096,160.141,-29.9735,31.4641,198.603,-9.43991,5.95523,102.507,9.98836,-171.041,38.4614,-6.17663,-151.095,72.5332,12.8711,-152.993,69.9255,-7.4234,177.864,
96.096,160.141,-29.9735,31.4641,198.603,-9.43991,5.95523,102.507,9.98836,-171.041,38.4614,-6.17663,-151.095,72.5332,12.8711,-152.993,69.9255,-7.4234,177.864,
96.1008,160.141,-29.9687,31.4752,198.603,-9.43991,5.95523,102.502,9.96669,-171.042,38.4614,-6.17663,-151.095,72.5332,12.8711,-152.993,69.9366,-7.42327,177.863,
96.1123,160.156,-29.9723,31.4752,198.618,-9.43426,5.9266,102.505,9.9497,-171.041,38.4614,-6.17663,-151.095,72.5332,12.8711,-152.993,69.9366,-7.42327,177.863,
96.1287,160.173,-29.9723,31.4752,198.634,-9.42641,5.89337,102.505,9.9497,-171.041,38.4614,-6.17663,-151.095,72.5332,12.8711,-152.993,69.9366,-7.42327,177.863,
96.1287,160.171,-29.9723,31.473,198.634,-9.42641,5.89337,102.505,9.9497,-171.041,38.4632,-6.18802,-151.095,72.5332,12.8711,-152.993,69.9362,-7.42255,177.863,
96.1287,160.171,-29.9723,31.473,198.634,-9.42641,5.89337,102.505,9.9497,-171.041,38.4632,-6.18802,-151.095,72.5332,12.8711,-152.993,69.9362,-7.42255,177.863,
96.1287,160.171,-29.9723,31.473,198.634,-9.42641,5.89337,102.505,9.9497,-171.041,38.4632,-6.18802,-151.095,72.5332,12.8711,-152.993,69.9362,-7.42255,177.863,
96.1287,160.171,-29.9723,31.473,198.634,-9.42641,5.89337,102.505,9.9497,-171.041,38.4632,-6.18802,-151.095,72.5332,12.8711,-152.993,69.9362,-7.42255,177.863,
96.1287,160.171,-29.9723,31.473,198.634,-9.42641,5.89337,102.505,9.9497,-171.041,38.4632,-6.18802,-151.095,72.5332,12.8711,-152.993,69.9362,-7.42255,177.863,
96.1287,160.171,-29.9723,31.473,198.634,-9.42641,5.89337,102.505,9.9497,-171.041,38.4632,-6.18802,-151.095,72.5332,12.8711,-152.993,69.9362,-7.42255,177.863,
96.1287,160.171,-29.9723,31.4713,198.634,-9.42641,5.89337,102.505,9.9497,-171.041,38.4632,-6.18802,-151.095,72.5332,12.8711,-152.993,69.9345,-7.44036,177.863,
96.1419,160.171,-29.959,31.4713,198.634,-9.42641,5.89337,102.492,9.94668,-171.044,38.4632,-6.18802,-151.095,72.5332,12.8711,-152.993,69.9345,-7.44036,177.863,
96.1782,160.212,-29.9638,31.4713,198.675,-9.4083,5.84006,102.497,9.9605,-171.043,38.4632,-6.18802,-151.095,72.5332,12.8711,-152.993,69.9345,-7.44036,177.863,
96.2114,160.266,-29.9638,31.4917,198.708,-9.39856,5.80702,102.497,9.9605,-171.043,38.4428,-6.19497,-151.093,72.5332,12.8711,-152.993,69.9345,-7.44036,177.863,
96.2114,160.279,-29.9644,31.5046,198.708,-9.39856,5.80702,102.497,9.9605,-171.043,38.4299,-6.21294,-151.091,72.5326,12.8763,-152.993,69.9345,-7.44036,177.863,
96.2114,160.279,-30.0138,31.5046,198.708,-9.39856,5.80702,102.497,9.9605,-171.043,38.4299,-6.21294,-151.091,72.4832,12.8679,-152.955,69.9345,-7.44036,177.863,
96.2114,160.279,-30.0138,31.507,198.708,-9.39856,5.80702,102.497,9.9605,-171.043,38.4299,-6.21294,-151.091,72.4832,12.8679,-152.955,69.9369,-7.46915,177.769,
96.1977,160.279,-30.0275,31.507,198.708,-9.39856,5.80702,102.511,9.98822,-171.028,38.4299,-6.21294,-151.091,72.4832,12.8679,-152.955,69.9369,-7.46915,177.769,
96.2211,160.313,-30.0275,31.5184,198.732,-9.39048,5.77558,102.511,9.98822,-171.028,38.4185,-6.2209,-151.2,72.4832,12.8679,-152.955,69.9369,-7.46915,177.769,
96.2211,160.314,-30.0308,31.4591,198.732,-9.39048,5.77558,102.511,9.98822,-171.028,38.4174,-6.20787,-151.199,72.4799,12.8738,-152.956,69.8765,-7.461,177.777,
96.2211,160.314,-30.0308,31.4591,198.732,-9.39048,5.77558,102.511,9.98822,-171.028,38.4174,-6.20787,-151.199,72.4799,12.8738,-152.956,69.8765,-7.461,177.777,
96.2054,160.314,-30.0465,31.4591,198.732,-9.39048,5.77558,102.526,10.0083,-171.025,38.4174,-6.20787,-151.199,72.4799,12.8738,-152.956,69.8765,-7.461,177.777,
96.2762,160.385,-30.0465,31.4591,198.803,-9.37737,5.69826,102.526,10.0083,-171.025,38.4174,-6.20787,-151.199,72.4799,12.8738,-152.956,69.8765,-7.461,177.777,
96.2762,160.397,-30.0465,31.4703,198.803,-9.37737,5.69826,102.526,10.0083,-171.025,38.4062,-6.19005,-151.198,72.4799,12.8738,-152.956,69.8765,-7.461,177.777,
96.2762,160.397,-30.0465,31.4703,198.803,-9.37737,5.69826,102.526,10.0083,-171.025,38.4062,-6.19005,-151.198,72.4799,12.8738,-152.956,69.8765,-7.461,177.777,
96.2772,160.397,-30.0456,31.4402,198.803,-9.37737,5.69826,102.525,9.99402,-171.025,38.4062,-6.19005,-151.198,72.4799,12.8738,-152.956,69.8464,-7.46101,177.781,
96.3124,160.397,-30.0104,31.4402,198.803,-9.37737,5.69826,102.49,9.97839,-171.031,38.4062,-6.19005,-151.198,72.4799,12.8738,-152.956,69.8464,-7.46101,177.781,
96.3477,160.432,-30.0104,31.4402,198.838,-9.37032,5.65642,102.49,9.97839,-171.031,38.4062,-6.19005,-151.198,72.4799,12.8738,-152.956,69.8464,-7.46101,177.781,
96.3477,160.457,-30.0104,31.4651,198.838,-9.37032,5.65642,102.49,9.97839,-171.031,38.3813,-6.15254,-151.196,72.4799,12.8738,-152.956,69.8464,-7.46101,177.781,
96.3477,160.457,-30.0383,31.4424,198.838,-9.37032,5.65642,102.49,9.97839,-171.031,38.3813,-6.15254,-151.196,72.452,12.8822,-152.927,69.8236,-7.45051,177.784,
96.3477,160.457,-30.0383,31.4424,198.838,-9.37032,5.65642,102.49,9.97839,-171.031,38.3813,-6.15254,-151.196,72.452,12.8822,-152.927,69.8236,-7.45051,177.784,
96.3911,160.457,-29.9949,31.4424,198.838,-9.37032,5.65642,102.447,9.96725,-171.039,38.3813,-6.15254,-151.196,72.452,12.8822,-152.927,69.8236,-7.45051,177.784,
96.4248,160.49,-29.9949,31.4424,198.872,-9.35564,5.63213,102.447,9.96725,-171.039,38.3813,-6.15254,-151.196,72.452,12.8822,-152.927,69.8236,-7.45051,177.784,
96.4248,160.52,-29.9949,31.4716,198.872,-9.35564,5.63213,102.447,9.96725,-171.039,38.352,-6.11613,-151.192,72.452,12.8822,-152.927,69.8236,-7.45051,177.784,
96.4248,160.52,-30.0065,31.4418,198.872,-9.35564,5.63213,102.447,9.96725,-171.039,38.352,-6.11613,-151.192,72.4404,12.8919,-152.93,69.7938,-7.44217,177.788,
96.4248,160.52,-30.0065,31.4418,198.872,-9.35564,5.63213,102.447,9.96725,-171.039,38.352,-6.11613,-151.192,72.4404,12.8919,-152.93,69.7938,-7.44217,177.788,
96.4248,160.52,-30.0302,31.4418,198.872,-9.35564,5.63213,102.447,9.96725,-171.039,38.352,-6.11613,-151.192,72.4167,12.8951,-152.935,69.7938,-7.44217,177.788,
96.4653,160.585,-30.0302,31.4669,198.912,-9.33531,5.61619,102.447,9.96725,-171.039,38.3269,-6.08295,-151.19,72.4167,12.8951,-152.935,69.7938,-7.44217,177.788,
96.4653,160.585,-30.0418,31.4669,198.912,-9.33531,5.61619,102.447,9.96725,-171.039,38.3269,-6.08295,-151.19,72.4051,12.9165,-152.938,69.7938,-7.44217,177.788,
96.4653,160.585,-30.0418,31.4546,198.912,-9.33531,5.61619,102.447,9.96725,-171.039,38.3269,-6.08295,-151.19,72.4051,12.9165,-152.938,69.7815,-7.43648,177.785,
96.4852,160.605,-30.0418,31.4546,198.932,-9.32277,5.60183,102.447,9.96725,-171.039,38.3269,-6.08295,-151.19,72.4051,12.9165,-152.938,69.7815,-7.43648,177.785,
96.5071,160.657,-30.0418,31.4845,198.954,-9.30999,5.59006,102.447,9.96725,-171.039,38.297,-6.07132,-151.11,72.4051,12.9165,-152.938,69.7815,-7.43648,177.785,
96.5071,160.669,-30.0504,31.4962,198.954,-9.30999,5.59006,102.447,9.96725,-171.039,38.2853,-6.07906,-151.109,72.3965,12.9343,-152.94,69.7815,-7.43648,177.785,
96.5071,160.669,-30.0504,31.4962,198.954,-9.30999,5.59006,102.447,9.96725,-171.039,38.2853,-6.07906,-151.109,72.3965,12.9343,-152.94,69.7815,-7.43648,177.785,
96.5071,160.669,-30.0504,31.4841,198.954,-9.30999,5.59006,102.447,9.96725,-171.039,38.2853,-6.07906,-151.109,72.3965,12.9343,-152.94,69.7694,-7.44573,177.786,
96.7145,160.669,-29.843,31.4841,198.954,-9.30999,5.59006,102.239,9.97121,-170.825,38.2853,-6.07906,-151.109,72.3965,12.9343,-152.94,69.7694,-7.44573,177.786,
96.7145,160.669,-29.843,31.4841,198.954,-9.30999,5.59006,102.239,9.97121,-170.825,38.2853,-6.07906,-151.109,72.3965,12.9343,-152.94,69.7694,-7.44573,177.786,
96.7145,160.669,-29.843,31.4841,198.954,-9.30999,5.59006,102.239,9.97121,-170.825,38.2853,-6.07906,-151.109,72.3965,12.9343,-152.94,69.7694,-7.44573,177.786,
96.7145,160.669,-29.843,31.4841,198.954,-9.30999,5.59006,102.239,9.97121,-170.825,38.2853,-6.07906,-151.109,72.3965,12.9343,-152.94,69.7694,-7.44573,177.786,
96.7145,160.669,-29.843,31.4841,198.954,-9.30999,5.59006,102.239,9.97121,-170.825,38.2853,-6.07906,-151.109,72.3965,12.9343,-152.94,69.7694,-7.44573,177.786,
96.7145,160.669,-29.843,31.4841,198.954,-9.30999,5.59006,102.239,9.97121,-170.825,38.2853,-6.07906,-151.109,72.3965,12.9343,-152.94,69.7694,-7.44573,177.786,
96.7214,160.697,-29.8647,31.4841,198.983,-9.29537,5.57976,102.261,9.97043,-170.821,38.2853,-6.07906,-151.109,72.3965,12.9343,-152.94,69.7694,-7.44573,177.786,
96.7625,160.738,-29.8647,31.4841,199.024,-9.26445,5.56815,102.261,9.97043,-170.821,38.2853,-6.07906,-151.109,72.3965,12.9343,-152.94,69.7694,-7.44573,177.786,
96.7625,160.726,-29.8647,31.472,199.024,-9.26445,5.56815,102.261,9.97043,-170.821,38.2974,-6.11951,-151.11,72.3965,12.9343,-152.94,69.7694,-7.44573,177.786,
96.7625,160.726,-29.8602,31.472,199.024,-9.26445,5.56815,102.261,9.97043,-170.821,38.2974,-6.11951,-151.11,72.401,12.9236,-152.889,69.7694,-7.44573,177.786,
96.7295,160.726,-29.8932,31.4903,199.024,-9.26445,5.56815,102.294,9.97754,-170.815,38.2974,-6.11951,-151.11,72.401,12.9236,-152.889,69.7876,-7.45155,177.784,
96.7433,160.74,-29.8932,31.4903,199.037,-9.25066,5.56585,102.294,9.97754,-170.815,38.2974,-6.11951,-151.11,72.401,12.9236,-152.889,69.7876,-7.45155,177.784,
96.806,160.803,-29.8932,31.4903,199.1,-9.20453,5.54161,102.294,9.97754,-170.815,38.2974,-6.11951,-151.11,72.401,12.9236,-152.889,69.7876,-7.45155,177.784,
96.806,160.803,-29.8932,31.4903,199.1,-9.20453,5.54161,102.294,9.97754,-170.815,38.2974,-6.11951,-151.11,72.401,12.9236,-152.889,69.7876,-7.45155,177.784,
96.806,160.803,-29.8932,31.4953,199.1,-9.20453,5.54161,102.294,9.97754,-170.815,38.2974,-6.11951,-151.11,72.401,12.9236,-152.889,69.7927,-7.45202,177.783,
96.7784,160.803,-29.9208,31.4953,199.1,-9.20453,5.54161,102.322,9.98624,-170.811,38.2974,-6.11951,-151.11,72.401,12.9236,-152.889,69.7927,-7.45202,177.783,
96.8002,160.825,-29.9208,31.4953,199.122,-9.19624,5.53646,102.322,9.98624,-170.811,38.2974,-6.11951,-151.11,72.401,12.9236,-152.889,69.7927,-7.45202,177.783,
96.8493,160.874,-29.9208,31.4953,199.171,-9.17652,5.53298,102.322,9.98624,-170.811,38.2974,-6.11951,-151.11,72.401,12.9236,-152.889,69.7927,-7.45202,177.783,
96.8493,160.84,-29.9208,31.4616,199.171,-9.17652,5.53298,102.322,9.98624,-170.811,38.3311,-6.05559,-150.881,72.401,12.9236,-152.889,69.7927,-7.45202,177.783,
96.8493,160.84,-29.916,31.4916,199.171,-9.17652,5.53298,102.322,9.98624,-170.811,38.3311,-6.05559,-150.881,72.4058,12.9282,-152.888,69.8226,-7.40903,177.75,
96.8342,160.84,-29.9311,31.4916,199.171,-9.17652,5.53298,102.337,10.0093,-170.72,38.3311,-6.05559,-150.881,72.4058,12.9282,-152.888,69.8226,-7.40903,177.75,
96.8599,160.866,-29.9311,31.4916,199.197,-9.17053,5.53406,102.337,10.0093,-170.72,38.3311,-6.05559,-150.881,72.4058,12.9282,-152.888,69.8226,-7.40903,177.75,
96.8893,160.913,-29.9311,31.5094,199.226,-9.16034,5.53287,102.337,10.0093,-170.72,38.3132,-6.03411,-150.879,72.4058,12.9282,-152.888,69.8226,-7.40903,177.75,
96.8893,160.913,-29.9466,31.5094,199.226,-9.16034,5.53287,102.337,10.0093,-170.72,38.3132,-6.03411,-150.879,72.3903,12.9229,-152.891,69.8226,-7.40903,177.75,
96.8893,160.913,-29.9466,31.5094,199.226,-9.16034,5.53287,102.337,10.0093,-170.72,38.3132,-6.03411,-150.879,72.3903,12.9229,-152.891,69.8226,-7.40903,177.75,
96.8788,160.913,-29.9572,31.4892,199.226,-9.16034,5.53287,102.347,10.0105,-170.718,38.3132,-6.03411,-150.879,72.3903,12.9229,-152.891,69.8024,-7.39203,177.753,
96.9056,160.94,-29.9572,31.4892,199.253,-9.15084,5.53088,102.347,10.0105,-170.718,38.3132,-6.03411,-150.879,72.3903,12.9229,-152.891,69.8024,-7.39203,177.753,
96.9583,160.993,-29.9572,31.4892,199.306,-9.14374,5.5128,102.347,10.0105,-170.718,38.3132,-6.03411,-150.879,72.3903,12.9229,-152.891,69.8024,-7.39203,177.753,
96.9583,161.015,-29.9572,31.5112,199.306,-9.14374,5.5128,102.347,10.0105,-170.718,38.2912,-6.04271,-150.877,72.3903,12.9229,-152.891,69.8024,-7.39203,177.753,
96.9583,161.015,-29.952,31.5223,199.306,-9.14374,5.5128,102.347,10.0105,-170.718,38.2912,-6.04271,-150.877,72.3955,12.9224,-152.89,69.8135,-7.40828,177.751,
96.9634,161.015,-29.9469,31.5223,199.306,-9.14374,5.5128,102.342,9.99639,-170.719,38.2912,-6.04271,-150.877,72.3955,12.9224,-152.89,69.8135,-7.40828,177.751,
96.9881,161.039,-29.9469,31.5223,199.33,-9.14364,5.50376,102.342,9.99639,-170.719,38.2912,-6.04271,-150.877,72.3955,12.9224,-152.89,69.8135,-7.40828,177.751,
97.0045,161.053,-29.9469,31.5197,199.347,-9.14361,5.49303,102.342,9.99639,-170.719,38.2939,-6.09069,-150.877,72.3955,12.9224,-152.89,69.8135,-7.40828,177.751,
97.0045,161.049,-29.9469,31.5156,199.347,-9.14361,5.49303,102.342,9.99639,-170.719,38.2979,-6.13322,-150.877,72.3955,12.9224,-152.89,69.8135,-7.40828,177.751,
97.0045,161.049,-29.9452,31.5156,199.347,-9.14361,5.49303,102.342,9.99639,-170.719,38.2979,-6.13322,-150.877,72.3972,12.9112,-152.814,69.8135,-7.40828,177.751,
97.0038,161.049,-29.946,31.5343,199.347,-9.14361,5.49303,102.343,9.98069,-170.719,38.2979,-6.13322,-150.877,72.3972,12.9112,-152.814,69.8323,-7.43769,177.749,
97.0117,161.057,-29.946,31.5343,199.355,-9.14601,5.48534,102.343,9.98069,-170.719,38.2979,-6.13322,-150.877,72.3972,12.9112,-152.814,69.8323,-7.43769,177.749,
97.0266,161.072,-29.946,31.5343,199.37,-9.15133,5.48201,102.343,9.98069,-170.719,38.2979,-6.13322,-150.877,72.3972,12.9112,-152.814,69.8323,-7.43769,177.749,
97.0266,161.072,-29.9506,31.5343,199.37,-9.15133,5.48201,102.343,9.98069,-170.719,38.2979,-6.13322,-150.877,72.3925,12.9137,-152.815,69.8323,-7.43769,177.749,
97.0266,161.072,-29.9506,31.5343,199.37,-9.15133,5.48201,102.343,9.98069,-170.719,38.2979,-6.13322,-150.877,72.3925,12.9137,-152.815,69.8323,-7.43769,177.749,
97.0266,161.072,-29.9506,31.5343,199.37,-9.15133,5.48201,102.343,9.98069,-170.719,38.2979,-6.13322,-150.877,72.3925,12.9137,-152.815,69.8323,-7.43769,177.749,
97.0266,161.072,-29.9506,31.5343,199.37,-9.15133,5.48201,102.343,9.98069,-170.719,38.2979,-6.13322,-150.877,72.3925,12.9137,-152.815,69.8323,-7.43769,177.749,
97.0266,161.072,-29.9506,31.5343,199.37,-9.15133,5.48201,102.343,9.98069,-170.719,38.2979,-6.13322,-150.877,72.3925,12.9137,-152.815,69.8323,-7.43769,177.749,
97.0266,161.072,-29.9506,31.5343,199.37,-9.15133,5.48201,102.343,9.98069,-170.719,38.2979,-6.13322,-150.877,72.3925,12.9137,-152.815,69.8323,-7.43769,177.749,
97.0266,161.072,-29.9506,31.5343,199.37,-9.15133,5.48201,102.343,9.98069,-170.719,38.2979,-6.13322,-150.877,72.3925,12.9137,-152.815,69.8323,-7.43769,177.749,
97.0266,161.072,-29.9506,31.5343,199.37,-9.15133,5.48201,102.343,9.98069,-170.719,38.2979,-6.13322,-150.877,72.3925,12.9137,-152.815,69.8323,-7.43769,177.749,
97.051,161.089,-29.9431,31.5343,199.387,-9.15244,5.48622,102.336,9.94793,-170.636,38.2979,-6.13322,-150.877,72.3925,12.9137,-152.815,69.8323,-7.43769,177.749,
97.0578,161.095,-29.9431,31.5343,199.393,-9.15295,5.49738,102.336,9.94793,-170.636,38.2979,-6.13322,-150.877,72.3925,12.9137,-152.815,69.8323,-7.43769,177.749,
97.0578,161.037,-29.9431,31.4758,199.393,-9.15295,5.49738,102.336,9.94793,-170.636,38.3565,-6.16549,-150.904,72.3925,12.9137,-152.815,69.8323,-7.43769,177.749,
97.0578,161.037,-29.9594,31.4886,199.393,-9.15295,5.49738,102.336,9.94793,-170.636,38.3565,-6.16549,-150.904,72.3762,12.9073,-152.819,69.845,-7.45701,177.747,
97.0578,161.037,-29.9594,31.4794,199.393,-9.15295,5.49738,102.336,9.94793,-170.636,38.3565,-6.16549,-150.904,72.3762,12.9073,-152.819,69.8359,-7.42773,177.984,
97.0264,161.037,-29.9908,31.4794,199.393,-9.15295,5.49738,102.367,9.94305,-170.631,38.3565,-6.16549,-150.904,72.3762,12.9073,-152.819,69.8359,-7.42773,177.984,
97.0602,161.071,-29.9908,31.4794,199.427,-9.14388,5.51161,102.367,9.94305,-170.631,38.3565,-6.16549,-150.904,72.3762,12.9073,-152.819,69.8359,-7.42773,177.984,
97.0602,161.066,-29.9788,31.4746,199.427,-9.14388,5.51161,102.367,9.94305,-170.631,38.3613,-6.1589,-150.904,72.3882,12.9097,-152.816,69.8359,-7.42773,177.984,
97.0602,161.066,-29.9788,31.4746,199.427,-9.14388,5.51161,102.367,9.94305,-170.631,38.3613,-6.1589,-150.904,72.3882,12.9097,-152.816,69.8359,-7.42773,177.984,
97.0324,161.066,-30.0067,31.5031,199.427,-9.14388,5.51161,102.395,9.96448,-170.626,38.3613,-6.1589,-150.904,72.3882,12.9097,-152.816,69.8644,-7.41743,177.98,
97.0687,161.141,-30.045,31.5031,199.502,-9.12911,5.50132,102.433,9.96808,-170.62,38.3613,-6.1589,-150.904,72.3882,12.9097,-152.816,69.8644,-7.41743,177.98,
97.1024,161.174,-30.045,31.5031,199.536,-9.11695,5.49579,102.433,9.96808,-170.62,38.3613,-6.1589,-150.904,72.3882,12.9097,-152.816,69.8644,-7.41743,177.98,
97.1024,161.157,-30.0264,31.486,199.536,-9.11695,5.49579,102.433,9.96808,-170.62,38.3784,-6.13389,-150.906,72.4068,12.9204,-152.872,69.8644,-7.41743,177.98,
97.1024,161.157,-30.0177,31.486,199.536,-9.11695,5.49579,102.433,9.96808,-170.62,38.3784,-6.13389,-150.906,72.4156,12.9154,-152.87,69.8644,-7.41743,177.98,
97.1024,161.157,-30.0177,31.4773,199.536,-9.11695,5.49579,102.433,9.96808,-170.62,38.3784,-6.13389,-150.906,72.4156,12.9154,-152.87,69.8557,-7.41816,177.981,
97.1348,161.19,-30.0177,31.4773,199.568,-9.10676,5.49819,102.433,9.96808,-170.62,38.3784,-6.13389,-150.906,72.4156,12.9154,-152.87,69.8557,-7.41816,177.981,
97.1556,161.214,-30.0177,31.4809,199.589,-9.10327,5.50352,102.433,9.96808,-170.62,38.3748,-6.13077,-150.906,72.4156,12.9154,-152.87,69.8557,-7.41816,177.981,
97.1556,161.214,-30.0177,31.4809,199.589,-9.10327,5.50352,102.433,9.96808,-170.62,38.3748,-6.13077,-150.906,72.4156,12.9154,-152.87,69.8557,-7.41816,177.981,
97.1556,161.214,-30.0263,31.4809,199.589,-9.10327,5.50352,102.433,9.96808,-170.62,38.3748,-6.13077,-150.906,72.4069,12.9062,-152.872,69.8557,-7.41816,177.981,
97.2068,161.265,-30.0263,31.4963,199.64,-9.09141,5.51463,102.433,9.96808,-170.62,38.3748,-6.13077,-150.906,72.4069,12.9062,-152.872,69.8711,-7.4173,177.979,
97.232,161.287,-30.0263,31.4924,199.665,-9.08588,5.51336,102.433,9.96808,-170.62,38.3787,-6.15712,-150.856,72.4069,12.9062,-152.872,69.8711,-7.4173,177.979,
97.232,161.287,-30.0269,31.4924,199.665,-9.08588,5.51336,102.433,9.96808,-170.62,38.3787,-6.15712,-150.856,72.4063,12.9184,-152.872,69.8711,-7.4173,177.979,
97.232,161.287,-30.0269,31.4924,199.665,-9.08588,5.51336,102.433,9.96808,-170.62,38.3787,-6.15712,-150.856,72.4063,12.9184,-152.872,69.8711,-7.4173,177.979,
97.232,161.287,-30.0269,31.5225,199.665,-9.08588,5.51336,102.433,9.96808,-170.62,38.3787,-6.15712,-150.856,72.4063,12.9184,-152.872,69.9012,-7.44817,177.863,
97.1874,161.287,-30.0715,31.5225,199.665,-9.08588,5.51336,102.478,9.9428,-170.576,38.3787,-6.15712,-150.856,72.4063,12.9184,-152.872,69.9012,-7.44817,177.863,
97.2008,161.3,-30.0715,31.5225,199.679,-9.08152,5.51712,102.478,9.9428,-170.576,38.3787,-6.15712,-150.856,72.4063,12.9184,-152.872,69.9012,-7.44817,177.863,
97.232,161.331,-30.0715,31.5225,199.71,-9.08444,5.51546,102.478,9.9428,-170.576,38.3787,-6.15712,-150.856,72.4063,12.9184,-152.872,69.9012,-7.44817,177.863,
97.232,161.335,-30.0535,31.5262,199.71,-9.08444,5.51546,102.478,9.9428,-170.576,38.375,-6.20505,-150.855,72.4243,12.9146,-152.868,69.9012,-7.44817,177.863,
97.232,161.335,-30.0535,31.5231,199.71,-9.08444,5.51546,102.478,9.9428,-170.576,38.375,-6.20505,-150.855,72.4243,12.9146,-152.868,69.8981,-7.45385,177.864,
97.2238,161.335,-30.0617,31.5231,199.71,-9.08444,5.51546,102.486,9.91566,-170.574,38.375,-6.20505,-150.855,72.4243,12.9146,-152.868,69.8981,-7.45385,177.864,
97.2337,161.345,-30.0617,31.5231,199.72,-9.09385,5.52866,102.486,9.91566,-170.574,38.375,-6.20505,-150.855,72.4243,12.9146,-152.868,69.8981,-7.45385,177.864,
97.2337,161.345,-30.0617,31.5231,199.72,-9.09385,5.52866,102.486,9.91566,-170.574,38.375,-6.20505,-150.855,72.4243,12.9146,-152.868,69.8981,-7.45385,177.864,
97.2337,161.352,-30.0617,31.5299,199.72,-9.09385,5.52866,102.486,9.91566,-170.574,38.3682,-6.26312,-150.854,72.4243,12.9146,-152.868,69.8981,-7.45385,177.864,
97.2337,161.352,-30.0399,31.5366,199.72,-9.09385,5.52866,102.486,9.91566,-170.574,38.3682,-6.26312,-150.854,72.4461,12.9149,-152.908,69.9048,-7.45641,177.863,
97.2337,161.352,-30.0399,31.5366,199.72,-9.09385,5.52866,102.486,9.91566,-170.574,38.3682,-6.26312,-150.854,72.4461,12.9149,-152.908,69.9048,-7.45641,177.863,
97.2337,161.352,-30.0399,31.5366,199.72,-9.09385,5.52866,102.486,9.91566,-170.574,38.3682,-6.26312,-150.854,72.4461,12.9149,-152.908,69.9048,-7.45641,177.863,
97.2337,161.352,-30.0399,31.5366,199.72,-9.09385,5.52866,102.486,9.91566,-170.574,38.3682,-6.26312,-150.854,72.4461,12.9149,-152.908,69.9048,-7.45641,177.863,
97.2337,161.352,-30.0399,31.5366,199.72,-9.09385,5.52866,102.486,9.91566,-170.574,38.3682,-6.26312,-150.854,72.4461,12.9149,-152.908,69.9048,-7.45641,177.863,
97.2337,161.352,-30.0399,31.5366,199.72,-9.09385,5.52866,102.486,9.91566,-170.574,38.3682,-6.26312,-150.854,72.4461,12.9149,-152.908,69.9048,-7.45641,177.863,
97.239,161.352,-30.0346,31.5366,199.72,-9.09385,5.52866,102.481,9.91807,-170.575,38.3682,-6.26312,-150.854,72.4461,12.9149,-152.908,69.9048,-7.45641,177.863,
97.2466,161.354,-30.0298,31.5366,199.722,-9.09803,5.52432,102.476,9.93026,-170.576,38.3682,-6.26312,-150.854,72.4461,12.9149,-152.908,69.9048,-7.45641,177.863,
97.2496,161.365,-30.0298,31.5443,199.725,-9.10069,5.53059,102.476,9.93026,-170.576,38.3605,-6.25249,-150.854,72.4461,12.9149,-152.908,69.9048,-7.45641,177.863,
97.2496,161.377,-30.0298,31.5566,199.725,-9.10069,5.53059,102.476,9.93026,-170.576,38.3482,-6.18776,-150.84,72.4461,12.9149,-152.908,69.9048,-7.45641,177.863,
97.2496,161.377,-30.0354,31.5566,199.725,-9.10069,5.53059,102.476,9.93026,-170.576,38.3482,-6.18776,-150.84,72.4405,12.9151,-152.91,69.9048,-7.45641,177.863,
97.2496,161.377,-30.0354,31.5424,199.725,-9.10069,5.53059,102.476,9.93026,-170.576,38.3482,-6.18776,-150.84,72.4405,12.9151,-152.91,69.8905,-7.43461,177.804,
97.2632,161.377,-30.0218,31.5424,199.725,-9.10069,5.53059,102.462,9.94752,-170.553,38.3482,-6.18776,-150.84,72.4405,12.9151,-152.91,69.8905,-7.43461,177.804,
97.2704,161.385,-30.0218,31.5424,199.733,-9.11646,5.52797,102.462,9.94752,-170.553,38.3482,-6.18776,-150.84,72.4405,12.9151,-152.91,69.8905,-7.43461,177.804,
97.2704,161.385,-30.0251,31.5427,199.733,-9.11646,5.52797,102.462,9.94752,-170.553,38.3478,-6.15798,-150.84,72.4372,12.9237,-152.91,69.8905,-7.43461,177.804,
97.2704,161.385,-30.0251,31.5655,199.733,-9.11646,5.52797,102.462,9.94752,-170.553,38.3478,-6.15798,-150.84,72.4372,12.9237,-152.91,69.9133,-7.39416,177.801,
97.2439,161.385,-30.0516,31.5655,199.733,-9.11646,5.52797,102.489,9.96489,-170.549,38.3478,-6.15798,-150.84,72.4372,12.9237,-152.91,69.9133,-7.39416,177.801,
97.2425,161.383,-30.0516,31.5655,199.731,-9.12,5.53515,102.489,9.96489,-170.549,38.3478,-6.15798,-150.84,72.4372,12.9237,-152.91,69.9133,-7.39416,177.801,
97.2217,161.363,-30.0516,31.5655,199.71,-9.12527,5.56901,102.489,9.96489,-170.549,38.3478,-6.15798,-150.84,72.4372,12.9237,-152.91,69.9133,-7.39416,177.801,
97.2217,161.35,-30.0526,31.5531,199.71,-9.12527,5.56901,102.489,9.96489,-170.549,38.3603,-6.15275,-150.841,72.4362,12.9298,-152.91,69.9133,-7.39416,177.801,
97.2217,161.35,-30.0526,31.5538,199.71,-9.12527,5.56901,102.489,9.96489,-170.549,38.3603,-6.15275,-150.841,72.4362,12.9298,-152.91,69.9141,-7.39162,177.801,
97.2329,161.35,-30.0414,31.5538,199.71,-9.12527,5.56901,102.478,9.9687,-170.551,38.3603,-6.15275,-150.841,72.4362,12.9298,-152.91,69.9141,-7.39162,177.801,
97.2324,161.35,-30.0414,31.5538,199.71,-9.11309,5.56931,102.478,9.9687,-170.551,38.3603,-6.15275,-150.841,72.4362,12.9298,-152.91,69.9141,-7.39162,177.801,
97.2325,161.35,-30.0414,31.5538,199.71,-9.10724,5.57213,102.478,9.9687,-170.551,38.3603,-6.15275,-150.841,72.4362,12.9298,-152.91,69.9141,-7.39162,177.801,
97.2325,161.345,-30.0619,31.5493,199.71,-9.10724,5.57213,102.478,9.9687,-170.551,38.3648,-6.18038,-150.842,72.4157,12.9374,-153.056,69.9141,-7.39162,177.801,
97.2325,161.345,-30.0619,31.549,199.71,-9.10724,5.57213,102.478,9.9687,-170.551,38.3648,-6.18038,-150.842,72.4157,12.9374,-153.056,69.9138,-7.40247,177.801,
97.2244,161.345,-30.07,31.5592,199.71,-9.10724,5.57213,102.486,9.9453,-170.549,38.3648,-6.18038,-150.842,72.4157,12.9374,-153.056,69.924,-7.41684,177.8,
97.2248,161.346,-30.07,31.5592,199.711,-9.10278,5.57628,102.486,9.9453,-170.549,38.3648,-6.18038,-150.842,72.4157,12.9374,-153.056,69.924,-7.41684,177.8,
97.2218,161.348,-30.07,31.5648,199.707,-9.09616,5.56973,102.486,9.9453,-170.549,38.3591,-6.21911,-150.841,72.4157,12.9374,-153.056,69.924,-7.41684,177.8,
97.2218,161.348,-30.0624,31.5648,199.707,-9.09616,5.56973,102.486,9.9453,-170.549,38.3591,-6.21911,-150.841,72.4233,12.9408,-153.054,69.924,-7.41684,177.8,
97.2218,161.348,-30.0591,31.5648,199.707,-9.09616,5.56973,102.486,9.9453,-170.549,38.3591,-6.21911,-150.841,72.4266,12.9256,-153.053,69.924,-7.41684,177.8,
97.2218,161.348,-30.0591,31.5648,199.707,-9.09616,5.56973,102.486,9.9453,-170.549,38.3591,-6.21911,-150.841,72.4266,12.9256,-153.053,69.924,-7.41684,177.8,
97.2238,161.35,-30.0591,31.5648,199.71,-9.09699,5.57524,102.486,9.9453,-170.549,38.3591,-6.21911,-150.841,72.4266,12.9256,-153.053,69.924,-7.41684,177.8,
97.2228,161.349,-30.0591,31.5648,199.708,-9.09332,5.57132,102.486,9.9453,-170.549,38.3591,-6.21911,-150.841,72.4266,12.9256,-153.053,69.924,-7.41684,177.8,
97.2228,161.307,-30.0591,31.5226,199.708,-9.09332,5.57132,102.486,9.9453,-170.549,38.4014,-6.27226,-150.769,72.4266,12.9256,-153.053,69.924,-7.41684,177.8,
97.2228,161.307,-30.0591,31.5226,199.708,-9.09332,5.57132,102.486,9.9453,-170.549,38.4014,-6.27226,-150.769,72.4266,12.9256,-153.053,69.924,-7.41684,177.8,
97.2175,161.302,-30.0591,31.5528,199.703,-9.09263,5.56872,102.486,9.9453,-170.549,38.4014,-6.27226,-150.769,72.4266,12.9256,-153.053,69.9543,-7.43675,177.692,
97.2044,161.289,-30.0591,31.5528,199.69,-9.09565,5.56979,102.486,9.9453,-170.549,38.4014,-6.27226,-150.769,72.4266,12.9256,-153.053,69.9543,-7.43675,177.692,
97.2044,161.289,-30.0569,31.5528,199.69,-9.09565,5.56979,102.486,9.9453,-170.549,38.4014,-6.27226,-150.769,72.4287,12.9165,-153.053,69.9543,-7.43675,177.692,
97.2044,161.289,-30.0569,31.5528,199.69,-9.09565,5.56979,102.486,9.9453,-170.549,38.4014,-6.27226,-150.769,72.4287,12.9165,-153.053,69.9543,-7.43675,177.692,
97.2044,161.289,-30.0569,31.5538,199.69,-9.09565,5.56979,102.486,9.9453,-170.549,38.4014,-6.27226,-150.769,72.4287,12.9165,-153.053,69.9552,-7.43207,177.692,
97.1598,161.289,-30.1016,31.5538,199.69,-9.09565,5.56979,102.53,9.95197,-170.403,38.4014,-6.27226,-150.769,72.4287,12.9165,-153.053,69.9552,-7.43207,177.692,
97.1598,161.289,-30.1016,31.5538,199.69,-9.09565,5.56979,102.53,9.95197,-170.403,38.4014,-6.27226,-150.769,72.4287,12.9165,-153.053,69.9552,-7.43207,177.692,
97.1598,161.289,-30.1016,31.5538,199.69,-9.09565,5.56979,102.53,9.95197,-170.403,38.4014,-6.27226,-150.769,72.4287,12.9165,-153.053,69.9552,-7.43207,177.692,
97.1598,161.289,-30.1016,31.5538,199.69,-9.09565,5.56979,102.53,9.95197,-170.403,38.4014,-6.27226,-150.769,72.4287,12.9165,-153.053,69.9552,-7.43207,177.692,
97.1598,161.289,-30.1016,31.5538,199.69,-9.09565,5.56979,102.53,9.95197,-170.403,38.4014,-6.27226,-150.769,72.4287,12.9165,-153.053,69.9552,-7.43207,177.692,
97.1598,161.289,-30.1016,31.5538,199.69,-9.09565,5.56979,102.53,9.95197,-170.403,38.4014,-6.27226,-150.769,72.4287,12.9165,-153.053,69.9552,-7.43207,177.692,
97.0749,161.289,-30.1865,31.5538,199.69,-9.09565,5.56979,102.615,9.988,-170.388,38.4014,-6.27226,-150.769,72.4287,12.9165,-153.053,69.9552,-7.43207,177.692,
97.0228,161.237,-30.1865,31.5538,199.638,-9.11265,5.57711,102.615,9.988,-170.388,38.4014,-6.27226,-150.769,72.4287,12.9165,-153.053,69.9552,-7.43207,177.692,
97.0228,161.286,-30.1865,31.6028,199.638,-9.11265,5.57711,102.615,9.988,-170.388,38.3524,-6.2473,-150.764,72.4287,12.9165,-153.053,69.9552,-7.43207,177.692,
97.0228,161.286,-30.1529,31.6028,199.638,-9.11265,5.57711,102.615,9.988,-170.388,38.3524,-6.2473,-150.764,72.4623,12.9097,-153.092,69.9552,-7.43207,177.692,
97.0228,161.286,-30.1529,31.5892,199.638,-9.11265,5.57711,102.615,9.988,-170.388,38.3524,-6.2473,-150.764,72.4623,12.9097,-153.092,69.9416,-7.4101,177.694,
97.0013,161.286,-30.1744,31.5892,199.638,-9.11265,5.57711,102.637,9.97656,-170.384,38.3524,-6.2473,-150.764,72.4623,12.9097,-153.092,69.9416,-7.4101,177.694,
96.9605,161.245,-30.1744,31.5892,199.597,-9.12827,5.58367,102.637,9.97656,-170.384,38.3524,-6.2473,-150.764,72.4623,12.9097,-153.092,69.9416,-7.4101,177.694,
96.9605,161.248,-30.1744,31.592,199.597,-9.12827,5.58367,102.637,9.97656,-170.384,38.3497,-6.23666,-150.763,72.4623,12.9097,-153.092,69.9416,-7.4101,177.694,
96.9605,161.248,-30.1744,31.596,199.597,-9.12827,5.58367,102.637,9.97656,-170.384,38.3497,-6.23666,-150.763,72.4623,12.9097,-153.092,69.9456,-7.40038,177.693,
96.9947,161.248,-30.1403,31.596,199.597,-9.12827,5.58367,102.603,9.9811,-170.39,38.3497,-6.23666,-150.763,72.4623,12.9097,-153.092,69.9456,-7.40038,177.693,
96.9785,161.231,-30.1403,31.596,199.581,-9.13628,5.58957,102.603,9.9811,-170.39,38.3497,-6.23666,-150.763,72.4623,12.9097,-153.092,69.9456,-7.40038,177.693,
96.9609,161.228,-30.1403,31.61,199.564,-9.14552,5.59272,102.603,9.9811,-170.39,38.3356,-6.21883,-150.762,72.4623,12.9097,-153.092,69.9456,-7.40038,177.693,
96.9609,161.238,-30.1419,31.6198,199.564,-9.14552,5.59272,102.603,9.9811,-170.39,38.3258,-6.21542,-150.64,72.4607,12.9351,-153.092,69.9456,-7.40038,177.693,
96.9609,161.238,-30.1426,31.6366,199.564,-9.14552,5.59272,102.603,9.9811,-170.39,38.3258,-6.21542,-150.64,72.4599,12.937,-153.093,69.9624,-7.40907,177.935,
96.9963,161.238,-30.1072,31.6366,199.564,-9.14552,5.59272,102.567,9.99533,-170.322,38.3258,-6.21542,-150.64,72.4599,12.937,-153.093,69.9624,-7.40907,177.935,
97.0451,161.238,-30.0592,31.6366,199.564,-9.14993,5.53835,102.519,9.98972,-170.33,38.3258,-6.21542,-150.64,72.4599,12.937,-153.093,69.9624,-7.40907,177.935,
97.0367,161.23,-30.0592,31.6366,199.556,-9.14995,5.53578,102.519,9.98972,-170.33,38.3258,-6.21542,-150.64,72.4599,12.937,-153.093,69.9624,-7.40907,177.935,
97.0367,161.26,-30.0918,31.6661,199.556,-9.14995,5.53578,102.519,9.98972,-170.33,38.2962,-6.22581,-150.637,72.4273,12.9457,-153.1,69.9624,-7.40907,177.935,
97.0367,161.26,-30.0918,31.6661,199.556,-9.14995,5.53578,102.519,9.98972,-170.33,38.2962,-6.22581,-150.637,72.4273,12.9457,-153.1,69.9624,-7.40907,177.935,
97.064,161.26,-30.0644,31.6542,199.556,-9.14995,5.53578,102.492,9.97867,-170.335,38.2962,-6.22581,-150.637,72.4273,12.9457,-153.1,69.9504,-7.41468,177.937,
97.0567,161.252,-30.0644,31.6542,199.548,-9.15749,5.52444,102.492,9.97867,-170.335,38.2962,-6.22581,-150.637,72.4273,12.9457,-153.1,69.9504,-7.41468,177.937,
97.0221,161.23,-30.0644,31.6669,199.514,-9.15916,5.51338,102.492,9.97867,-170.335,38.2835,-6.23515,-150.635,72.4273,12.9457,-153.1,69.9504,-7.41468,177.937,
97.0221,161.23,-30.0644,31.6663,199.514,-9.15916,5.51338,102.492,9.97867,-170.335,38.2841,-6.23687,-150.635,72.4273,12.9457,-153.1,69.9504,-7.41468,177.937,
97.0221,161.23,-30.0644,31.6601,199.514,-9.15916,5.51338,102.492,9.97867,-170.335,38.2841,-6.23687,-150.635,72.4273,12.9457,-153.1,69.9442,-7.41465,177.938,
97.0221,161.23,-30.0644,31.6601,199.514,-9.15916,5.51338,102.492,9.97867,-170.335,38.2841,-6.23687,-150.635,72.4273,12.9457,-153.1,69.9442,-7.41465,177.938,
97.0042,161.213,-30.0656,31.6601,199.497,-9.16311,5.50385,102.493,9.96162,-170.334,38.2841,-6.23687,-150.635,72.4273,12.9457,-153.1,69.9442,-7.41465,177.938,
96.9865,161.195,-30.0656,31.6601,199.479,-9.16881,5.49593,102.493,9.96162,-170.334,38.2841,-6.23687,-150.635,72.4273,12.9457,-153.1,69.9442,-7.41465,177.938,
96.9865,161.195,-30.0656,31.6601,199.479,-9.16881,5.49593,102.493,9.96162,-170.334,38.2841,-6.23687,-150.635,72.4273,12.9457,-153.1,69.9442,-7.41465,177.938,
96.9865,161.195,-30.0576,31.6601,199.479,-9.16881,5.49593,102.493,9.96162,-170.334,38.2841,-6.23687,-150.635,72.4353,12.9331,-152.965,69.9442,-7.41465,177.938,
96.9717,161.195,-30.0723,31.6601,199.479,-9.16881,5.49593,102.508,9.96543,-170.332,38.2841,-6.23687,-150.635,72.4353,12.9331,-152.965,69.9442,-7.41465,177.938,
96.9575,161.181,-30.0723,31.6601,199.465,-9.17799,5.49883,102.508,9.96543,-170.332,38.2841,-6.23687,-150.635,72.4353,12.9331,-152.965,69.9442,-7.41465,177.938,
96.9462,161.165,-30.0723,31.6551,199.454,-9.18823,5.49489,102.508,9.96543,-170.332,38.2891,-6.23727,-150.636,72.4353,12.9331,-152.965,69.9442,-7.41465,177.938,
96.9462,161.165,-30.0723,31.6551,199.454,-9.18823,5.49489,102.508,9.96543,-170.332,38.2891,-6.23727,-150.636,72.4353,12.9331,-152.965,69.9442,-7.41465,177.938,
96.9462,161.165,-30.0757,31.6588,199.454,-9.18823,5.49489,102.508,9.96543,-170.332,38.2891,-6.23727,-150.636,72.4319,12.9386,-152.965,69.9479,-7.40947,177.937,
96.9462,161.165,-30.0757,31.6588,199.454,-9.18823,5.49489,102.508,9.96543,-170.332,38.2891,-6.23727,-150.636,72.4319,12.9386,-152.965,69.9479,-7.40947,177.937,
96.9462,161.165,-30.0757,31.6588,199.454,-9.18823,5.49489,102.508,9.96543,-170.332,38.2891,-6.23727,-150.636,72.4319,12.9386,-152.965,69.9479,-7.40947,177.937,
96.9462,161.165,-30.0757,31.6588,199.454,-9.18823,5.49489,102.508,9.96543,-170.332,38.2891,-6.23727,-150.636,72.4319,12.9386,-152.965,69.9479,-7.40947,177.937,
96.9462,161.165,-30.0757,31.6588,199.454,-9.18823,5.49489,102.508,9.96543,-170.332,38.2891,-6.23727,-150.636,72.4319,12.9386,-152.965,69.9479,-7.40947,177.937,
96.9462,161.165,-30.0757,31.6588,199.454,-9.18823,5.49489,102.508,9.96543,-170.332,38.2891,-6.23727,-150.636,72.4319,12.9386,-152.965,69.9479,-7.40947,177.937,
