18.4172,21.9088,-36.3969,-12.7319,123.392,9.58605,-8.04953,104.975,4.61588,108.698,101.483,3.90208,-14.7726,68.5781,5.26444,83.5653,88.7515,-4.81178,-23.6108,
18.4172,21.9088,-36.3969,-12.7319,123.392,9.58605,-8.04953,104.975,4.61588,108.698,101.483,3.90208,-14.7726,68.5781,5.26444,83.5653,88.7515,-4.81178,-23.6108,
18.4172,21.9088,-36.3969,-12.7319,123.392,9.58605,-8.04953,104.975,4.61588,108.698,101.483,3.90208,-14.7726,68.5781,5.26444,83.5653,88.7515,-4.81178,-23.6108,
18.4148,21.9064,-36.3969,-12.7319,123.39,9.57019,-8.06005,104.975,4.61588,108.698,101.483,3.90208,-14.7726,68.5781,5.26444,83.5653,88.7515,-4.81178,-23.6108,
18.4148,21.9064,-36.3969,-12.7319,123.39,9.57019,-8.06005,104.975,4.61588,108.698,101.483,3.90208,-14.7726,68.5781,5.26444,83.5653,88.7515,-4.81178,-23.6108,
18.4123,21.9239,-36.4194,-12.7119,123.387,9.55222,-8.06512,104.975,4.61588,108.698,101.463,3.89932,-14.7084,68.5556,5.27633,83.5771,88.7515,-4.81178,-23.6108,
18.4123,21.9239,-36.4194,-12.7119,123.387,9.55222,-8.06512,104.975,4.61588,108.698,101.463,3.89932,-14.7084,68.5556,5.27633,83.5771,88.7515,-4.81178,-23.6108,
18.4123,21.9239,-36.4454,-12.6819,123.387,9.55222,-8.06512,104.975,4.61588,108.698,101.463,3.89932,-14.7084,68.5296,5.29116,83.5852,88.7815,-4.80758,-23.5545,
18.4123,21.9239,-36.4454,-12.6819,123.387,9.55222,-8.06512,104.975,4.61588,108.698,101.463,3.89932,-14.7084,68.5296,5.29116,83.5852,88.7815,-4.80758,-23.5545,
18.4605,21.9305,-36.4038,-12.6819,123.394,9.5295,-8.07423,104.933,4.62208,108.752,101.463,3.89932,-14.7084,68.5296,5.29116,83.5852,88.7815,-4.80758,-23.5545,
18.4605,21.9305,-36.4038,-12.6819,123.394,9.5295,-8.07423,104.933,4.62208,108.752,101.463,3.89932,-14.7084,68.5296,5.29116,83.5852,88.7815,-4.80758,-23.5545,
18.3409,21.7747,-36.4866,-12.695,123.273,9.51613,-8.13895,104.932,4.61991,108.867,101.498,3.90135,-14.5668,68.4451,5.3512,83.663,88.8029,-4.81384,-23.5563,
18.3409,21.7747,-36.4866,-12.695,123.273,9.51613,-8.13895,104.932,4.61991,108.867,101.498,3.90135,-14.5668,68.4451,5.3512,83.663,88.8029,-4.81384,-23.5563,
18.3467,21.7747,-36.4807,-12.695,123.273,9.51613,-8.13895,104.926,4.64763,108.963,101.498,3.90135,-14.5668,68.4451,5.3512,83.663,88.8029,-4.81384,-23.5563,
18.3467,21.7747,-36.4807,-12.695,123.273,9.51613,-8.13895,104.926,4.64763,108.963,101.498,3.90135,-14.5668,68.4451,5.3512,83.663,88.8029,-4.81384,-23.5563,
18.3061,21.7498,-36.4807,-12.6792,123.232,9.5126,-8.15188,104.926,4.64763,108.963,101.482,3.90457,-14.5111,68.4451,5.3512,83.663,88.8029,-4.81384,-23.5563,
18.3061,21.7498,-36.4807,-12.6792,123.232,9.5126,-8.15188,104.926,4.64763,108.963,101.482,3.90457,-14.5111,68.4451,5.3512,83.663,88.8029,-4.81384,-23.5563,
18.3061,21.7498,-36.5085,-12.6731,123.232,9.5126,-8.15188,104.926,4.64763,108.963,101.482,3.90457,-14.5111,68.4173,5.36802,83.679,88.8089,-4.81938,-23.5346,
18.3061,21.7498,-36.5085,-12.6731,123.232,9.5126,-8.15188,104.926,4.64763,108.963,101.482,3.90457,-14.5111,68.4173,5.36802,83.679,88.8089,-4.81938,-23.5346,
18.2596,21.7034,-36.5085,-12.6731,123.185,9.49408,-8.2066,104.926,4.64763,108.963,101.482,3.90457,-14.5111,68.4173,5.36802,83.679,88.8089,-4.81938,-23.5346,
18.2596,21.7034,-36.5085,-12.6731,123.185,9.49408,-8.2066,104.926,4.64763,108.963,101.482,3.90457,-14.5111,68.4173,5.36802,83.679,88.8089,-4.81938,-23.5346,
18.2596,21.6992,-36.5576,-12.6706,123.185,9.49408,-8.2066,104.926,4.64763,108.963,101.486,3.92074,-14.4311,68.3682,5.38364,83.6992,88.8156,-4.82126,-23.5105,
18.2596,21.6992,-36.5576,-12.6706,123.185,9.49408,-8.2066,104.926,4.64763,108.963,101.486,3.92074,-14.4311,68.3682,5.38364,83.6992,88.8156,-4.82126,-23.5105,
18.315,21.6992,-36.5022,-12.6818,123.185,9.49408,-8.2066,104.87,4.67511,108.979,101.486,3.92074,-14.4311,68.3682,5.38364,83.6992,88.8044,-4.80692,-23.5096,
18.315,21.6992,-36.5022,-12.6818,123.185,9.49408,-8.2066,104.87,4.67511,108.979,101.486,3.92074,-14.4311,68.3682,5.38364,83.6992,88.8044,-4.80692,-23.5096,
18.3135,21.6877,-36.5022,-12.6919,123.184,9.48329,-8.23553,104.87,4.67511,108.979,101.496,3.92228,-14.3774,68.3682,5.38364,83.6992,88.8044,-4.80692,-23.5096,
18.3135,21.6877,-36.5022,-12.6919,123.184,9.48329,-8.23553,104.87,4.67511,108.979,101.496,3.92228,-14.3774,68.3682,5.38364,83.6992,88.8044,-4.80692,-23.5096,
18.3888,21.6877,-36.4279,-12.684,123.184,9.48329,-8.23553,104.795,4.61449,108.973,101.496,3.92228,-14.3774,68.3672,5.398,83.6991,88.8123,-4.81662,-23.5102,
18.3888,21.6877,-36.4279,-12.684,123.184,9.48329,-8.23553,104.795,4.61449,108.973,101.496,3.92228,-14.3774,68.3672,5.398,83.6991,88.8123,-4.81662,-23.5102,
18.3888,21.6877,-36.4279,-12.684,123.184,9.48329,-8.23553,104.795,4.61449,108.973,101.496,3.92228,-14.3774,68.3672,5.398,83.6991,88.8123,-4.81662,-23.5102,
18.3888,21.6877,-36.4279,-12.684,123.184,9.48329,-8.23553,104.795,4.61449,108.973,101.496,3.92228,-14.3774,68.3672,5.398,83.6991,88.8123,-4.81662,-23.5102,
18.3888,21.6877,-36.4279,-12.684,123.184,9.48329,-8.23553,104.795,4.61449,108.973,101.496,3.92228,-14.3774,68.3672,5.398,83.6991,88.8123,-4.81662,-23.5102,
18.3888,21.6877,-36.4279,-12.684,123.184,9.48329,-8.23553,104.795,4.61449,108.973,101.496,3.92228,-14.3774,68.3672,5.398,83.6991,88.8123,-4.81662,-23.5102,
18.3888,21.6877,-36.4279,-12.684,123.184,9.48329,-8.23553,104.795,4.61449,108.973,101.496,3.92228,-14.3774,68.3672,5.398,83.6991,88.8123,-4.81662,-23.5102,
18.3888,21.6877,-36.4279,-12.684,123.184,9.48329,-8.23553,104.795,4.61449,108.973,101.496,3.92228,-14.3774,68.3672,5.398,83.6991,88.8123,-4.81662,-23.5102,
18.3624,21.6356,-36.4279,-12.7097,123.158,9.49997,-8.28476,104.795,4.61449,108.973,101.522,3.9716,-14.3756,68.3672,5.398,83.6991,88.8123,-4.81662,-23.5102,
18.3624,21.6356,-36.4279,-12.7097,123.158,9.49997,-8.28476,104.795,4.61449,108.973,101.522,3.9716,-14.3756,68.3672,5.398,83.6991,88.8123,-4.81662,-23.5102,
18.3624,21.6356,-36.4056,-12.7475,123.158,9.49997,-8.28476,104.795,4.61449,108.973,101.522,3.9716,-14.3756,68.3895,5.39779,83.7012,88.7745,-4.84558,-23.507,
18.3624,21.6356,-36.4056,-12.7475,123.158,9.49997,-8.28476,104.795,4.61449,108.973,101.522,3.9716,-14.3756,68.3895,5.39779,83.7012,88.7745,-4.84558,-23.507,
18.2981,21.5614,-36.3958,-12.7475,123.083,9.51455,-8.36211,104.785,4.50251,108.978,101.522,3.9716,-14.3756,68.3895,5.39779,83.7012,88.7745,-4.84558,-23.507,
18.2981,21.5614,-36.3958,-12.7475,123.083,9.51455,-8.36211,104.785,4.50251,108.978,101.522,3.9716,-14.3756,68.3895,5.39779,83.7012,88.7745,-4.84558,-23.507,
18.2981,21.5614,-36.3794,-12.7316,123.083,9.51455,-8.36211,104.785,4.50251,108.978,101.522,3.9716,-14.3756,68.4059,5.39267,83.7027,88.7904,-4.82541,-23.5084,
18.2981,21.5614,-36.3794,-12.7316,123.083,9.51455,-8.36211,104.785,4.50251,108.978,101.522,3.9716,-14.3756,68.4059,5.39267,83.7027,88.7904,-4.82541,-23.5084,
18.2981,21.5614,-36.3794,-12.7017,123.083,9.51455,-8.36211,104.785,4.50251,108.978,101.522,3.9716,-14.3756,68.4059,5.39267,83.7027,88.8203,-4.81166,-23.5109,
18.2981,21.5614,-36.3794,-12.7017,123.083,9.51455,-8.36211,104.785,4.50251,108.978,101.522,3.9716,-14.3756,68.4059,5.39267,83.7027,88.8203,-4.81166,-23.5109,
18.256,21.435,-36.3956,-12.7861,123.041,9.51266,-8.38,104.785,4.50251,108.978,101.606,4.05949,-14.4016,68.3897,5.40625,83.7012,88.8203,-4.81166,-23.5109,
18.256,21.435,-36.3956,-12.7861,123.041,9.51266,-8.38,104.785,4.50251,108.978,101.606,4.05949,-14.4016,68.3897,5.40625,83.7012,88.8203,-4.81166,-23.5109,
18.256,21.435,-36.3956,-12.7912,123.041,9.51266,-8.38,104.785,4.50251,108.978,101.606,4.05949,-14.4016,68.3897,5.40625,83.7012,88.8151,-4.82411,-23.5105,
18.256,21.435,-36.3956,-12.7912,123.041,9.51266,-8.38,104.785,4.50251,108.978,101.606,4.05949,-14.4016,68.3897,5.40625,83.7012,88.8151,-4.82411,-23.5105,
18.2651,21.4061,-36.3575,-12.7912,123.012,9.43618,-8.38224,104.747,4.38912,108.975,101.606,4.05949,-14.4016,68.3897,5.40625,83.7012,88.8151,-4.82411,-23.5105,
18.2651,21.4061,-36.3575,-12.7912,123.012,9.43618,-8.38224,104.747,4.38912,108.975,101.606,4.05949,-14.4016,68.3897,5.40625,83.7012,88.8151,-4.82411,-23.5105,
18.2651,21.4402,-36.3863,-12.7776,123.012,9.43618,-8.38224,104.747,4.38912,108.975,101.572,3.99379,-14.4298,68.361,5.41706,83.6985,88.7946,-4.8516,-23.5087,
18.2651,21.4402,-36.3863,-12.7776,123.012,9.43618,-8.38224,104.747,4.38912,108.975,101.572,3.99379,-14.4298,68.361,5.41706,83.6985,88.7946,-4.8516,-23.5087,
18.3265,21.4402,-36.3249,-12.7776,123.012,9.43618,-8.38224,104.686,4.41619,108.865,101.572,3.99379,-14.4298,68.361,5.41706,83.6985,88.7946,-4.8516,-23.5087,
18.3265,21.4402,-36.3249,-12.7776,123.012,9.43618,-8.38224,104.686,4.41619,108.865,101.572,3.99379,-14.4298,68.361,5.41706,83.6985,88.7946,-4.8516,-23.5087,
18.3273,21.441,-36.3249,-12.7776,123.013,9.41022,-8.37611,104.686,4.41619,108.865,101.572,3.99379,-14.4298,68.361,5.41706,83.6985,88.7946,-4.8516,-23.5087,
18.3273,21.441,-36.3249,-12.7776,123.013,9.41022,-8.37611,104.686,4.41619,108.865,101.572,3.99379,-14.4298,68.361,5.41706,83.6985,88.7946,-4.8516,-23.5087,
18.3273,21.441,-36.339,-12.805,123.013,9.41022,-8.37611,104.686,4.41619,108.865,101.572,3.99379,-14.4298,68.3469,5.40727,83.6972,88.7672,-4.88151,-23.5064,
18.3273,21.441,-36.339,-12.805,123.013,9.41022,-8.37611,104.686,4.41619,108.865,101.572,3.99379,-14.4298,68.3469,5.40727,83.6972,88.7672,-4.88151,-23.5064,
18.2986,21.389,-36.3157,-12.805,122.961,9.38445,-8.36919,104.663,4.41858,108.798,101.572,3.99379,-14.4298,68.3469,5.40727,83.6972,88.7672,-4.88151,-23.5064,
18.2986,21.389,-36.3157,-12.805,122.961,9.38445,-8.36919,104.663,4.41858,108.798,101.572,3.99379,-14.4298,68.3469,5.40727,83.6972,88.7672,-4.88151,-23.5064,
18.257,21.4102,-36.302,-12.7486,122.92,9.35894,-8.36985,104.663,4.41858,108.798,101.509,3.95673,-14.4471,68.3606,5.40049,83.6985,88.7607,-4.89085,-23.5059,
18.257,21.4102,-36.302,-12.7486,122.92,9.35894,-8.36985,104.663,4.41858,108.798,101.509,3.95673,-14.4471,68.3606,5.40049,83.6985,88.7607,-4.89085,-23.5059,
18.2573,21.4102,-36.3016,-12.7486,122.92,9.35894,-8.36985,104.662,4.41572,108.742,101.509,3.95673,-14.4471,68.3606,5.40049,83.6985,88.7607,-4.89085,-23.5059,
18.2573,21.4102,-36.3016,-12.7486,122.92,9.35894,-8.36985,104.662,4.41572,108.742,101.509,3.95673,-14.4471,68.3606,5.40049,83.6985,88.7607,-4.89085,-23.5059,
18.1872,21.3401,-36.3016,-12.7486,122.849,9.3534,-8.35499,104.662,4.41572,108.742,101.509,3.95673,-14.4471,68.3606,5.40049,83.6985,88.7607,-4.89085,-23.5059,
18.1872,21.3401,-36.3016,-12.7486,122.849,9.3534,-8.35499,104.662,4.41572,108.742,101.509,3.95673,-14.4471,68.3606,5.40049,83.6985,88.7607,-4.89085,-23.5059,
18.1872,21.3401,-36.3009,-12.7297,122.849,9.3534,-8.35499,104.662,4.41572,108.742,101.509,3.95673,-14.4471,68.3614,5.3831,83.6832,88.7796,-4.90693,-23.5075,
18.1872,21.3401,-36.3009,-12.7297,122.849,9.3534,-8.35499,104.662,4.41572,108.742,101.509,3.95673,-14.4471,68.3614,5.3831,83.6832,88.7796,-4.90693,-23.5075,
18.1771,21.3401,-36.311,-12.7297,122.849,9.3534,-8.35499,104.672,4.40988,108.683,101.509,3.95673,-14.4471,68.3614,5.3831,83.6832,88.7796,-4.90693,-23.5075,
18.1771,21.3401,-36.311,-12.7297,122.849,9.3534,-8.35499,104.672,4.40988,108.683,101.509,3.95673,-14.4471,68.3614,5.3831,83.6832,88.7796,-4.90693,-23.5075,
18.1771,21.3401,-36.311,-12.7297,122.849,9.3534,-8.35499,104.672,4.40988,108.683,101.509,3.95673,-14.4471,68.3614,5.3831,83.6832,88.7796,-4.90693,-23.5075,
18.1771,21.3401,-36.311,-12.7297,122.849,9.3534,-8.35499,104.672,4.40988,108.683,101.509,3.95673,-14.4471,68.3614,5.3831,83.6832,88.7796,-4.90693,-23.5075,
18.1771,21.3401,-36.311,-12.7297,122.849,9.3534,-8.35499,104.672,4.40988,108.683,101.509,3.95673,-14.4471,68.3614,5.3831,83.6832,88.7796,-4.90693,-23.5075,
18.1771,21.3401,-36.311,-12.7297,122.849,9.3534,-8.35499,104.672,4.40988,108.683,101.509,3.95673,-14.4471,68.3614,5.3831,83.6832,88.7796,-4.90693,-23.5075,
18.1093,21.2665,-36.311,-12.7355,122.782,9.32953,-8.3105,104.672,4.40988,108.683,101.515,3.90169,-14.5665,68.3614,5.3831,83.6832,88.7796,-4.90693,-23.5075,
18.1093,21.2665,-36.311,-12.7355,122.782,9.32953,-8.3105,104.672,4.40988,108.683,101.515,3.90169,-14.5665,68.3614,5.3831,83.6832,88.7796,-4.90693,-23.5075,
18.1093,21.2665,-36.3012,-12.7527,122.782,9.32953,-8.3105,104.672,4.40988,108.683,101.515,3.90169,-14.5665,68.3712,5.35538,83.6841,88.7625,-4.94628,-23.506,
18.1093,21.2665,-36.3012,-12.7527,122.782,9.32953,-8.3105,104.672,4.40988,108.683,101.515,3.90169,-14.5665,68.3712,5.35538,83.6841,88.7625,-4.94628,-23.506,
18.0751,21.2358,-36.3047,-12.7527,122.751,9.30134,-8.27876,104.676,4.38886,108.585,101.515,3.90169,-14.5665,68.3712,5.35538,83.6841,88.7625,-4.94628,-23.506,
18.0751,21.2358,-36.3047,-12.7527,122.751,9.30134,-8.27876,104.676,4.38886,108.585,101.515,3.90169,-14.5665,68.3712,5.35538,83.6841,88.7625,-4.94628,-23.506,
18.0751,21.2333,-36.3157,-12.7552,122.751,9.30134,-8.27876,104.676,4.38886,108.585,101.518,3.8611,-14.6148,68.3601,5.35053,83.683,88.7625,-4.94628,-23.506,
18.0751,21.2333,-36.3157,-12.7552,122.751,9.30134,-8.27876,104.676,4.38886,108.585,101.518,3.8611,-14.6148,68.3601,5.35053,83.683,88.7625,-4.94628,-23.506,
18.1048,21.2333,-36.2861,-12.7402,122.751,9.30134,-8.27876,104.646,4.37462,108.493,101.518,3.8611,-14.6148,68.3601,5.35053,83.683,88.7775,-4.96156,-23.5073,
18.1048,21.2333,-36.2861,-12.7402,122.751,9.30134,-8.27876,104.646,4.37462,108.493,101.518,3.8611,-14.6148,68.3601,5.35053,83.683,88.7775,-4.96156,-23.5073,
18.0707,21.1815,-36.2771,-12.7579,122.717,9.28269,-8.23521,104.646,4.37462,108.493,101.535,3.83549,-14.6443,68.3691,5.33811,83.6839,88.7775,-4.96156,-23.5073,
18.0707,21.1815,-36.2771,-12.7579,122.717,9.28269,-8.23521,104.646,4.37462,108.493,101.535,3.83549,-14.6443,68.3691,5.33811,83.6839,88.7775,-4.96156,-23.5073,
18.0464,21.1572,-36.2771,-12.7579,122.693,9.27701,-8.22498,104.646,4.37462,108.493,101.535,3.83549,-14.6443,68.3691,5.33811,83.6839,88.7775,-4.96156,-23.5073,
18.0464,21.1572,-36.2771,-12.7579,122.693,9.27701,-8.22498,104.646,4.37462,108.493,101.535,3.83549,-14.6443,68.3691,5.33811,83.6839,88.7775,-4.96156,-23.5073,
18.015,21.1181,-36.2695,-12.7579,122.654,9.2592,-8.19523,104.639,4.37319,108.448,101.535,3.83549,-14.6443,68.3691,5.33811,83.6839,88.7775,-4.96156,-23.5073,
18.015,21.1181,-36.2695,-12.7579,122.654,9.2592,-8.19523,104.639,4.37319,108.448,101.535,3.83549,-14.6443,68.3691,5.33811,83.6839,88.7775,-4.96156,-23.5073,
18.015,21.1134,-36.2601,-12.7626,122.654,9.2592,-8.19523,104.639,4.37319,108.448,101.54,3.77488,-14.6439,68.3785,5.3316,83.6848,88.7775,-4.96156,-23.5073,
18.015,21.1134,-36.2601,-12.7626,122.654,9.2592,-8.19523,104.639,4.37319,108.448,101.54,3.77488,-14.6439,68.3785,5.3316,83.6848,88.7775,-4.96156,-23.5073,
18.0075,21.1134,-36.2675,-12.7556,122.654,9.2592,-8.19523,104.646,4.37148,108.423,101.54,3.77488,-14.6439,68.3785,5.3316,83.6848,88.7845,-5.01462,-23.5079,
18.0075,21.1134,-36.2675,-12.7556,122.654,9.2592,-8.19523,104.646,4.37148,108.423,101.54,3.77488,-14.6439,68.3785,5.3316,83.6848,88.7845,-5.01462,-23.5079,
17.957,21.1179,-36.2977,-12.7006,122.603,9.22843,-8.11204,104.646,4.37148,108.423,101.485,3.75725,-14.6476,68.3483,5.33255,83.6819,88.7845,-5.01462,-23.5079,
17.957,21.1179,-36.2977,-12.7006,122.603,9.22843,-8.11204,104.646,4.37148,108.423,101.485,3.75725,-14.6476,68.3483,5.33255,83.6819,88.7845,-5.01462,-23.5079,
17.957,21.1179,-36.2977,-12.7006,122.603,9.22843,-8.11204,104.646,4.37148,108.423,101.485,3.75725,-14.6476,68.3483,5.33255,83.6819,88.7845,-5.01462,-23.5079,
17.957,21.1179,-36.2977,-12.7006,122.603,9.22843,-8.11204,104.646,4.37148,108.423,101.485,3.75725,-14.6476,68.3483,5.33255,83.6819,88.7845,-5.01462,-23.5079,
17.9008,21.0781,-36.3141,-12.7006,122.563,9.20648,-8.06282,104.662,4.35966,108.385,101.485,3.75725,-14.6476,68.3483,5.33255,83.6819,88.7845,-5.01462,-23.5079,
17.9008,21.0781,-36.3141,-12.7006,122.563,9.20648,-8.06282,104.662,4.35966,108.385,101.485,3.75725,-14.6476,68.3483,5.33255,83.6819,88.7845,-5.01462,-23.5079,
17.9008,21.1229,-36.3225,-12.6571,122.563,9.20648,-8.06282,104.662,4.35966,108.385,101.44,3.73463,-14.6505,68.3399,5.31145,83.6812,88.7832,-5.04056,-23.5078,
17.9008,21.1229,-36.3225,-12.6571,122.563,9.20648,-8.06282,104.662,4.35966,108.385,101.44,3.73463,-14.6505,68.3399,5.31145,83.6812,88.7832,-5.04056,-23.5078,
17.9157,21.1229,-36.3076,-12.669,122.563,9.20648,-8.06282,104.648,4.34775,108.357,101.44,3.73463,-14.6505,68.3399,5.31145,83.6812,88.7713,-5.05606,-23.5067,
17.9157,21.1229,-36.3076,-12.669,122.563,9.20648,-8.06282,104.648,4.34775,108.357,101.44,3.73463,-14.6505,68.3399,5.31145,83.6812,88.7713,-5.05606,-23.5067,
17.855,21.1112,-36.3076,-12.62,122.502,9.16571,-7.92485,104.648,4.34775,108.357,101.391,3.75396,-14.6537,68.3399,5.31145,83.6812,88.7713,-5.05606,-23.5067,
17.855,21.1112,-36.3076,-12.62,122.502,9.16571,-7.92485,104.648,4.34775,108.357,101.391,3.75396,-14.6537,68.3399,5.31145,83.6812,88.7713,-5.05606,-23.5067,
17.8479,21.1042,-36.3129,-12.634,122.495,9.15484,-7.8898,104.648,4.34775,108.357,101.391,3.75396,-14.6537,68.3346,5.30929,83.6807,88.7573,-5.05994,-23.5055,
17.8479,21.1042,-36.3129,-12.634,122.495,9.15484,-7.8898,104.648,4.34775,108.357,101.391,3.75396,-14.6537,68.3346,5.30929,83.6807,88.7573,-5.05994,-23.5055,
17.8589,21.1042,-36.3019,-12.634,122.495,9.15484,-7.8898,104.637,4.33986,108.315,101.391,3.75396,-14.6537,68.3346,5.30929,83.6807,88.7573,-5.05994,-23.5055,
17.8589,21.1042,-36.3019,-12.634,122.495,9.15484,-7.8898,104.637,4.33986,108.315,101.391,3.75396,-14.6537,68.3346,5.30929,83.6807,88.7573,-5.05994,-23.5055,
17.8589,21.1042,-36.3019,-12.634,122.495,9.15484,-7.8898,104.637,4.33986,108.315,101.391,3.75396,-14.6537,68.3346,5.30929,83.6807,88.7573,-5.05994,-23.5055,
17.8589,21.1042,-36.3019,-12.634,122.495,9.15484,-7.8898,104.637,4.33986,108.315,101.391,3.75396,-14.6537,68.3346,5.30929,83.6807,88.7573,-5.05994,-23.5055,
17.8589,21.1042,-36.3019,-12.634,122.495,9.15484,-7.8898,104.637,4.33986,108.315,101.391,3.75396,-14.6537,68.3346,5.30929,83.6807,88.7573,-5.05994,-23.5055,
17.8589,21.1042,-36.3019,-12.634,122.495,9.15484,-7.8898,104.637,4.33986,108.315,101.391,3.75396,-14.6537,68.3346,5.30929,83.6807,88.7573,-5.05994,-23.5055,
17.8285,21.0844,-36.3133,-12.6233,122.465,9.12712,-7.82449,104.637,4.33986,108.315,101.381,3.72164,-14.707,68.3232,5.30229,83.6796,88.7573,-5.05994,-23.5055,
17.8285,21.0844,-36.3133,-12.6233,122.465,9.12712,-7.82449,104.637,4.33986,108.315,101.381,3.72164,-14.707,68.3232,5.30229,83.6796,88.7573,-5.05994,-23.5055,
17.8285,21.0844,-36.3145,-12.6734,122.465,9.12712,-7.82449,104.637,4.33986,108.315,101.381,3.72164,-14.707,68.3221,5.30295,83.6795,88.7072,-5.12577,-23.5011,
17.8285,21.0844,-36.3145,-12.6734,122.465,9.12712,-7.82449,104.637,4.33986,108.315,101.381,3.72164,-14.707,68.3221,5.30295,83.6795,88.7072,-5.12577,-23.5011,
17.827,21.0467,-36.2782,-12.6734,122.427,9.11257,-7.75064,104.6,4.19257,108.313,101.381,3.72164,-14.707,68.3221,5.30295,83.6795,88.7072,-5.12577,-23.5011,
17.827,21.0467,-36.2782,-12.6734,122.427,9.11257,-7.75064,104.6,4.19257,108.313,101.381,3.72164,-14.707,68.3221,5.30295,83.6795,88.7072,-5.12577,-23.5011,
17.827,21.0315,-36.2981,-12.6754,122.427,9.11257,-7.75064,104.6,4.19257,108.313,101.396,3.64629,-14.706,68.3022,5.2945,83.6777,88.7204,-5.13575,-23.5023,
17.827,21.0315,-36.2981,-12.6754,122.427,9.11257,-7.75064,104.6,4.19257,108.313,101.396,3.64629,-14.706,68.3022,5.2945,83.6777,88.7204,-5.13575,-23.5023,
17.8582,21.0182,-36.2536,-12.6754,122.414,9.10156,-7.71457,104.556,4.10515,108.309,101.396,3.64629,-14.706,68.3022,5.2945,83.6777,88.7204,-5.13575,-23.5023,
17.8582,21.0182,-36.2536,-12.6754,122.414,9.10156,-7.71457,104.556,4.10515,108.309,101.396,3.64629,-14.706,68.3022,5.2945,83.6777,88.7204,-5.13575,-23.5023,
17.8524,21.006,-36.2536,-12.6817,122.408,9.08548,-7.63396,104.556,4.10515,108.309,101.402,3.58977,-14.6836,68.3022,5.2945,83.6777,88.7204,-5.13575,-23.5023,
17.8524,21.006,-36.2536,-12.6817,122.408,9.08548,-7.63396,104.556,4.10515,108.309,101.402,3.58977,-14.6836,68.3022,5.2945,83.6777,88.7204,-5.13575,-23.5023,
17.8524,21.006,-36.2565,-12.6726,122.408,9.08548,-7.63396,104.556,4.10515,108.309,101.402,3.58977,-14.6836,68.2992,5.27594,83.6774,88.7295,-5.14584,-23.5031,
17.8524,21.006,-36.2565,-12.6726,122.408,9.08548,-7.63396,104.556,4.10515,108.309,101.402,3.58977,-14.6836,68.2992,5.27594,83.6774,88.7295,-5.14584,-23.5031,
17.8746,20.9929,-36.2213,-12.6726,122.395,9.0743,-7.5599,104.52,4.00766,108.307,101.402,3.58977,-14.6836,68.2992,5.27594,83.6774,88.7295,-5.14584,-23.5031,
17.8746,20.9929,-36.2213,-12.6726,122.395,9.0743,-7.5599,104.52,4.00766,108.307,101.402,3.58977,-14.6836,68.2992,5.27594,83.6774,88.7295,-5.14584,-23.5031,
17.8746,20.9929,-36.2251,-12.6845,122.395,9.0743,-7.5599,104.52,4.00766,108.307,101.402,3.58977,-14.6836,68.2953,5.27041,83.6771,88.7176,-5.17188,-23.502,
17.8746,20.9929,-36.2251,-12.6845,122.395,9.0743,-7.5599,104.52,4.00766,108.307,101.402,3.58977,-14.6836,68.2953,5.27041,83.6771,88.7176,-5.17188,-23.502,
17.8727,20.9929,-36.227,-12.6845,122.395,9.0743,-7.5599,104.522,4.01238,108.297,101.402,3.58977,-14.6836,68.2953,5.27041,83.6771,88.7176,-5.17188,-23.502,
17.8727,20.9929,-36.227,-12.6845,122.395,9.0743,-7.5599,104.522,4.01238,108.297,101.402,3.58977,-14.6836,68.2953,5.27041,83.6771,88.7176,-5.17188,-23.502,
17.8561,20.9862,-36.2342,-12.6747,122.378,9.04405,-7.46935,104.522,4.01238,108.297,101.392,3.54228,-14.6842,68.2882,5.27691,83.6764,88.7176,-5.17188,-23.502,
17.8561,20.9862,-36.2342,-12.6747,122.378,9.04405,-7.46935,104.522,4.01238,108.297,101.392,3.54228,-14.6842,68.2882,5.27691,83.6764,88.7176,-5.17188,-23.502,
17.8561,20.9862,-36.2387,-12.6683,122.378,9.04405,-7.46935,104.522,4.01238,108.297,101.392,3.54228,-14.6842,68.2837,5.25907,83.676,88.724,-5.1934,-23.5026,
17.8561,20.9862,-36.2387,-12.6683,122.378,9.04405,-7.46935,104.522,4.01238,108.297,101.392,3.54228,-14.6842,68.2837,5.25907,83.676,88.724,-5.1934,-23.5026,
17.8377,20.9708,-36.2417,-12.6683,122.363,9.03713,-7.4179,104.525,4.0275,108.29,101.392,3.54228,-14.6842,68.2837,5.25907,83.676,88.724,-5.1934,-23.5026,
17.8377,20.9708,-36.2417,-12.6683,122.363,9.03713,-7.4179,104.525,4.0275,108.29,101.392,3.54228,-14.6842,68.2837,5.25907,83.676,88.724,-5.1934,-23.5026,
17.8377,20.9754,-36.2399,-12.6636,122.363,9.03713,-7.4179,104.525,4.0275,108.29,101.388,3.52049,-14.6567,68.2854,5.26134,83.6762,88.724,-5.1934,-23.5026,
17.8377,20.9754,-36.2399,-12.6636,122.363,9.03713,-7.4179,104.525,4.0275,108.29,101.388,3.52049,-14.6567,68.2854,5.26134,83.6762,88.724,-5.1934,-23.5026,
17.8125,20.9754,-36.2652,-12.6602,122.363,9.03713,-7.4179,104.551,4.06422,108.297,101.388,3.52049,-14.6567,68.2854,5.26134,83.6762,88.7275,-5.18046,-23.5029,
17.8125,20.9754,-36.2652,-12.6602,122.363,9.03713,-7.4179,104.551,4.06422,108.297,101.388,3.52049,-14.6567,68.2854,5.26134,83.6762,88.7275,-5.18046,-23.5029,
17.7727,20.9327,-36.2652,-12.6631,122.323,9.02739,-7.3754,104.551,4.06422,108.297,101.391,3.54012,-14.631,68.2854,5.26134,83.6762,88.7275,-5.18046,-23.5029,
17.7727,20.9327,-36.2652,-12.6631,122.323,9.02739,-7.3754,104.551,4.06422,108.297,101.391,3.54012,-14.631,68.2854,5.26134,83.6762,88.7275,-5.18046,-23.5029,
17.7727,20.9327,-36.2652,-12.6471,122.323,9.02739,-7.3754,104.551,4.06422,108.297,101.391,3.54012,-14.631,68.2854,5.26134,83.6762,88.7434,-5.17527,-23.5043,
17.7727,20.9327,-36.2652,-12.6471,122.323,9.02739,-7.3754,104.551,4.06422,108.297,101.391,3.54012,-14.631,68.2854,5.26134,83.6762,88.7434,-5.17527,-23.5043,
17.7494,20.9327,-36.2885,-12.6471,122.323,9.02739,-7.3754,104.574,4.09358,108.312,101.391,3.54012,-14.631,68.2854,5.26134,83.6762,88.7434,-5.17527,-23.5043,
17.7494,20.9327,-36.2885,-12.6471,122.323,9.02739,-7.3754,104.574,4.09358,108.312,101.391,3.54012,-14.631,68.2854,5.26134,83.6762,88.7434,-5.17527,-23.5043,
17.7494,20.9327,-36.2885,-12.6471,122.323,9.02739,-7.3754,104.574,4.09358,108.312,101.391,3.54012,-14.631,68.2854,5.26134,83.6762,88.7434,-5.17527,-23.5043,
17.7494,20.9327,-36.2885,-12.6471,122.323,9.02739,-7.3754,104.574,4.09358,108.312,101.391,3.54012,-14.631,68.2854,5.26134,83.6762,88.7434,-5.17527,-23.5043,
17.7494,20.9327,-36.2885,-12.6471,122.323,9.02739,-7.3754,104.574,4.09358,108.312,101.391,3.54012,-14.631,68.2854,5.26134,83.6762,88.7434,-5.17527,-23.5043,
17.7494,20.9327,-36.2885,-12.6471,122.323,9.02739,-7.3754,104.574,4.09358,108.312,101.391,3.54012,-14.631,68.2854,5.26134,83.6762,88.7434,-5.17527,-23.5043,
17.6947,20.7349,-36.2683,-12.7903,122.269,9.0197,-7.31293,104.574,4.09358,108.312,101.534,3.6473,-14.6221,68.3057,5.27342,83.678,88.7434,-5.17527,-23.5043,
17.6947,20.7349,-36.2683,-12.7903,122.269,9.0197,-7.31293,104.574,4.09358,108.312,101.534,3.6473,-14.6221,68.3057,5.27342,83.678,88.7434,-5.17527,-23.5043,
17.6722,20.7349,-36.3029,-12.7477,122.269,9.0197,-7.31293,104.596,4.12977,108.309,101.534,3.6473,-14.6221,68.2935,5.29054,83.6769,88.7861,-5.13672,-23.5082,
17.6722,20.7349,-36.3029,-12.7477,122.269,9.0197,-7.31293,104.596,4.12977,108.309,101.534,3.6473,-14.6221,68.2935,5.29054,83.6769,88.7861,-5.13672,-23.5082,
17.5862,20.6788,-36.3328,-12.7477,122.213,9.02541,-7.31663,104.626,4.17639,108.276,101.534,3.6473,-14.6221,68.2935,5.29054,83.6769,88.7861,-5.13672,-23.5082,
17.5862,20.6788,-36.3328,-12.7477,122.213,9.02541,-7.31663,104.626,4.17639,108.276,101.534,3.6473,-14.6221,68.2935,5.29054,83.6769,88.7861,-5.13672,-23.5082,
17.5862,20.6788,-36.3196,-12.7486,122.213,9.02541,-7.31663,104.626,4.17639,108.276,101.534,3.6473,-14.6221,68.3067,5.28107,83.6781,88.7852,-5.13613,-23.5081,
17.5862,20.6788,-36.3196,-12.7486,122.213,9.02541,-7.31663,104.626,4.17639,108.276,101.534,3.6473,-14.6221,68.3067,5.28107,83.6781,88.7852,-5.13613,-23.5081,
17.5862,20.6788,-36.3196,-12.7486,122.213,9.02541,-7.31663,104.626,4.17639,108.276,101.534,3.6473,-14.6221,68.3067,5.28107,83.6781,88.7852,-5.13613,-23.5081,
17.5862,20.6788,-36.3196,-12.7486,122.213,9.02541,-7.31663,104.626,4.17639,108.276,101.534,3.6473,-14.6221,68.3067,5.28107,83.6781,88.7852,-5.13613,-23.5081,
17.5699,20.6868,-36.3196,-12.7242,122.196,9.03443,-7.34255,104.626,4.17639,108.276,101.509,3.69843,-14.6236,68.3067,5.28107,83.6781,88.7852,-5.13613,-23.5081,
17.5699,20.6868,-36.3196,-12.7242,122.196,9.03443,-7.34255,104.626,4.17639,108.276,101.509,3.69843,-14.6236,68.3067,5.28107,83.6781,88.7852,-5.13613,-23.5081,
17.5699,20.6868,-36.3035,-12.7263,122.196,9.03443,-7.34255,104.626,4.17639,108.276,101.509,3.69843,-14.6236,68.3228,5.27267,83.6796,88.7831,-5.13067,-23.5079,
17.5699,20.6868,-36.3035,-12.7263,122.196,9.03443,-7.34255,104.626,4.17639,108.276,101.509,3.69843,-14.6236,68.3228,5.27267,83.6796,88.7831,-5.13067,-23.5079,
17.5111,20.706,-36.3815,-12.7263,122.215,9.03852,-7.42456,104.704,4.20945,108.253,101.509,3.69843,-14.6236,68.3228,5.27267,83.6796,88.7831,-5.13067,-23.5079,
17.5111,20.706,-36.3815,-12.7263,122.215,9.03852,-7.42456,104.704,4.20945,108.253,101.509,3.69843,-14.6236,68.3228,5.27267,83.6796,88.7831,-5.13067,-23.5079,
17.5111,20.6766,-36.3675,-12.7556,122.215,9.03852,-7.42456,104.704,4.20945,108.253,101.539,3.7321,-14.6217,68.3368,5.28004,83.6593,88.7831,-5.13067,-23.5079,
17.5111,20.6766,-36.3675,-12.7556,122.215,9.03852,-7.42456,104.704,4.20945,108.253,101.539,3.7321,-14.6217,68.3368,5.28004,83.6593,88.7831,-5.13067,-23.5079,
17.477,20.6766,-36.4016,-12.7452,122.215,9.03852,-7.42456,104.738,4.24358,108.207,101.539,3.7321,-14.6217,68.3368,5.28004,83.6593,88.7936,-5.05288,-23.5088,
17.477,20.6766,-36.4016,-12.7452,122.215,9.03852,-7.42456,104.738,4.24358,108.207,101.539,3.7321,-14.6217,68.3368,5.28004,83.6593,88.7936,-5.05288,-23.5088,
17.4918,20.654,-36.4016,-12.7826,122.23,9.05223,-7.489,104.738,4.24358,108.207,101.576,3.83361,-14.65,68.3368,5.28004,83.6593,88.7936,-5.05288,-23.5088,
17.4918,20.654,-36.4016,-12.7826,122.23,9.05223,-7.489,104.738,4.24358,108.207,101.576,3.83361,-14.65,68.3368,5.28004,83.6593,88.7936,-5.05288,-23.5088,
17.4918,20.654,-36.4016,-12.7771,122.23,9.05223,-7.489,104.738,4.24358,108.207,101.576,3.83361,-14.65,68.3368,5.28004,83.6593,88.7991,-5.05062,-23.5093,
17.4918,20.654,-36.4016,-12.7771,122.23,9.05223,-7.489,104.738,4.24358,108.207,101.576,3.83361,-14.65,68.3368,5.28004,83.6593,88.7991,-5.05062,-23.5093,
17.4383,20.6519,-36.4531,-12.7771,122.228,9.05557,-7.52439,104.79,4.2959,108.073,101.576,3.83361,-14.65,68.3368,5.28004,83.6593,88.7991,-5.05062,-23.5093,
17.4383,20.6519,-36.4531,-12.7771,122.228,9.05557,-7.52439,104.79,4.2959,108.073,101.576,3.83361,-14.65,68.3368,5.28004,83.6593,88.7991,-5.05062,-23.5093,
17.4383,20.6411,-36.4187,-12.7879,122.228,9.05557,-7.52439,104.79,4.2959,108.073,101.587,3.845,-14.692,68.3711,5.27784,83.6176,88.7991,-5.05062,-23.5093,
17.4383,20.6411,-36.4187,-12.7879,122.228,9.05557,-7.52439,104.79,4.2959,108.073,101.587,3.845,-14.692,68.3711,5.27784,83.6176,88.7991,-5.05062,-23.5093,
17.418,20.6411,-36.439,-12.7991,122.228,9.05557,-7.52439,104.81,4.3142,108.011,101.587,3.845,-14.692,68.3711,5.27784,83.6176,88.7878,-5.03959,-23.5083,
17.418,20.6411,-36.439,-12.7991,122.228,9.05557,-7.52439,104.81,4.3142,108.011,101.587,3.845,-14.692,68.3711,5.27784,83.6176,88.7878,-5.03959,-23.5083,
17.3714,20.5946,-36.4354,-12.7991,122.181,9.07082,-7.63234,104.81,4.3142,108.011,101.587,3.845,-14.692,68.3747,5.27418,83.5932,88.7878,-5.03959,-23.5083,
17.3714,20.5946,-36.4354,-12.7991,122.181,9.07082,-7.63234,104.81,4.3142,108.011,101.587,3.845,-14.692,68.3747,5.27418,83.5932,88.7878,-5.03959,-23.5083,
17.3714,20.5946,-36.4354,-12.7969,122.181,9.07082,-7.63234,104.81,4.3142,108.011,101.587,3.845,-14.692,68.3747,5.27418,83.5932,88.79,-5.03951,-23.5085,
17.3714,20.5946,-36.4354,-12.7969,122.181,9.07082,-7.63234,104.81,4.3142,108.011,101.587,3.845,-14.692,68.3747,5.27418,83.5932,88.79,-5.03951,-23.5085,
17.3714,20.5946,-36.4354,-12.7969,122.181,9.07082,-7.63234,104.81,4.3142,108.011,101.587,3.845,-14.692,68.3747,5.27418,83.5932,88.79,-5.03951,-23.5085,
17.3714,20.5946,-36.4354,-12.7969,122.181,9.07082,-7.63234,104.81,4.3142,108.011,101.587,3.845,-14.692,68.3747,5.27418,83.5932,88.79,-5.03951,-23.5085,
17.3714,20.5946,-36.4354,-12.7969,122.181,9.07082,-7.63234,104.81,4.3142,108.011,101.587,3.845,-14.692,68.3747,5.27418,83.5932,88.79,-5.03951,-23.5085,
17.3714,20.5946,-36.4354,-12.7969,122.181,9.07082,-7.63234,104.81,4.3142,108.011,101.587,3.845,-14.692,68.3747,5.27418,83.5932,88.79,-5.03951,-23.5085,
17.3714,20.5946,-36.4354,-12.7969,122.181,9.07082,-7.63234,104.81,4.3142,108.011,101.587,3.845,-14.692,68.3747,5.27418,83.5932,88.79,-5.03951,-23.5085,
17.3714,20.5946,-36.4354,-12.7969,122.181,9.07082,-7.63234,104.81,4.3142,108.011,101.587,3.845,-14.692,68.3747,5.27418,83.5932,88.79,-5.03951,-23.5085,
17.3471,20.5451,-36.4354,-12.8221,122.157,9.08117,-7.71733,104.81,4.3142,108.011,101.612,3.83274,-14.847,68.3747,5.27418,83.5932,88.79,-5.03951,-23.5085,
17.3471,20.5451,-36.4354,-12.8221,122.157,9.08117,-7.71733,104.81,4.3142,108.011,101.612,3.83274,-14.847,68.3747,5.27418,83.5932,88.79,-5.03951,-23.5085,
17.3471,20.5451,-36.425,-12.8606,122.157,9.08117,-7.71733,104.81,4.3142,108.011,101.612,3.83274,-14.847,68.3851,5.24995,83.541,88.7515,-5.0197,-23.5051,
17.3471,20.5451,-36.425,-12.8606,122.157,9.08117,-7.71733,104.81,4.3142,108.011,101.612,3.83274,-14.847,68.3851,5.24995,83.541,88.7515,-5.0197,-23.5051,
17.2596,20.5346,-36.502,-12.8606,122.147,9.0789,-7.92642,104.887,4.34962,107.682,101.612,3.83274,-14.847,68.3851,5.24995,83.541,88.7515,-5.0197,-23.5051,
17.2596,20.5346,-36.502,-12.8606,122.147,9.0789,-7.92642,104.887,4.34962,107.682,101.612,3.83274,-14.847,68.3851,5.24995,83.541,88.7515,-5.0197,-23.5051,
17.2582,20.5324,-36.488,-12.866,122.145,9.0753,-7.95608,104.887,4.34962,107.682,101.613,3.82945,-14.8861,68.3991,5.26329,83.5422,88.7469,-5.00754,-23.5047,
17.2582,20.5324,-36.488,-12.866,122.145,9.0753,-7.95608,104.887,4.34962,107.682,101.613,3.82945,-14.8861,68.3991,5.26329,83.5422,88.7469,-5.00754,-23.5047,
17.2396,20.5324,-36.5066,-12.8535,122.145,9.0753,-7.95608,104.906,4.35939,107.617,101.613,3.82945,-14.8861,68.3991,5.26329,83.5422,88.7594,-5.02061,-23.5058,
17.2396,20.5324,-36.5066,-12.8535,122.145,9.0753,-7.95608,104.906,4.35939,107.617,101.613,3.82945,-14.8861,68.3991,5.26329,83.5422,88.7594,-5.02061,-23.5058,
17.2396,20.5371,-36.5066,-12.8488,122.145,9.0753,-7.95608,104.906,4.35939,107.617,101.608,3.82777,-14.9397,68.3991,5.26329,83.5422,88.7594,-5.02061,-23.5058,
17.2396,20.5371,-36.5066,-12.8488,122.145,9.0753,-7.95608,104.906,4.35939,107.617,101.608,3.82777,-14.9397,68.3991,5.26329,83.5422,88.7594,-5.02061,-23.5058,
17.2327,20.5302,-36.4676,-12.8488,122.138,9.05699,-8.00093,104.906,4.35939,107.617,101.608,3.82777,-14.9397,68.438,5.2432,83.5458,88.7594,-5.02061,-23.5058,
17.2327,20.5302,-36.4676,-12.8488,122.138,9.05699,-8.00093,104.906,4.35939,107.617,101.608,3.82777,-14.9397,68.438,5.2432,83.5458,88.7594,-5.02061,-23.5058,
17.192,20.5123,-36.4904,-12.8488,122.12,9.04476,-8.07375,104.928,4.3531,107.552,101.608,3.82777,-14.9397,68.438,5.2432,83.5458,88.7594,-5.02061,-23.5058,
17.192,20.5123,-36.4904,-12.8488,122.12,9.04476,-8.07375,104.928,4.3531,107.552,101.608,3.82777,-14.9397,68.438,5.2432,83.5458,88.7594,-5.02061,-23.5058,
17.192,20.5184,-36.4761,-12.8412,122.12,9.04476,-8.07375,104.928,4.3531,107.552,101.602,3.82524,-14.9914,68.4524,5.22031,83.5471,88.7609,-5.00891,-23.506,
17.192,20.5184,-36.4761,-12.8412,122.12,9.04476,-8.07375,104.928,4.3531,107.552,101.602,3.82524,-14.9914,68.4524,5.22031,83.5471,88.7609,-5.00891,-23.506,
17.1606,20.5184,-36.5074,-12.8563,122.12,9.04476,-8.07375,104.96,4.32587,107.419,101.602,3.82524,-14.9914,68.4524,5.22031,83.5471,88.7458,-5.00928,-23.5046,
17.1606,20.5184,-36.5074,-12.8563,122.12,9.04476,-8.07375,104.96,4.32587,107.419,101.602,3.82524,-14.9914,68.4524,5.22031,83.5471,88.7458,-5.00928,-23.5046,
17.1376,20.4971,-36.5047,-12.8545,122.097,9.03999,-8.12049,104.96,4.32587,107.419,101.6,3.80062,-15.0941,68.4552,5.22222,83.5474,88.7458,-5.00928,-23.5046,
17.1376,20.4971,-36.5047,-12.8545,122.097,9.03999,-8.12049,104.96,4.32587,107.419,101.6,3.80062,-15.0941,68.4552,5.22222,83.5474,88.7458,-5.00928,-23.5046,
17.1376,20.4971,-36.5047,-12.8485,122.097,9.03999,-8.12049,104.96,4.32587,107.419,101.6,3.80062,-15.0941,68.4552,5.22222,83.5474,88.7519,-4.99573,-23.5052,
17.1376,20.4971,-36.5047,-12.8485,122.097,9.03999,-8.12049,104.96,4.32587,107.419,101.6,3.80062,-15.0941,68.4552,5.22222,83.5474,88.7519,-4.99573,-23.5052,
17.1219,20.4941,-36.5174,-12.8485,122.094,9.03349,-8.18935,104.973,4.32957,107.36,101.6,3.80062,-15.0941,68.4552,5.22222,83.5474,88.7519,-4.99573,-23.5052,
17.1219,20.4941,-36.5174,-12.8485,122.094,9.03349,-8.18935,104.973,4.32957,107.36,101.6,3.80062,-15.0941,68.4552,5.22222,83.5474,88.7519,-4.99573,-23.5052,
17.1219,20.4921,-36.5096,-12.8491,122.094,9.03349,-8.18935,104.973,4.32957,107.36,101.602,3.78399,-15.1501,68.4629,5.22694,83.5481,88.7533,-4.99977,-23.5053,
17.1219,20.4921,-36.5096,-12.8491,122.094,9.03349,-8.18935,104.973,4.32957,107.36,101.602,3.78399,-15.1501,68.4629,5.22694,83.5481,88.7533,-4.99977,-23.5053,
17.1143,20.4921,-36.5172,-12.8491,122.094,9.03349,-8.18935,104.98,4.32923,107.294,101.602,3.78399,-15.1501,68.4629,5.22694,83.5481,88.7533,-4.99977,-23.5053,
17.1143,20.4921,-36.5172,-12.8491,122.094,9.03349,-8.18935,104.98,4.32923,107.294,101.602,3.78399,-15.1501,68.4629,5.22694,83.5481,88.7533,-4.99977,-23.5053,
17.0894,20.4825,-36.5129,-12.8337,122.07,9.02528,-8.23703,104.98,4.32923,107.294,101.587,3.76784,-15.1988,68.4673,5.22335,83.5485,88.7533,-4.99977,-23.5053,
17.0894,20.4825,-36.5129,-12.8337,122.07,9.02528,-8.23703,104.98,4.32923,107.294,101.587,3.76784,-15.1988,68.4673,5.22335,83.5485,88.7533,-4.99977,-23.5053,
17.0894,20.4825,-36.5062,-12.8391,122.07,9.02528,-8.23703,104.98,4.32923,107.294,101.587,3.76784,-15.1988,68.474,5.22981,83.5491,88.7479,-5.01652,-23.5048,
17.0894,20.4825,-36.5062,-12.8391,122.07,9.02528,-8.23703,104.98,4.32923,107.294,101.587,3.76784,-15.1988,68.474,5.22981,83.5491,88.7479,-5.01652,-23.5048,
17.0846,20.4825,-36.511,-12.8391,122.07,9.02528,-8.23703,104.985,4.32793,107.235,101.587,3.76784,-15.1988,68.474,5.22981,83.5491,88.7479,-5.01652,-23.5048,
17.0846,20.4825,-36.511,-12.8391,122.07,9.02528,-8.23703,104.985,4.32793,107.235,101.587,3.76784,-15.1988,68.474,5.22981,83.5491,88.7479,-5.01652,-23.5048,
17.0846,20.4825,-36.511,-12.8391,122.07,9.02528,-8.23703,104.985,4.32793,107.235,101.587,3.76784,-15.1988,68.474,5.22981,83.5491,88.7479,-5.01652,-23.5048,
17.0846,20.4825,-36.511,-12.8391,122.07,9.02528,-8.23703,104.985,4.32793,107.235,101.587,3.76784,-15.1988,68.474,5.22981,83.5491,88.7479,-5.01652,-23.5048,
17.0766,20.4745,-36.511,-12.8391,122.062,9.02193,-8.25975,104.985,4.32793,107.235,101.587,3.76784,-15.1988,68.474,5.22981,83.5491,88.7479,-5.01652,-23.5048,
17.0766,20.4745,-36.511,-12.8391,122.062,9.02193,-8.25975,104.985,4.32793,107.235,101.587,3.76784,-15.1988,68.474,5.22981,83.5491,88.7479,-5.01652,-23.5048,
17.0632,20.5148,-36.511,-12.7854,122.048,9.02212,-8.29646,104.985,4.32793,107.235,101.533,3.72346,-15.3241,68.474,5.22981,83.5491,88.7479,-5.01652,-23.5048,
17.0632,20.5148,-36.511,-12.7854,122.048,9.02212,-8.29646,104.985,4.32793,107.235,101.533,3.72346,-15.3241,68.474,5.22981,83.5491,88.7479,-5.01652,-23.5048,
17.0632,20.5148,-36.5018,-12.8301,122.048,9.02212,-8.29646,104.985,4.32793,107.235,101.533,3.72346,-15.3241,68.4832,5.22792,83.5499,88.7032,-5.04133,-23.5009,
17.0632,20.5148,-36.5018,-12.8301,122.048,9.02212,-8.29646,104.985,4.32793,107.235,101.533,3.72346,-15.3241,68.4832,5.22792,83.5499,88.7032,-5.04133,-23.5009,
17.0608,20.5051,-36.4944,-12.8301,122.038,9.0139,-8.31098,104.978,4.27708,107.087,101.533,3.72346,-15.3241,68.4832,5.22792,83.5499,88.7032,-5.04133,-23.5009,
17.0608,20.5051,-36.4944,-12.8301,122.038,9.0139,-8.31098,104.978,4.27708,107.087,101.533,3.72346,-15.3241,68.4832,5.22792,83.5499,88.7032,-5.04133,-23.5009,
17.0554,20.5243,-36.4835,-12.8191,122.033,9.01772,-8.32931,104.978,4.27708,107.087,101.509,3.70738,-15.3751,68.4942,5.23238,83.5509,88.6897,-5.06619,-23.4997,
17.0554,20.5243,-36.4835,-12.8191,122.033,9.01772,-8.32931,104.978,4.27708,107.087,101.509,3.70738,-15.3751,68.4942,5.23238,83.5509,88.6897,-5.06619,-23.4997,
17.0046,20.43,-36.4401,-12.8191,121.939,8.87622,-8.37376,104.934,4.19989,107.084,101.509,3.70738,-15.3751,68.4942,5.23238,83.5509,88.6897,-5.06619,-23.4997,
17.0046,20.43,-36.4401,-12.8191,121.939,8.87622,-8.37376,104.934,4.19989,107.084,101.509,3.70738,-15.3751,68.4942,5.23238,83.5509,88.6897,-5.06619,-23.4997,
16.9943,20.4459,-36.4401,-12.7929,121.929,8.86499,-8.36378,104.934,4.19989,107.084,101.483,3.68354,-15.4198,68.4942,5.23238,83.5509,88.6897,-5.06619,-23.4997,
16.9943,20.4459,-36.4401,-12.7929,121.929,8.86499,-8.36378,104.934,4.19989,107.084,101.483,3.68354,-15.4198,68.4942,5.23238,83.5509,88.6897,-5.06619,-23.4997,
16.9943,20.4459,-36.4401,-12.8095,121.929,8.86499,-8.36378,104.934,4.14997,107.083,101.483,3.68354,-15.4198,68.4942,5.23238,83.5509,88.6731,-5.09813,-23.4983,
16.9943,20.4459,-36.4401,-12.8095,121.929,8.86499,-8.36378,104.934,4.14997,107.083,101.483,3.68354,-15.4198,68.4942,5.23238,83.5509,88.6731,-5.09813,-23.4983,
17.0202,20.4888,-36.4229,-12.7754,121.937,8.83829,-8.34359,104.917,4.14997,107.083,101.449,3.66005,-15.4515,68.4942,5.23238,83.5509,88.6731,-5.09813,-23.4983,
17.0202,20.4888,-36.4229,-12.7754,121.937,8.83829,-8.34359,104.917,4.14997,107.083,101.449,3.66005,-15.4515,68.4942,5.23238,83.5509,88.6731,-5.09813,-23.4983,
17.0202,20.5195,-36.4296,-12.7839,121.937,8.83829,-8.34359,104.917,4.14997,107.083,101.418,3.60878,-15.4535,68.4875,5.20937,83.5503,88.6339,-5.11649,-23.4948,
17.0202,20.5195,-36.4296,-12.7839,121.937,8.83829,-8.34359,104.917,4.14997,107.083,101.418,3.60878,-15.4535,68.4875,5.20937,83.5503,88.6339,-5.11649,-23.4948,
16.9996,20.5195,-36.4501,-12.7839,121.937,8.83829,-8.34359,104.938,4.0899,107.084,101.418,3.60878,-15.4535,68.4875,5.20937,83.5503,88.6339,-5.11649,-23.4948,
16.9996,20.5195,-36.4501,-12.7839,121.937,8.83829,-8.34359,104.938,4.0899,107.084,101.418,3.60878,-15.4535,68.4875,5.20937,83.5503,88.6339,-5.11649,-23.4948,
16.998,20.5179,-36.4311,-12.7839,121.936,8.81232,-8.32634,104.938,4.0899,107.084,101.418,3.60878,-15.4535,68.5066,5.18242,83.552,88.6339,-5.11649,-23.4948,
16.998,20.5179,-36.4311,-12.7839,121.936,8.81232,-8.32634,104.938,4.0899,107.084,101.418,3.60878,-15.4535,68.5066,5.18242,83.552,88.6339,-5.11649,-23.4948,
16.998,20.5179,-36.4311,-12.8092,121.936,8.81232,-8.32634,104.938,4.0899,107.084,101.418,3.60878,-15.4535,68.5066,5.18242,83.552,88.6086,-5.11177,-23.4925,
16.998,20.5179,-36.4311,-12.8092,121.936,8.81232,-8.32634,104.938,4.0899,107.084,101.418,3.60878,-15.4535,68.5066,5.18242,83.552,88.6086,-5.11177,-23.4925,
16.9376,20.5109,-36.4844,-12.8092,121.929,8.77297,-8.33472,104.991,3.98212,107.088,101.418,3.60878,-15.4535,68.5066,5.18242,83.552,88.6086,-5.11177,-23.4925,
16.9376,20.5109,-36.4844,-12.8092,121.929,8.77297,-8.33472,104.991,3.98212,107.088,101.418,3.60878,-15.4535,68.5066,5.18242,83.552,88.6086,-5.11177,-23.4925,
16.9376,20.5223,-36.4544,-12.7852,121.929,8.77297,-8.33472,104.991,3.98212,107.088,101.406,3.6419,-15.4826,68.5366,5.19882,83.5548,88.6212,-5.10135,-23.4936,
16.9376,20.5223,-36.4544,-12.7852,121.929,8.77297,-8.33472,104.991,3.98212,107.088,101.406,3.6419,-15.4826,68.5366,5.19882,83.5548,88.6212,-5.10135,-23.4936,
16.8902,20.5223,-36.5019,-12.7852,121.929,8.77297,-8.33472,105.038,3.89877,107.105,101.406,3.6419,-15.4826,68.5366,5.19882,83.5548,88.6212,-5.10135,-23.4936,
16.8902,20.5223,-36.5019,-12.7852,121.929,8.77297,-8.33472,105.038,3.89877,107.105,101.406,3.6419,-15.4826,68.5366,5.19882,83.5548,88.6212,-5.10135,-23.4936,
16.8702,20.4609,-36.498,-12.8267,121.909,8.75096,-8.32355,105.038,3.89877,107.105,101.448,3.6065,-15.48,68.5404,5.21028,83.5551,88.6212,-5.10135,-23.4936,
16.8702,20.4609,-36.498,-12.8267,121.909,8.75096,-8.32355,105.038,3.89877,107.105,101.448,3.6065,-15.48,68.5404,5.21028,83.5551,88.6212,-5.10135,-23.4936,
16.8702,20.4609,-36.487,-12.8282,121.909,8.75096,-8.32355,105.038,3.89877,107.105,101.448,3.6065,-15.48,68.5515,5.18148,83.5561,88.6197,-5.11217,-23.4935,
16.8702,20.4609,-36.487,-12.8282,121.909,8.75096,-8.32355,105.038,3.89877,107.105,101.448,3.6065,-15.48,68.5515,5.18148,83.5561,88.6197,-5.11217,-23.4935,
16.8689,20.4609,-36.4883,-12.8282,121.909,8.75096,-8.32355,105.04,3.91719,107.121,101.448,3.6065,-15.48,68.5515,5.18148,83.5561,88.6197,-5.11217,-23.4935,
16.8689,20.4609,-36.4883,-12.8282,121.909,8.75096,-8.32355,105.04,3.91719,107.121,101.448,3.6065,-15.48,68.5515,5.18148,83.5561,88.6197,-5.11217,-23.4935,
16.8689,20.4609,-36.4883,-12.8282,121.909,8.75096,-8.32355,105.04,3.91719,107.121,101.448,3.6065,-15.48,68.5515,5.18148,83.5561,88.6197,-5.11217,-23.4935,
16.8689,20.4609,-36.4883,-12.8282,121.909,8.75096,-8.32355,105.04,3.91719,107.121,101.448,3.6065,-15.48,68.5515,5.18148,83.5561,88.6197,-5.11217,-23.4935,
16.867,20.459,-36.4883,-12.8282,121.907,8.73882,-8.33193,105.04,3.91719,107.121,101.448,3.6065,-15.48,68.5515,5.18148,83.5561,88.6197,-5.11217,-23.4935,
16.867,20.459,-36.4883,-12.8282,121.907,8.73882,-8.33193,105.04,3.91719,107.121,101.448,3.6065,-15.48,68.5515,5.18148,83.5561,88.6197,-5.11217,-23.4935,
16.8744,20.4807,-36.4883,-12.8138,121.914,8.73707,-8.33901,105.04,3.91719,107.121,101.433,3.57821,-15.4502,68.5515,5.18148,83.5561,88.6197,-5.11217,-23.4935,
16.8744,20.4807,-36.4883,-12.8138,121.914,8.73707,-8.33901,105.04,3.91719,107.121,101.433,3.57821,-15.4502,68.5515,5.18148,83.5561,88.6197,-5.11217,-23.4935,
16.8744,20.4807,-36.4699,-12.8539,121.914,8.73707,-8.33901,105.04,3.91719,107.121,101.433,3.57821,-15.4502,68.5699,5.20112,83.5578,88.5795,-5.10599,-23.4899,
16.8744,20.4807,-36.4699,-12.8539,121.914,8.73707,-8.33901,105.04,3.91719,107.121,101.433,3.57821,-15.4502,68.5699,5.20112,83.5578,88.5795,-5.10599,-23.4899,
16.8551,20.4752,-36.4837,-12.8539,121.909,8.73753,-8.33556,105.054,3.95962,107.177,101.433,3.57821,-15.4502,68.5699,5.20112,83.5578,88.5795,-5.10599,-23.4899,
16.8551,20.4752,-36.4837,-12.8539,121.909,8.73753,-8.33556,105.054,3.95962,107.177,101.433,3.57821,-15.4502,68.5699,5.20112,83.5578,88.5795,-5.10599,-23.4899,
16.8456,20.4832,-36.46,-12.8294,121.899,8.7301,-8.33605,105.054,3.95962,107.177,101.416,3.57518,-15.4171,68.5936,5.20526,83.5599,88.5866,-5.11043,-23.4905,
16.8456,20.4832,-36.46,-12.8294,121.899,8.7301,-8.33605,105.054,3.95962,107.177,101.416,3.57518,-15.4171,68.5936,5.20526,83.5599,88.5866,-5.11043,-23.4905,
16.8386,20.4832,-36.467,-12.8294,121.899,8.7301,-8.33605,105.061,3.98256,107.191,101.416,3.57518,-15.4171,68.5936,5.20526,83.5599,88.5866,-5.11043,-23.4905,
16.8386,20.4832,-36.467,-12.8294,121.899,8.7301,-8.33605,105.061,3.98256,107.191,101.416,3.57518,-15.4171,68.5936,5.20526,83.5599,88.5866,-5.11043,-23.4905,
16.8453,20.4817,-36.4539,-12.8376,121.906,8.72646,-8.38187,105.061,3.98256,107.191,101.424,3.59811,-15.3892,68.6067,5.22437,83.5611,88.5866,-5.11043,-23.4905,
16.8453,20.4817,-36.4539,-12.8376,121.906,8.72646,-8.38187,105.061,3.98256,107.191,101.424,3.59811,-15.3892,68.6067,5.22437,83.5611,88.5866,-5.11043,-23.4905,
16.8475,20.4817,-36.4517,-12.837,121.906,8.72646,-8.38187,105.058,4.00154,107.207,101.424,3.59811,-15.3892,68.6067,5.22437,83.5611,88.5872,-5.11071,-23.4906,
16.8475,20.4817,-36.4517,-12.837,121.906,8.72646,-8.38187,105.058,4.00154,107.207,101.424,3.59811,-15.3892,68.6067,5.22437,83.5611,88.5872,-5.11071,-23.4906,
16.8422,20.4764,-36.4517,-12.837,121.901,8.73239,-8.43735,105.058,4.00154,107.207,101.424,3.59811,-15.3892,68.6067,5.22437,83.5611,88.5872,-5.11071,-23.4906,
16.8422,20.4764,-36.4517,-12.837,121.901,8.73239,-8.43735,105.058,4.00154,107.207,101.424,3.59811,-15.3892,68.6067,5.22437,83.5611,88.5872,-5.11071,-23.4906,
16.8422,20.4542,-36.4707,-12.8592,121.901,8.73239,-8.43735,105.058,4.00154,107.207,101.446,3.61818,-15.3272,68.5878,5.2198,83.5594,88.5872,-5.11071,-23.4906,
16.8422,20.4542,-36.4707,-12.8592,121.901,8.73239,-8.43735,105.058,4.00154,107.207,101.446,3.61818,-15.3272,68.5878,5.2198,83.5594,88.5872,-5.11071,-23.4906,
16.8538,20.4542,-36.459,-12.8398,121.901,8.73239,-8.43735,105.047,4.01437,107.233,101.446,3.61818,-15.3272,68.5878,5.2198,83.5594,88.6066,-5.09069,-23.47,
16.8538,20.4542,-36.459,-12.8398,121.901,8.73239,-8.43735,105.047,4.01437,107.233,101.446,3.61818,-15.3272,68.5878,5.2198,83.5594,88.6066,-5.09069,-23.47,
16.8554,20.467,-36.459,-12.8287,121.902,8.74666,-8.52854,105.047,4.01437,107.233,101.435,3.62607,-15.2883,68.5878,5.2198,83.5594,88.6066,-5.09069,-23.47,
16.8554,20.467,-36.459,-12.8287,121.902,8.74666,-8.52854,105.047,4.01437,107.233,101.435,3.62607,-15.2883,68.5878,5.2198,83.5594,88.6066,-5.09069,-23.47,
16.8554,20.467,-36.459,-12.8287,121.902,8.74666,-8.52854,105.047,4.01437,107.233,101.435,3.62607,-15.2883,68.5878,5.2198,83.5594,88.6066,-5.09069,-23.47,
16.8554,20.467,-36.459,-12.8287,121.902,8.74666,-8.52854,105.047,4.01437,107.233,101.435,3.62607,-15.2883,68.5878,5.2198,83.5594,88.6066,-5.09069,-23.47,
16.8741,20.4623,-36.4356,-12.8287,121.898,8.7579,-8.61037,105.023,4.03855,107.275,101.435,3.62607,-15.2883,68.5878,5.2198,83.5594,88.6066,-5.09069,-23.47,
16.8741,20.4623,-36.4356,-12.8287,121.898,8.7579,-8.61037,105.023,4.03855,107.275,101.435,3.62607,-15.2883,68.5878,5.2198,83.5594,88.6066,-5.09069,-23.47,
16.8741,20.4708,-36.4294,-12.83,121.898,8.7579,-8.61037,105.023,4.03855,107.275,101.427,3.6335,-15.2486,68.594,5.23017,83.56,88.5967,-5.09144,-23.4692,
16.8741,20.4708,-36.4294,-12.83,121.898,8.7579,-8.61037,105.023,4.03855,107.275,101.427,3.6335,-15.2486,68.594,5.23017,83.56,88.5967,-5.09144,-23.4692,
16.8781,20.4708,-36.4254,-12.83,121.898,8.7579,-8.61037,105.019,4.05778,107.289,101.427,3.6335,-15.2486,68.594,5.23017,83.56,88.5967,-5.09144,-23.4692,
16.8781,20.4708,-36.4254,-12.83,121.898,8.7579,-8.61037,105.019,4.05778,107.289,101.427,3.6335,-15.2486,68.594,5.23017,83.56,88.5967,-5.09144,-23.4692,
16.8865,20.4792,-36.4254,-12.83,121.906,8.77583,-8.75698,105.019,4.05778,107.289,101.427,3.6335,-15.2486,68.594,5.23017,83.56,88.5967,-5.09144,-23.4692,
16.8865,20.4792,-36.4254,-12.83,121.906,8.77583,-8.75698,105.019,4.05778,107.289,101.427,3.6335,-15.2486,68.594,5.23017,83.56,88.5967,-5.09144,-23.4692,
16.8865,20.4792,-36.4328,-12.7898,121.906,8.77583,-8.75698,105.019,4.05778,107.289,101.427,3.6335,-15.2486,68.5866,5.23065,83.5593,88.6369,-5.06509,-23.4727,
16.8865,20.4792,-36.4328,-12.7898,121.906,8.77583,-8.75698,105.019,4.05778,107.289,101.427,3.6335,-15.2486,68.5866,5.23065,83.5593,88.6369,-5.06509,-23.4727,
16.8865,20.4792,-36.4328,-12.7898,121.906,8.77583,-8.75698,105.019,4.05778,107.289,101.427,3.6335,-15.2486,68.5866,5.23065,83.5593,88.6369,-5.06509,-23.4727,
16.8865,20.4792,-36.4328,-12.7898,121.906,8.77583,-8.75698,105.019,4.05778,107.289,101.427,3.6335,-15.2486,68.5866,5.23065,83.5593,88.6369,-5.06509,-23.4727,
16.8865,20.4792,-36.4328,-12.7898,121.906,8.77583,-8.75698,105.019,4.05778,107.289,101.427,3.6335,-15.2486,68.5866,5.23065,83.5593,88.6369,-5.06509,-23.4727,
16.8865,20.4792,-36.4328,-12.7898,121.906,8.77583,-8.75698,105.019,4.05778,107.289,101.427,3.6335,-15.2486,68.5866,5.23065,83.5593,88.6369,-5.06509,-23.4727,
16.8865,20.4792,-36.4328,-12.7898,121.906,8.77583,-8.75698,105.019,4.05778,107.289,101.427,3.6335,-15.2486,68.5866,5.23065,83.5593,88.6369,-5.06509,-23.4727,
16.8865,20.4792,-36.4328,-12.7898,121.906,8.77583,-8.75698,105.019,4.05778,107.289,101.427,3.6335,-15.2486,68.5866,5.23065,83.5593,88.6369,-5.06509,-23.4727,
16.8926,20.4508,-36.4349,-12.8243,121.912,8.79293,-8.85298,105.019,4.05778,107.289,101.461,3.68224,-15.2206,68.5845,5.25128,83.5591,88.6369,-5.06509,-23.4727,
16.8926,20.4508,-36.4349,-12.8243,121.912,8.79293,-8.85298,105.019,4.05778,107.289,101.461,3.68224,-15.2206,68.5845,5.25128,83.5591,88.6369,-5.06509,-23.4727,
16.8926,20.4508,-36.4401,-12.8074,121.912,8.79293,-8.85298,105.019,4.05778,107.289,101.461,3.68224,-15.2206,68.5792,5.2672,83.5586,88.6537,-5.07697,-23.4742,
16.8926,20.4508,-36.4401,-12.8074,121.912,8.79293,-8.85298,105.019,4.05778,107.289,101.461,3.68224,-15.2206,68.5792,5.2672,83.5586,88.6537,-5.07697,-23.4742,
16.9278,20.4735,-36.4276,-12.8074,121.935,8.81373,-9.00159,105.007,4.13929,107.296,101.461,3.68224,-15.2206,68.5792,5.2672,83.5586,88.6537,-5.07697,-23.4742,
16.9278,20.4735,-36.4276,-12.8074,121.935,8.81373,-9.00159,105.007,4.13929,107.296,101.461,3.68224,-15.2206,68.5792,5.2672,83.5586,88.6537,-5.07697,-23.4742,
16.9278,20.4873,-36.4276,-12.7936,121.935,8.81373,-9.00159,105.007,4.13929,107.296,101.447,3.67022,-15.172,68.5792,5.2672,83.5586,88.6537,-5.07697,-23.4742,
16.9278,20.4873,-36.4276,-12.7936,121.935,8.81373,-9.00159,105.007,4.13929,107.296,101.447,3.67022,-15.172,68.5792,5.2672,83.5586,88.6537,-5.07697,-23.4742,
16.9278,20.4873,-36.4276,-12.7936,121.935,8.81373,-9.00159,105.007,4.13929,107.296,101.447,3.67022,-15.172,68.5792,5.2672,83.5586,88.6537,-5.07697,-23.4742,
16.9278,20.4873,-36.4276,-12.7936,121.935,8.81373,-9.00159,105.007,4.13929,107.296,101.447,3.67022,-15.172,68.5792,5.2672,83.5586,88.6537,-5.07697,-23.4742,
16.9278,20.4873,-36.43,-12.7936,121.935,8.81373,-9.00159,105.007,4.13929,107.296,101.447,3.67022,-15.172,68.5768,5.27211,83.5584,88.6537,-5.07697,-23.4742,
16.9278,20.4873,-36.43,-12.7936,121.935,8.81373,-9.00159,105.007,4.13929,107.296,101.447,3.67022,-15.172,68.5768,5.27211,83.5584,88.6537,-5.07697,-23.4742,
16.949,20.4873,-36.4374,-12.7727,121.935,8.81373,-9.00159,104.986,4.15079,107.267,101.447,3.67022,-15.172,68.5482,5.27497,83.5558,88.6747,-5.06933,-23.4761,
16.949,20.4873,-36.4374,-12.7727,121.935,8.81373,-9.00159,104.986,4.15079,107.267,101.447,3.67022,-15.172,68.5482,5.27497,83.5558,88.6747,-5.06933,-23.4761,
16.9578,20.4873,-36.4286,-12.7727,121.935,8.81373,-9.00159,104.977,4.15678,107.245,101.447,3.67022,-15.172,68.5482,5.27497,83.5558,88.6747,-5.06933,-23.4761,
16.9578,20.4873,-36.4286,-12.7727,121.935,8.81373,-9.00159,104.977,4.15678,107.245,101.447,3.67022,-15.172,68.5482,5.27497,83.5558,88.6747,-5.06933,-23.4761,
16.9514,20.4536,-36.4286,-12.8,121.928,8.91316,-9.54338,104.977,4.15678,107.245,101.475,3.69203,-15.1483,68.5482,5.27497,83.5558,88.6747,-5.06933,-23.4761,
16.9514,20.4536,-36.4286,-12.8,121.928,8.91316,-9.54338,104.977,4.15678,107.245,101.475,3.69203,-15.1483,68.5482,5.27497,83.5558,88.6747,-5.06933,-23.4761,
16.9514,20.4536,-36.4378,-12.81,121.928,8.91316,-9.54338,104.977,4.15678,107.245,101.475,3.69203,-15.1483,68.5391,5.27231,83.5549,88.6647,-5.08667,-23.4752,
16.9514,20.4536,-36.4378,-12.81,121.928,8.91316,-9.54338,104.977,4.15678,107.245,101.475,3.69203,-15.1483,68.5391,5.27231,83.5549,88.6647,-5.08667,-23.4752,
16.9507,20.4135,-36.446,-12.8494,121.928,8.92196,-9.59974,104.977,4.15678,107.245,101.514,3.65983,-15.1458,68.5309,5.25724,83.5542,88.6647,-5.08667,-23.4752,
16.9507,20.4135,-36.446,-12.8494,121.928,8.92196,-9.59974,104.977,4.15678,107.245,101.514,3.65983,-15.1458,68.5309,5.25724,83.5542,88.6647,-5.08667,-23.4752,
16.9507,20.4135,-36.446,-12.8556,121.928,8.92196,-9.59974,104.977,4.15678,107.245,101.514,3.65983,-15.1458,68.5309,5.25724,83.5542,88.6584,-5.09977,-23.4746,
16.9507,20.4135,-36.446,-12.8556,121.928,8.92196,-9.59974,104.977,4.15678,107.245,101.514,3.65983,-15.1458,68.5309,5.25724,83.5542,88.6584,-5.09977,-23.4746,
16.973,20.4151,-36.4253,-12.8556,121.929,8.95149,-9.73923,104.956,4.05115,107.234,101.514,3.65983,-15.1458,68.5309,5.25724,83.5542,88.6584,-5.09977,-23.4746,
16.973,20.4151,-36.4253,-12.8556,121.929,8.95149,-9.73923,104.956,4.05115,107.234,101.514,3.65983,-15.1458,68.5309,5.25724,83.5542,88.6584,-5.09977,-23.4746,
16.9778,20.411,-36.448,-12.8645,121.934,8.97179,-9.81339,104.956,4.05115,107.234,101.523,3.64173,-15.0812,68.5081,5.25503,83.5597,88.6584,-5.09977,-23.4746,
16.9778,20.411,-36.448,-12.8645,121.934,8.97179,-9.81339,104.956,4.05115,107.234,101.523,3.64173,-15.0812,68.5081,5.25503,83.5597,88.6584,-5.09977,-23.4746,
17.0444,20.411,-36.3814,-12.8427,121.934,8.97179,-9.81339,104.889,4.01461,107.229,101.523,3.64173,-15.0812,68.5081,5.25503,83.5597,88.6803,-5.10398,-23.4766,
17.0444,20.411,-36.3814,-12.8427,121.934,8.97179,-9.81339,104.889,4.01461,107.229,101.523,3.64173,-15.0812,68.5081,5.25503,83.5597,88.6803,-5.10398,-23.4766,
17.0346,20.3982,-36.3814,-12.8457,121.924,9.00494,-9.95813,104.889,4.01461,107.229,101.526,3.64337,-15.0462,68.5081,5.25503,83.5597,88.6803,-5.10398,-23.4766,
17.0346,20.3982,-36.3814,-12.8457,121.924,9.00494,-9.95813,104.889,4.01461,107.229,101.526,3.64337,-15.0462,68.5081,5.25503,83.5597,88.6803,-5.10398,-23.4766,
17.0346,20.3982,-36.3894,-12.8378,121.924,9.00494,-9.95813,104.889,4.01461,107.229,101.526,3.64337,-15.0462,68.5001,5.26781,83.559,88.6881,-5.09853,-23.4773,
17.0346,20.3982,-36.3894,-12.8378,121.924,9.00494,-9.95813,104.889,4.01461,107.229,101.526,3.64337,-15.0462,68.5001,5.26781,83.559,88.6881,-5.09853,-23.4773,
17.0612,20.3982,-36.3628,-12.8378,121.924,9.00494,-9.95813,104.863,3.97822,107.227,101.526,3.64337,-15.0462,68.5001,5.26781,83.559,88.6881,-5.09853,-23.4773,
17.0612,20.3982,-36.3628,-12.8378,121.924,9.00494,-9.95813,104.863,3.97822,107.227,101.526,3.64337,-15.0462,68.5001,5.26781,83.559,88.6881,-5.09853,-23.4773,
17.0612,20.3982,-36.3628,-12.8378,121.924,9.00494,-9.95813,104.863,3.97822,107.227,101.526,3.64337,-15.0462,68.5001,5.26781,83.559,88.6881,-5.09853,-23.4773,
17.0612,20.3982,-36.3628,-12.8378,121.924,9.00494,-9.95813,104.863,3.97822,107.227,101.526,3.64337,-15.0462,68.5001,5.26781,83.559,88.6881,-5.09853,-23.4773,
17.0612,20.3982,-36.3628,-12.8378,121.924,9.00494,-9.95813,104.863,3.97822,107.227,101.526,3.64337,-15.0462,68.5001,5.26781,83.559,88.6881,-5.09853,-23.4773,
17.0612,20.3982,-36.3628,-12.8378,121.924,9.00494,-9.95813,104.863,3.97822,107.227,101.526,3.64337,-15.0462,68.5001,5.26781,83.559,88.6881,-5.09853,-23.4773,
17.0531,20.3665,-36.3644,-12.8614,121.916,9.04304,-10.1554,104.863,3.97822,107.227,101.55,3.6281,-15.0019,68.4985,5.25845,83.5588,88.6881,-5.09853,-23.4773,
17.0531,20.3665,-36.3644,-12.8614,121.916,9.04304,-10.1554,104.863,3.97822,107.227,101.55,3.6281,-15.0019,68.4985,5.25845,83.5588,88.6881,-5.09853,-23.4773,
17.0531,20.3665,-36.3859,-12.8897,121.916,9.04304,-10.1554,104.863,3.97822,107.227,101.55,3.6281,-15.0019,68.477,5.24904,83.5569,88.6598,-5.13268,-23.4747,
17.0531,20.3665,-36.3859,-12.8897,121.916,9.04304,-10.1554,104.863,3.97822,107.227,101.55,3.6281,-15.0019,68.477,5.24904,83.5569,88.6598,-5.13268,-23.4747,
17.0802,20.3641,-36.3565,-12.8897,121.914,9.07428,-10.287,104.833,3.80214,107.225,101.55,3.6281,-15.0019,68.477,5.24904,83.5569,88.6598,-5.13268,-23.4747,
17.0802,20.3641,-36.3565,-12.8897,121.914,9.07428,-10.287,104.833,3.80214,107.225,101.55,3.6281,-15.0019,68.477,5.24904,83.5569,88.6598,-5.13268,-23.4747,
17.0802,20.3853,-36.4226,-12.8685,121.914,9.07428,-10.287,104.833,3.80214,107.225,101.528,3.6225,-14.9509,68.4109,5.26274,83.6066,88.6598,-5.13268,-23.4747,
17.0802,20.3853,-36.4226,-12.8685,121.914,9.07428,-10.287,104.833,3.80214,107.225,101.528,3.6225,-14.9509,68.4109,5.26274,83.6066,88.6598,-5.13268,-23.4747,
17.1404,20.3853,-36.3624,-12.8695,121.914,9.07428,-10.287,104.773,3.8382,107.221,101.528,3.6225,-14.9509,68.4109,5.26274,83.6066,88.6589,-5.1376,-23.4747,
17.1404,20.3853,-36.3624,-12.8695,121.914,9.07428,-10.287,104.773,3.8382,107.221,101.528,3.6225,-14.9509,68.4109,5.26274,83.6066,88.6589,-5.1376,-23.4747,
17.1321,20.3809,-36.3624,-12.8655,121.905,9.10902,-10.4608,104.773,3.8382,107.221,101.524,3.62852,-14.9512,68.4109,5.26274,83.6066,88.6589,-5.1376,-23.4747,
17.1321,20.3809,-36.3624,-12.8655,121.905,9.10902,-10.4608,104.773,3.8382,107.221,101.524,3.62852,-14.9512,68.4109,5.26274,83.6066,88.6589,-5.1376,-23.4747,
17.1321,20.3809,-36.3624,-12.8467,121.905,9.10902,-10.4608,104.773,3.8382,107.221,101.524,3.62852,-14.9512,68.4109,5.26274,83.6066,88.6777,-5.1567,-23.4763,
17.1321,20.3809,-36.3624,-12.8467,121.905,9.10902,-10.4608,104.773,3.8382,107.221,101.524,3.62852,-14.9512,68.4109,5.26274,83.6066,88.6777,-5.1567,-23.4763,
17.1664,20.3592,-36.3064,-12.8467,121.884,9.12531,-10.575,104.717,3.84267,107.217,101.524,3.62852,-14.9512,68.4109,5.26274,83.6066,88.6777,-5.1567,-23.4763,
17.1664,20.3592,-36.3064,-12.8467,121.884,9.12531,-10.575,104.717,3.84267,107.217,101.524,3.62852,-14.9512,68.4109,5.26274,83.6066,88.6777,-5.1567,-23.4763,
17.1664,20.335,-36.3474,-12.8744,121.884,9.12531,-10.575,104.717,3.84267,107.217,101.549,3.62227,-14.9496,68.3699,5.2507,83.6028,88.6742,-5.15004,-23.476,
17.1664,20.335,-36.3474,-12.8744,121.884,9.12531,-10.575,104.717,3.84267,107.217,101.549,3.62227,-14.9496,68.3699,5.2507,83.6028,88.6742,-5.15004,-23.476,
17.1807,20.3199,-36.3179,-12.8744,121.868,9.13052,-10.6151,104.688,3.8565,107.2,101.549,3.62227,-14.9496,68.3699,5.2507,83.6028,88.6742,-5.15004,-23.476,
17.1807,20.3199,-36.3179,-12.8744,121.868,9.13052,-10.6151,104.688,3.8565,107.2,101.549,3.62227,-14.9496,68.3699,5.2507,83.6028,88.6742,-5.15004,-23.476,
17.1395,20.2723,-36.3004,-12.8808,121.827,9.12609,-10.6839,104.688,3.8565,107.2,101.555,3.62173,-14.9492,68.3874,5.25402,83.6044,88.6742,-5.15004,-23.476,
17.1395,20.2723,-36.3004,-12.8808,121.827,9.12609,-10.6839,104.688,3.8565,107.2,101.555,3.62173,-14.9492,68.3874,5.25402,83.6044,88.6742,-5.15004,-23.476,
17.1395,20.2723,-36.3004,-12.8741,121.827,9.12609,-10.6839,104.688,3.8565,107.2,101.555,3.62173,-14.9492,68.3874,5.25402,83.6044,88.6809,-5.1499,-23.4766,
17.1395,20.2723,-36.3004,-12.8741,121.827,9.12609,-10.6839,104.688,3.8565,107.2,101.555,3.62173,-14.9492,68.3874,5.25402,83.6044,88.6809,-5.1499,-23.4766,
17.1203,20.2455,-36.2929,-12.8741,121.801,9.11627,-10.7273,104.68,3.84032,107.199,101.555,3.62173,-14.9492,68.3874,5.25402,83.6044,88.6809,-5.1499,-23.4766,
17.1203,20.2455,-36.2929,-12.8741,121.801,9.11627,-10.7273,104.68,3.84032,107.199,101.555,3.62173,-14.9492,68.3874,5.25402,83.6044,88.6809,-5.1499,-23.4766,
17.1203,20.2325,-36.2701,-12.8729,121.801,9.11627,-10.7273,104.68,3.84032,107.199,101.568,3.63466,-14.9484,68.4102,5.22939,83.6065,88.6951,-5.16159,-23.4779,
17.1203,20.2325,-36.2701,-12.8729,121.801,9.11627,-10.7273,104.68,3.84032,107.199,101.568,3.63466,-14.9484,68.4102,5.22939,83.6065,88.6951,-5.16159,-23.4779,
17.0995,20.2325,-36.2908,-12.8729,121.801,9.11627,-10.7273,104.701,3.80119,107.2,101.568,3.63466,-14.9484,68.4102,5.22939,83.6065,88.6951,-5.16159,-23.4779,
17.0995,20.2325,-36.2908,-12.8729,121.801,9.11627,-10.7273,104.701,3.80119,107.2,101.568,3.63466,-14.9484,68.4102,5.22939,83.6065,88.6951,-5.16159,-23.4779,
17.0796,20.2102,-36.3045,-12.8753,121.781,9.10942,-10.7375,104.701,3.80119,107.2,101.57,3.62034,-14.9482,68.3966,5.24135,83.6053,88.6951,-5.16159,-23.4779,
17.0796,20.2102,-36.3045,-12.8753,121.781,9.10942,-10.7375,104.701,3.80119,107.2,101.57,3.62034,-14.9482,68.3966,5.24135,83.6053,88.6951,-5.16159,-23.4779,
17.0796,20.2102,-36.3045,-12.8837,121.781,9.10942,-10.7375,104.701,3.80119,107.2,101.57,3.62034,-14.9482,68.3966,5.24135,83.6053,88.6867,-5.17106,-23.4771,
17.0796,20.2102,-36.3045,-12.8837,121.781,9.10942,-10.7375,104.701,3.80119,107.2,101.57,3.62034,-14.9482,68.3966,5.24135,83.6053,88.6867,-5.17106,-23.4771,
17.0907,20.2102,-36.2933,-12.8837,121.781,9.10942,-10.7375,104.69,3.81796,107.177,101.57,3.62034,-14.9482,68.3966,5.24135,83.6053,88.6867,-5.17106,-23.4771,
17.0907,20.2102,-36.2933,-12.8837,121.781,9.10942,-10.7375,104.69,3.81796,107.177,101.57,3.62034,-14.9482,68.3966,5.24135,83.6053,88.6867,-5.17106,-23.4771,
17.0907,20.2102,-36.2933,-12.8837,121.781,9.10942,-10.7375,104.69,3.81796,107.177,101.57,3.62034,-14.9482,68.3966,5.24135,83.6053,88.6867,-5.17106,-23.4771,
17.0907,20.2102,-36.2933,-12.8837,121.781,9.10942,-10.7375,104.69,3.81796,107.177,101.57,3.62034,-14.9482,68.3966,5.24135,83.6053,88.6867,-5.17106,-23.4771,
17.0907,20.2102,-36.2933,-12.8837,121.781,9.10942,-10.7375,104.69,3.81796,107.177,101.57,3.62034,-14.9482,68.3966,5.24135,83.6053,88.6867,-5.17106,-23.4771,
17.0907,20.2102,-36.2933,-12.8837,121.781,9.10942,-10.7375,104.69,3.81796,107.177,101.57,3.62034,-14.9482,68.3966,5.24135,83.6053,88.6867,-5.17106,-23.4771,
17.0638,20.2119,-36.2933,-12.8551,121.754,9.08745,-10.7611,104.69,3.81796,107.177,101.542,3.56106,-14.95,68.3966,5.24135,83.6053,88.6867,-5.17106,-23.4771,
17.0638,20.2119,-36.2933,-12.8551,121.754,9.08745,-10.7611,104.69,3.81796,107.177,101.542,3.56106,-14.95,68.3966,5.24135,83.6053,88.6867,-5.17106,-23.4771,
17.0638,20.2119,-36.3307,-12.8885,121.754,9.08745,-10.7611,104.69,3.81796,107.177,101.542,3.56106,-14.95,68.3592,5.21055,83.6019,88.6533,-5.18147,-23.4741,
17.0638,20.2119,-36.3307,-12.8885,121.754,9.08745,-10.7611,104.69,3.81796,107.177,101.542,3.56106,-14.95,68.3592,5.21055,83.6019,88.6533,-5.18147,-23.4741,
17.1255,20.2191,-36.2762,-12.8885,121.761,9.06714,-10.752,104.635,3.84801,107.069,101.542,3.56106,-14.95,68.3592,5.21055,83.6019,88.6533,-5.18147,-23.4741,
17.1255,20.2191,-36.2762,-12.8885,121.761,9.06714,-10.752,104.635,3.84801,107.069,101.542,3.56106,-14.95,68.3592,5.21055,83.6019,88.6533,-5.18147,-23.4741,
17.1255,20.231,-36.2718,-12.8765,121.761,9.06714,-10.752,104.635,3.84801,107.069,101.53,3.53661,-14.9508,68.3636,5.18196,83.6022,88.6533,-5.18147,-23.4741,
17.1255,20.231,-36.2718,-12.8765,121.761,9.06714,-10.752,104.635,3.84801,107.069,101.53,3.53661,-14.9508,68.3636,5.18196,83.6022,88.6533,-5.18147,-23.4741,
17.118,20.231,-36.2792,-12.8794,121.761,9.06714,-10.752,104.643,3.84917,107.052,101.53,3.53661,-14.9508,68.3636,5.18196,83.6022,88.6505,-5.21356,-23.4739,
17.118,20.231,-36.2792,-12.8794,121.761,9.06714,-10.752,104.643,3.84917,107.052,101.53,3.53661,-14.9508,68.3636,5.18196,83.6022,88.6505,-5.21356,-23.4739,
17.1388,20.2843,-36.2641,-12.8469,121.782,9.06799,-10.709,104.643,3.84917,107.052,101.497,3.5092,-14.9528,68.3788,5.16009,83.6036,88.6505,-5.21356,-23.4739,
17.1388,20.2843,-36.2641,-12.8469,121.782,9.06799,-10.709,104.643,3.84917,107.052,101.497,3.5092,-14.9528,68.3788,5.16009,83.6036,88.6505,-5.21356,-23.4739,
17.112,20.2843,-36.2909,-12.833,121.782,9.06799,-10.709,104.67,3.76866,107.054,101.497,3.5092,-14.9528,68.3788,5.16009,83.6036,88.6644,-5.22303,-23.4752,
17.112,20.2843,-36.2909,-12.833,121.782,9.06799,-10.709,104.67,3.76866,107.054,101.497,3.5092,-14.9528,68.3788,5.16009,83.6036,88.6644,-5.22303,-23.4752,
17.1444,20.2982,-36.2612,-12.8218,121.784,9.06281,-10.6788,104.64,3.74294,107.052,101.486,3.48429,-14.9534,68.3788,5.16009,83.6036,88.6644,-5.22303,-23.4752,
17.1444,20.2982,-36.2612,-12.8218,121.784,9.06281,-10.6788,104.64,3.74294,107.052,101.486,3.48429,-14.9534,68.3788,5.16009,83.6036,88.6644,-5.22303,-23.4752,
17.1444,20.2982,-36.2905,-12.8218,121.784,9.06281,-10.6788,104.64,3.74294,107.052,101.486,3.48429,-14.9534,68.3495,5.15091,83.6103,88.6644,-5.22303,-23.4752,
17.1444,20.2982,-36.2905,-12.8218,121.784,9.06281,-10.6788,104.64,3.74294,107.052,101.486,3.48429,-14.9534,68.3495,5.15091,83.6103,88.6644,-5.22303,-23.4752,
17.1444,20.2982,-36.2905,-12.8275,121.784,9.06281,-10.6788,104.64,3.74294,107.052,101.486,3.48429,-14.9534,68.3495,5.15091,83.6103,88.6588,-5.23306,-23.4746,
17.1444,20.2982,-36.2905,-12.8275,121.784,9.06281,-10.6788,104.64,3.74294,107.052,101.486,3.48429,-14.9534,68.3495,5.15091,83.6103,88.6588,-5.23306,-23.4746,
17.1236,20.3228,-36.2905,-12.7821,121.764,9.0508,-10.6372,104.64,3.74294,107.052,101.441,3.42989,-14.9562,68.3495,5.15091,83.6103,88.6588,-5.23306,-23.4746,
17.1236,20.3228,-36.2905,-12.7821,121.764,9.0508,-10.6372,104.64,3.74294,107.052,101.441,3.42989,-14.9562,68.3495,5.15091,83.6103,88.6588,-5.23306,-23.4746,
17.1236,20.3228,-36.2905,-12.7763,121.764,9.0508,-10.6372,104.64,3.74294,107.052,101.441,3.42989,-14.9562,68.3495,5.15091,83.6103,88.6646,-5.26474,-23.4752,
17.1236,20.3228,-36.2905,-12.7763,121.764,9.0508,-10.6372,104.64,3.74294,107.052,101.441,3.42989,-14.9562,68.3495,5.15091,83.6103,88.6646,-5.26474,-23.4752,
17.1829,20.3331,-36.2307,-12.7655,121.763,9.00968,-10.5112,104.58,3.70971,107.048,101.43,3.38923,-14.9568,68.3495,5.15091,83.6103,88.6646,-5.26474,-23.4752,
17.1829,20.3331,-36.2307,-12.7655,121.763,9.00968,-10.5112,104.58,3.70971,107.048,101.43,3.38923,-14.9568,68.3495,5.15091,83.6103,88.6646,-5.26474,-23.4752,
17.1829,20.3331,-36.2538,-12.7763,121.763,9.00968,-10.5112,104.58,3.70971,107.048,101.43,3.38923,-14.9568,68.3265,5.15538,83.6203,88.6538,-5.30312,-23.4742,
17.1829,20.3331,-36.2538,-12.7763,121.763,9.00968,-10.5112,104.58,3.70971,107.048,101.43,3.38923,-14.9568,68.3265,5.15538,83.6203,88.6538,-5.30312,-23.4742,
17.2227,20.3344,-36.2153,-12.7763,121.765,9.00896,-10.4809,104.542,3.66478,107.045,101.43,3.38923,-14.9568,68.3265,5.15538,83.6203,88.6538,-5.30312,-23.4742,
17.2227,20.3344,-36.2153,-12.7763,121.765,9.00896,-10.4809,104.542,3.66478,107.045,101.43,3.38923,-14.9568,68.3265,5.15538,83.6203,88.6538,-5.30312,-23.4742,
17.2268,20.3385,-36.2251,-12.7763,121.769,9.00437,-10.4565,104.542,3.66478,107.045,101.43,3.38923,-14.9568,68.3167,5.13567,83.6194,88.6538,-5.30312,-23.4742,
17.2268,20.3385,-36.2251,-12.7763,121.769,9.00437,-10.4565,104.542,3.66478,107.045,101.43,3.38923,-14.9568,68.3167,5.13567,83.6194,88.6538,-5.30312,-23.4742,
17.2268,20.3385,-36.2251,-12.7358,121.769,9.00437,-10.4565,104.542,3.66478,107.045,101.43,3.38923,-14.9568,68.3167,5.13567,83.6194,88.6942,-5.30027,-23.4779,
17.2268,20.3385,-36.2251,-12.7358,121.769,9.00437,-10.4565,104.542,3.66478,107.045,101.43,3.38923,-14.9568,68.3167,5.13567,83.6194,88.6942,-5.30027,-23.4779,
17.2207,20.3385,-36.2312,-12.7358,121.769,9.00437,-10.4565,104.548,3.60546,107.046,101.43,3.38923,-14.9568,68.3167,5.13567,83.6194,88.6942,-5.30027,-23.4779,
17.2207,20.3385,-36.2312,-12.7358,121.769,9.00437,-10.4565,104.548,3.60546,107.046,101.43,3.38923,-14.9568,68.3167,5.13567,83.6194,88.6942,-5.30027,-23.4779,
17.2207,20.3385,-36.2312,-12.7358,121.769,9.00437,-10.4565,104.548,3.60546,107.046,101.43,3.38923,-14.9568,68.3167,5.13567,83.6194,88.6942,-5.30027,-23.4779,
17.2207,20.3385,-36.2312,-12.7358,121.769,9.00437,-10.4565,104.548,3.60546,107.046,101.43,3.38923,-14.9568,68.3167,5.13567,83.6194,88.6942,-5.30027,-23.4779,
17.2144,20.3321,-36.2312,-12.7358,121.762,9.00882,-10.4328,104.548,3.60546,107.046,101.43,3.38923,-14.9568,68.3167,5.13567,83.6194,88.6942,-5.30027,-23.4779,
17.2144,20.3321,-36.2312,-12.7358,121.762,9.00882,-10.4328,104.548,3.60546,107.046,101.43,3.38923,-14.9568,68.3167,5.13567,83.6194,88.6942,-5.30027,-23.4779,
17.2083,20.2349,-36.2312,-12.827,121.756,9.00479,-10.3953,104.548,3.60546,107.046,101.521,3.40936,-14.9514,68.3167,5.13567,83.6194,88.6942,-5.30027,-23.4779,
17.2083,20.2349,-36.2312,-12.827,121.756,9.00479,-10.3953,104.548,3.60546,107.046,101.521,3.40936,-14.9514,68.3167,5.13567,83.6194,88.6942,-5.30027,-23.4779,
17.2094,20.2349,-36.2444,-12.8086,121.756,9.00479,-10.3953,104.547,3.59552,107.046,101.521,3.40936,-14.9514,68.3023,5.13545,83.6264,88.7127,-5.32197,-23.4796,
17.2094,20.2349,-36.2444,-12.8086,121.756,9.00479,-10.3953,104.547,3.59552,107.046,101.521,3.40936,-14.9514,68.3023,5.13545,83.6264,88.7127,-5.32197,-23.4796,
17.2034,20.233,-36.2486,-12.8086,121.754,9.00356,-10.3548,104.551,3.61756,107.049,101.521,3.40936,-14.9514,68.3023,5.13545,83.6264,88.7127,-5.32197,-23.4796,
17.2034,20.233,-36.2486,-12.8086,121.754,9.00356,-10.3548,104.551,3.61756,107.049,101.521,3.40936,-14.9514,68.3023,5.13545,83.6264,88.7127,-5.32197,-23.4796,
17.2034,20.2416,-36.2958,-12.8127,121.754,9.00356,-10.3548,104.551,3.61756,107.049,101.513,3.39703,-14.929,68.2551,5.14957,83.6318,88.7,-5.33621,-23.4784,
17.2034,20.2416,-36.2958,-12.8127,121.754,9.00356,-10.3548,104.551,3.61756,107.049,101.513,3.39703,-14.929,68.2551,5.14957,83.6318,88.7,-5.33621,-23.4784,
17.238,20.235,-36.2546,-12.8127,121.748,9.00465,-10.3407,104.51,3.66226,107.016,101.513,3.39703,-14.929,68.2551,5.14957,83.6318,88.7,-5.33621,-23.4784,
17.238,20.235,-36.2546,-12.8127,121.748,9.00465,-10.3407,104.51,3.66226,107.016,101.513,3.39703,-14.929,68.2551,5.14957,83.6318,88.7,-5.33621,-23.4784,
17.235,20.2531,-36.2669,-12.7916,121.745,8.9921,-10.3273,104.51,3.66226,107.016,101.492,3.38649,-14.9012,68.2428,5.15036,83.6307,88.7,-5.33621,-23.4784,
17.235,20.2531,-36.2669,-12.7916,121.745,8.9921,-10.3273,104.51,3.66226,107.016,101.492,3.38649,-14.9012,68.2428,5.15036,83.6307,88.7,-5.33621,-23.4784,
17.2548,20.2531,-36.2471,-12.7916,121.745,8.9921,-10.3273,104.49,3.68299,106.987,101.492,3.38649,-14.9012,68.2428,5.15036,83.6307,88.7,-5.33621,-23.4784,
17.2548,20.2531,-36.2471,-12.7916,121.745,8.9921,-10.3273,104.49,3.68299,106.987,101.492,3.38649,-14.9012,68.2428,5.15036,83.6307,88.7,-5.33621,-23.4784,
17.253,20.2514,-36.2471,-12.7916,121.743,8.97463,-10.3088,104.49,3.68299,106.987,101.492,3.38649,-14.9012,68.2428,5.15036,83.6307,88.7,-5.33621,-23.4784,
17.253,20.2514,-36.2471,-12.7916,121.743,8.97463,-10.3088,104.49,3.68299,106.987,101.492,3.38649,-14.9012,68.2428,5.15036,83.6307,88.7,-5.33621,-23.4784,
17.253,20.2486,-36.2712,-12.7855,121.743,8.97463,-10.3088,104.49,3.68299,106.987,101.494,3.39442,-14.901,68.2187,5.16569,83.6285,88.7088,-5.34471,-23.4793,
17.253,20.2486,-36.2712,-12.7855,121.743,8.97463,-10.3088,104.49,3.68299,106.987,101.494,3.39442,-14.901,68.2187,5.16569,83.6285,88.7088,-5.34471,-23.4793,
17.2181,20.2334,-36.2909,-12.7855,121.728,8.97058,-10.2944,104.51,3.71978,106.965,101.494,3.39442,-14.901,68.2187,5.16569,83.6285,88.7088,-5.34471,-23.4793,
17.2181,20.2334,-36.2909,-12.7855,121.728,8.97058,-10.2944,104.51,3.71978,106.965,101.494,3.39442,-14.901,68.2187,5.16569,83.6285,88.7088,-5.34471,-23.4793,
17.2056,20.1965,-36.2909,-12.8036,121.715,8.95714,-10.2625,104.51,3.71978,106.965,101.519,3.40912,-14.8996,68.2187,5.16569,83.6285,88.715,-5.35463,-23.4798,
17.2056,20.1965,-36.2909,-12.8036,121.715,8.95714,-10.2625,104.51,3.71978,106.965,101.519,3.40912,-14.8996,68.2187,5.16569,83.6285,88.715,-5.35463,-23.4798,
17.1852,20.1965,-36.3113,-12.8036,121.715,8.95714,-10.2625,104.53,3.72637,106.965,101.519,3.40912,-14.8996,68.2187,5.16569,83.6285,88.715,-5.35463,-23.4798,
17.1852,20.1965,-36.3113,-12.8036,121.715,8.95714,-10.2625,104.53,3.72637,106.965,101.519,3.40912,-14.8996,68.2187,5.16569,83.6285,88.715,-5.35463,-23.4798,
17.1924,20.2037,-36.3113,-12.8036,121.722,8.87143,-10.0939,104.53,3.72637,106.965,101.519,3.40912,-14.8996,68.2187,5.16569,83.6285,88.715,-5.35463,-23.4798,
17.1924,20.2037,-36.3113,-12.8036,121.722,8.87143,-10.0939,104.53,3.72637,106.965,101.519,3.40912,-14.8996,68.2187,5.16569,83.6285,88.715,-5.35463,-23.4798,
17.1924,20.1946,-36.3297,-12.8153,121.722,8.87143,-10.0939,104.53,3.72637,106.965,101.528,3.40593,-14.899,68.2003,5.14415,83.6269,88.7125,-5.35628,-23.4796,
17.1924,20.1946,-36.3297,-12.8153,121.722,8.87143,-10.0939,104.53,3.72637,106.965,101.528,3.40593,-14.899,68.2003,5.14415,83.6269,88.7125,-5.35628,-23.4796,
17.2059,20.2044,-36.326,-12.8194,121.732,8.85179,-10.0512,104.526,3.7072,106.965,101.528,3.40593,-14.899,68.2003,5.14415,83.6269,88.7083,-5.36738,-23.4792,
17.2059,20.2044,-36.326,-12.8194,121.732,8.85179,-10.0512,104.526,3.7072,106.965,101.528,3.40593,-14.899,68.2003,5.14415,83.6269,88.7083,-5.36738,-23.4792,
17.1928,20.2361,-36.326,-12.7746,121.719,8.84088,-10.0305,104.526,3.7072,106.965,101.483,3.3859,-14.9017,68.2003,5.14415,83.6269,88.7083,-5.36738,-23.4792,
17.1928,20.2361,-36.326,-12.7746,121.719,8.84088,-10.0305,104.526,3.7072,106.965,101.483,3.3859,-14.9017,68.2003,5.14415,83.6269,88.7083,-5.36738,-23.4792,
17.1928,20.2361,-36.2951,-12.7818,121.719,8.84088,-10.0305,104.526,3.7072,106.965,101.483,3.3859,-14.9017,68.2312,5.16004,83.6297,88.7011,-5.37127,-23.4785,
17.1928,20.2361,-36.2951,-12.7818,121.719,8.84088,-10.0305,104.526,3.7072,106.965,101.483,3.3859,-14.9017,68.2312,5.16004,83.6297,88.7011,-5.37127,-23.4785,
17.1856,20.2361,-36.3023,-12.7818,121.719,8.84088,-10.0305,104.533,3.72167,106.945,101.483,3.3859,-14.9017,68.2312,5.16004,83.6297,88.7011,-5.37127,-23.4785,
17.1856,20.2361,-36.3023,-12.7818,121.719,8.84088,-10.0305,104.533,3.72167,106.945,101.483,3.3859,-14.9017,68.2312,5.16004,83.6297,88.7011,-5.37127,-23.4785,
17.1856,20.2361,-36.3023,-12.7818,121.719,8.84088,-10.0305,104.533,3.72167,106.945,101.483,3.3859,-14.9017,68.2312,5.16004,83.6297,88.7011,-5.37127,-23.4785,
17.1856,20.2361,-36.3023,-12.7818,121.719,8.84088,-10.0305,104.533,3.72167,106.945,101.483,3.3859,-14.9017,68.2312,5.16004,83.6297,88.7011,-5.37127,-23.4785,
17.1856,20.2361,-36.3023,-12.7818,121.719,8.84088,-10.0305,104.533,3.72167,106.945,101.483,3.3859,-14.9017,68.2312,5.16004,83.6297,88.7011,-5.37127,-23.4785,
17.1856,20.2361,-36.3023,-12.7818,121.719,8.84088,-10.0305,104.533,3.72167,106.945,101.483,3.3859,-14.9017,68.2312,5.16004,83.6297,88.7011,-5.37127,-23.4785,
17.1823,20.2952,-36.3099,-12.7194,121.716,8.82727,-10.0008,104.533,3.72167,106.945,101.421,3.35376,-14.9054,68.2235,5.16442,83.629,88.7011,-5.37127,-23.4785,
17.1823,20.2952,-36.3099,-12.7194,121.716,8.82727,-10.0008,104.533,3.72167,106.945,101.421,3.35376,-14.9054,68.2235,5.16442,83.629,88.7011,-5.37127,-23.4785,
17.1785,20.2952,-36.3325,-12.7302,121.716,8.82727,-10.0008,104.537,3.74506,106.914,101.421,3.35376,-14.9054,68.2047,5.15443,83.6273,88.6903,-5.3853,-23.4775,
17.1785,20.2952,-36.3325,-12.7302,121.716,8.82727,-10.0008,104.537,3.74506,106.914,101.421,3.35376,-14.9054,68.2047,5.15443,83.6273,88.6903,-5.3853,-23.4775,
17.101,20.2417,-36.3565,-12.7302,121.662,8.77669,-9.94126,104.561,3.77856,106.895,101.421,3.35376,-14.9054,68.2047,5.15443,83.6273,88.6903,-5.3853,-23.4775,
17.101,20.2417,-36.3565,-12.7302,121.662,8.77669,-9.94126,104.561,3.77856,106.895,101.421,3.35376,-14.9054,68.2047,5.15443,83.6273,88.6903,-5.3853,-23.4775,
17.101,20.164,-36.3337,-12.7985,121.662,8.77669,-9.94126,104.561,3.77856,106.895,101.498,3.3235,-14.9008,68.2276,5.15457,83.6293,88.6998,-5.40038,-23.4784,
17.101,20.164,-36.3337,-12.7985,121.662,8.77669,-9.94126,104.561,3.77856,106.895,101.498,3.3235,-14.9008,68.2276,5.15457,83.6293,88.6998,-5.40038,-23.4784,
17.0851,20.164,-36.3495,-12.7985,121.662,8.77669,-9.94126,104.577,3.79125,106.902,101.498,3.3235,-14.9008,68.2276,5.15457,83.6293,88.6998,-5.40038,-23.4784,
17.0851,20.164,-36.3495,-12.7985,121.662,8.77669,-9.94126,104.577,3.79125,106.902,101.498,3.3235,-14.9008,68.2276,5.15457,83.6293,88.6998,-5.40038,-23.4784,
17.0837,20.1862,-36.3495,-12.7749,121.661,8.77002,-9.9324,104.577,3.79125,106.902,101.475,3.34057,-14.9022,68.2276,5.15457,83.6293,88.6998,-5.40038,-23.4784,
17.0837,20.1862,-36.3495,-12.7749,121.661,8.77002,-9.9324,104.577,3.79125,106.902,101.475,3.34057,-14.9022,68.2276,5.15457,83.6293,88.6998,-5.40038,-23.4784,
17.0837,20.1862,-36.3495,-12.7848,121.661,8.77002,-9.9324,104.577,3.79125,106.902,101.475,3.34057,-14.9022,68.2276,5.15457,83.6293,88.6898,-5.38418,-23.4775,
17.0837,20.1862,-36.3495,-12.7848,121.661,8.77002,-9.9324,104.577,3.79125,106.902,101.475,3.34057,-14.9022,68.2276,5.15457,83.6293,88.6898,-5.38418,-23.4775,
17.0541,20.164,-36.357,-12.7848,121.639,8.76978,-9.93197,104.585,3.80613,106.901,101.475,3.34057,-14.9022,68.2276,5.15457,83.6293,88.6898,-5.38418,-23.4775,
17.0541,20.164,-36.357,-12.7848,121.639,8.76978,-9.93197,104.585,3.80613,106.901,101.475,3.34057,-14.9022,68.2276,5.15457,83.6293,88.6898,-5.38418,-23.4775,
17.0541,20.1804,-36.3532,-12.7692,121.639,8.76978,-9.93197,104.585,3.80613,106.901,101.458,3.38633,-14.8794,68.2313,5.14953,83.6297,88.689,-5.37906,-23.4774,
17.0541,20.1804,-36.3532,-12.7692,121.639,8.76978,-9.93197,104.585,3.80613,106.901,101.458,3.38633,-14.8794,68.2313,5.14953,83.6297,88.689,-5.37906,-23.4774,
17.0412,20.1745,-36.3602,-12.7692,121.633,8.76922,-9.93568,104.592,3.82543,106.896,101.458,3.38633,-14.8794,68.2313,5.14953,83.6297,88.689,-5.37906,-23.4774,
17.0412,20.1745,-36.3602,-12.7692,121.633,8.76922,-9.93568,104.592,3.82543,106.896,101.458,3.38633,-14.8794,68.2313,5.14953,83.6297,88.689,-5.37906,-23.4774,
17.0308,20.1641,-36.3675,-12.7692,121.622,8.76884,-9.94423,104.592,3.82543,106.896,101.458,3.38633,-14.8794,68.224,5.14649,83.629,88.689,-5.37906,-23.4774,
17.0308,20.1641,-36.3675,-12.7692,121.622,8.76884,-9.94423,104.592,3.82543,106.896,101.458,3.38633,-14.8794,68.224,5.14649,83.629,88.689,-5.37906,-23.4774,
17.0192,20.1641,-36.3791,-12.7439,121.622,8.76884,-9.94423,104.603,3.84369,106.897,101.458,3.38633,-14.8794,68.224,5.14649,83.629,88.7144,-5.36353,-23.4798,
17.0192,20.1641,-36.3791,-12.7439,121.622,8.76884,-9.94423,104.603,3.84369,106.897,101.458,3.38633,-14.8794,68.224,5.14649,83.629,88.7144,-5.36353,-23.4798,
16.9845,20.1294,-36.3791,-12.7439,121.588,8.77383,-9.95854,104.603,3.84369,106.897,101.458,3.38633,-14.8794,68.224,5.14649,83.629,88.7144,-5.36353,-23.4798,
16.9845,20.1294,-36.3791,-12.7439,121.588,8.77383,-9.95854,104.603,3.84369,106.897,101.458,3.38633,-14.8794,68.224,5.14649,83.629,88.7144,-5.36353,-23.4798,
16.9845,20.0584,-36.3805,-12.7824,121.588,8.77383,-9.95854,104.603,3.84369,106.897,101.529,3.35791,-14.8752,68.2227,5.15524,83.6289,88.7469,-5.35053,-23.4828,
16.9845,20.0584,-36.3805,-12.7824,121.588,8.77383,-9.95854,104.603,3.84369,106.897,101.529,3.35791,-14.8752,68.2227,5.15524,83.6289,88.7469,-5.35053,-23.4828,
16.9525,20.0577,-36.4118,-12.7824,121.587,8.75309,-10.0126,104.634,3.88716,106.896,101.529,3.35791,-14.8752,68.2227,5.15524,83.6289,88.7469,-5.35053,-23.4828,
16.9525,20.0577,-36.4118,-12.7824,121.587,8.75309,-10.0126,104.634,3.88716,106.896,101.529,3.35791,-14.8752,68.2227,5.15524,83.6289,88.7469,-5.35053,-23.4828,
16.9525,20.0332,-36.399,-12.8069,121.587,8.74402,-10.0253,104.634,3.88716,106.896,101.554,3.35755,-14.8737,68.2354,5.15184,83.63,88.7469,-5.35053,-23.4828,
16.9525,20.0332,-36.399,-12.8069,121.587,8.74402,-10.0253,104.634,3.88716,106.896,101.554,3.35755,-14.8737,68.2354,5.15184,83.63,88.7469,-5.35053,-23.4828,
16.9525,20.0332,-36.399,-12.8079,121.587,8.74402,-10.0253,104.634,3.88716,106.896,101.554,3.35755,-14.8737,68.2354,5.15184,83.63,88.7458,-5.34651,-23.4827,
16.9525,20.0332,-36.399,-12.8079,121.587,8.74402,-10.0253,104.634,3.88716,106.896,101.554,3.35755,-14.8737,68.2354,5.15184,83.63,88.7458,-5.34651,-23.4827,
16.9351,20.0332,-36.4164,-12.8079,121.587,8.74402,-10.0253,104.652,3.9054,106.883,101.554,3.35755,-14.8737,68.2354,5.15184,83.63,88.7458,-5.34651,-23.4827,
16.9351,20.0332,-36.4164,-12.8079,121.587,8.74402,-10.0253,104.652,3.9054,106.883,101.554,3.35755,-14.8737,68.2354,5.15184,83.63,88.7458,-5.34651,-23.4827,
16.9351,20.0332,-36.4164,-12.8079,121.587,8.74402,-10.0253,104.652,3.9054,106.883,101.554,3.35755,-14.8737,68.2354,5.15184,83.63,88.7458,-5.34651,-23.4827,
16.9351,20.0332,-36.4164,-12.8079,121.587,8.74402,-10.0253,104.652,3.9054,106.883,101.554,3.35755,-14.8737,68.2354,5.15184,83.63,88.7458,-5.34651,-23.4827,
16.9251,20.0232,-36.4164,-12.8079,121.577,8.73684,-10.0334,104.652,3.9054,106.883,101.554,3.35755,-14.8737,68.2354,5.15184,83.63,88.7458,-5.34651,-23.4827,
16.9251,20.0232,-36.4164,-12.8079,121.577,8.73684,-10.0334,104.652,3.9054,106.883,101.554,3.35755,-14.8737,68.2354,5.15184,83.63,88.7458,-5.34651,-23.4827,
16.9115,20.0238,-36.41,-12.7937,121.563,8.71991,-10.0522,104.652,3.9054,106.883,101.54,3.40258,-14.8746,68.2418,5.14465,83.6306,88.7458,-5.34651,-23.4827,
16.9115,20.0238,-36.41,-12.7937,121.563,8.71991,-10.0522,104.652,3.9054,106.883,101.54,3.40258,-14.8746,68.2418,5.14465,83.6306,88.7458,-5.34651,-23.4827,
16.9115,20.0238,-36.4257,-12.8014,121.563,8.71991,-10.0522,104.652,3.9054,106.883,101.54,3.40258,-14.8746,68.2262,5.16932,83.6292,88.7382,-5.348,-23.482,
16.9115,20.0238,-36.4257,-12.8014,121.563,8.71991,-10.0522,104.652,3.9054,106.883,101.54,3.40258,-14.8746,68.2262,5.16932,83.6292,88.7382,-5.348,-23.482,
16.8779,20.0179,-36.4456,-12.7937,121.55,8.69205,-10.066,104.672,3.94586,106.837,101.532,3.41987,-14.875,68.2262,5.16932,83.6292,88.7382,-5.348,-23.482,
16.8779,20.0179,-36.4456,-12.7937,121.55,8.69205,-10.066,104.672,3.94586,106.837,101.532,3.41987,-14.875,68.2262,5.16932,83.6292,88.7382,-5.348,-23.482,
16.8779,20.0179,-36.4277,-12.7937,121.55,8.69205,-10.066,104.672,3.94586,106.837,101.532,3.41987,-14.875,68.2441,5.15954,83.6308,88.7382,-5.348,-23.482,
16.8779,20.0179,-36.4277,-12.7937,121.55,8.69205,-10.066,104.672,3.94586,106.837,101.532,3.41987,-14.875,68.2441,5.15954,83.6308,88.7382,-5.348,-23.482,
16.8636,20.0179,-36.442,-12.772,121.55,8.69205,-10.066,104.686,3.96162,106.815,101.532,3.41987,-14.875,68.2441,5.15954,83.6308,88.7598,-5.3245,-23.484,
16.8636,20.0179,-36.442,-12.772,121.55,8.69205,-10.066,104.686,3.96162,106.815,101.532,3.41987,-14.875,68.2441,5.15954,83.6308,88.7598,-5.3245,-23.484,
16.8613,20.0071,-36.442,-12.7805,121.547,8.6599,-10.0903,104.686,3.96162,106.815,101.54,3.47321,-14.8745,68.2441,5.15954,83.6308,88.7598,-5.3245,-23.484,
16.8613,20.0071,-36.442,-12.7805,121.547,8.6599,-10.0903,104.686,3.96162,106.815,101.54,3.47321,-14.8745,68.2441,5.15954,83.6308,88.7598,-5.3245,-23.484,
16.8613,20.0071,-36.4452,-12.7534,121.547,8.6599,-10.0903,104.686,3.96162,106.815,101.54,3.47321,-14.8745,68.2409,5.15847,83.6305,88.7869,-5.32629,-23.4865,
16.8613,20.0071,-36.4452,-12.7534,121.547,8.6599,-10.0903,104.686,3.96162,106.815,101.54,3.47321,-14.8745,68.2409,5.15847,83.6305,88.7869,-5.32629,-23.4865,
16.8214,20.0075,-36.4834,-12.7512,121.546,8.64824,-10.1054,104.724,3.98482,106.79,101.538,3.44942,-14.8747,68.2409,5.15847,83.6305,88.7869,-5.32629,-23.4865,
16.8214,20.0075,-36.4834,-12.7512,121.546,8.64824,-10.1054,104.724,3.98482,106.79,101.538,3.44942,-14.8747,68.2409,5.15847,83.6305,88.7869,-5.32629,-23.4865,
16.8214,20.0316,-36.496,-12.7472,121.546,8.64824,-10.1054,104.724,3.98482,106.79,101.514,3.42503,-14.8761,68.2282,5.16818,83.6294,88.7668,-5.32968,-23.4847,
16.8214,20.0316,-36.496,-12.7472,121.546,8.64824,-10.1054,104.724,3.98482,106.79,101.514,3.42503,-14.8761,68.2282,5.16818,83.6294,88.7668,-5.32968,-23.4847,
16.8093,20.0316,-36.5082,-12.7734,121.546,8.64824,-10.1054,104.736,4.00403,106.767,101.514,3.42503,-14.8761,68.2282,5.16818,83.6294,88.7406,-5.32148,-23.4822,
16.8093,20.0316,-36.5082,-12.7734,121.546,8.64824,-10.1054,104.736,4.00403,106.767,101.514,3.42503,-14.8761,68.2282,5.16818,83.6294,88.7406,-5.32148,-23.4822,
16.7989,20.0213,-36.5183,-12.7734,121.535,8.60182,-10.1209,104.736,4.00403,106.767,101.514,3.42503,-14.8761,68.2181,5.179,83.6285,88.7406,-5.32148,-23.4822,
16.7989,20.0213,-36.5183,-12.7734,121.535,8.60182,-10.1209,104.736,4.00403,106.767,101.514,3.42503,-14.8761,68.2181,5.179,83.6285,88.7406,-5.32148,-23.4822,
16.7989,20.0213,-36.5183,-12.7789,121.535,8.60182,-10.1209,104.736,4.00403,106.767,101.514,3.42503,-14.8761,68.2181,5.179,83.6285,88.7352,-5.32767,-23.4817,
16.7989,20.0213,-36.5183,-12.7789,121.535,8.60182,-10.1209,104.736,4.00403,106.767,101.514,3.42503,-14.8761,68.2181,5.179,83.6285,88.7352,-5.32767,-23.4817,
16.7703,20.034,-36.5255,-12.7448,121.514,8.58758,-10.117,104.744,4.03927,106.721,101.48,3.42993,-14.8782,68.2181,5.179,83.6285,88.7352,-5.32767,-23.4817,
16.7703,20.034,-36.5255,-12.7448,121.514,8.58758,-10.117,104.744,4.03927,106.721,101.48,3.42993,-14.8782,68.2181,5.179,83.6285,88.7352,-5.32767,-23.4817,
16.7703,20.0165,-36.5169,-12.7623,121.514,8.58758,-10.117,104.744,4.03927,106.721,101.497,3.43424,-14.8771,68.2268,5.16503,83.6293,88.7352,-5.32767,-23.4817,
16.7703,20.0165,-36.5169,-12.7623,121.514,8.58758,-10.117,104.744,4.03927,106.721,101.497,3.43424,-14.8771,68.2268,5.16503,83.6293,88.7352,-5.32767,-23.4817,
16.7685,20.0165,-36.5187,-12.7623,121.514,8.58758,-10.117,104.745,4.04532,106.708,101.497,3.43424,-14.8771,68.2268,5.16503,83.6293,88.7352,-5.32767,-23.4817,
16.7685,20.0165,-36.5187,-12.7623,121.514,8.58758,-10.117,104.745,4.04532,106.708,101.497,3.43424,-14.8771,68.2268,5.16503,83.6293,88.7352,-5.32767,-23.4817,
16.7274,19.9754,-36.5043,-12.7623,121.473,8.57296,-10.1031,104.745,4.04532,106.708,101.497,3.43424,-14.8771,68.2411,5.15805,83.6306,88.7352,-5.32767,-23.4817,
16.7274,19.9754,-36.5043,-12.7623,121.473,8.57296,-10.1031,104.745,4.04532,106.708,101.497,3.43424,-14.8771,68.2411,5.15805,83.6306,88.7352,-5.32767,-23.4817,
16.7274,19.9754,-36.5043,-12.756,121.473,8.57296,-10.1031,104.745,4.04532,106.708,101.497,3.43424,-14.8771,68.2411,5.15805,83.6306,88.7414,-5.28526,-23.4823,
16.7274,19.9754,-36.5043,-12.756,121.473,8.57296,-10.1031,104.745,4.04532,106.708,101.497,3.43424,-14.8771,68.2411,5.15805,83.6306,88.7414,-5.28526,-23.4823,
16.7274,19.9754,-36.5043,-12.756,121.473,8.57296,-10.1031,104.745,4.04532,106.708,101.497,3.43424,-14.8771,68.2411,5.15805,83.6306,88.7414,-5.28526,-23.4823,
16.7274,19.9754,-36.5043,-12.756,121.473,8.57296,-10.1031,104.745,4.04532,106.708,101.497,3.43424,-14.8771,68.2411,5.15805,83.6306,88.7414,-5.28526,-23.4823,
16.7274,19.9754,-36.5043,-12.756,121.473,8.57296,-10.1031,104.745,4.04532,106.708,101.497,3.43424,-14.8771,68.2411,5.15805,83.6306,88.7414,-5.28526,-23.4823,
16.7274,19.9754,-36.5043,-12.756,121.473,8.57296,-10.1031,104.745,4.04532,106.708,101.497,3.43424,-14.8771,68.2411,5.15805,83.6306,88.7414,-5.28526,-23.4823,
16.7274,19.9754,-36.5043,-12.756,121.473,8.57296,-10.1031,104.745,4.04532,106.708,101.497,3.43424,-14.8771,68.2411,5.15805,83.6306,88.7414,-5.28526,-23.4823,
16.7274,19.9754,-36.5043,-12.756,121.473,8.57296,-10.1031,104.745,4.04532,106.708,101.497,3.43424,-14.8771,68.2411,5.15805,83.6306,88.7414,-5.28526,-23.4823,
16.7131,19.9572,-36.481,-12.776,121.459,8.56472,-10.1021,104.745,4.04532,106.708,101.501,3.48305,-14.8769,68.2645,5.17393,83.6327,88.7253,-5.27385,-23.4808,
16.7131,19.9572,-36.481,-12.776,121.459,8.56472,-10.1021,104.745,4.04532,106.708,101.501,3.48305,-14.8769,68.2645,5.17393,83.6327,88.7253,-5.27385,-23.4808,
16.7131,19.9572,-36.481,-12.776,121.459,8.56472,-10.1021,104.745,4.04532,106.708,101.501,3.48305,-14.8769,68.2645,5.17393,83.6327,88.7253,-5.27385,-23.4808,
16.7131,19.9572,-36.481,-12.776,121.459,8.56472,-10.1021,104.745,4.04532,106.708,101.501,3.48305,-14.8769,68.2645,5.17393,83.6327,88.7253,-5.27385,-23.4808,
16.6842,19.9915,-36.5098,-12.7402,121.459,8.56472,-10.1021,104.774,4.08935,106.672,101.467,3.47738,-14.879,68.2645,5.17393,83.6327,88.7268,-5.27274,-23.481,
16.6842,19.9915,-36.5098,-12.7402,121.459,8.56472,-10.1021,104.774,4.08935,106.672,101.467,3.47738,-14.879,68.2645,5.17393,83.6327,88.7268,-5.27274,-23.481,
16.6842,19.9915,-36.5098,-12.7402,121.459,8.56472,-10.1021,104.774,4.08935,106.672,101.467,3.47738,-14.879,68.2645,5.17393,83.6327,88.7268,-5.27274,-23.481,
16.6842,19.9915,-36.5098,-12.7402,121.459,8.56472,-10.1021,104.774,4.08935,106.672,101.467,3.47738,-14.879,68.2645,5.17393,83.6327,88.7268,-5.27274,-23.481,
16.6891,20.0231,-36.5005,-12.7241,121.459,8.56472,-10.1021,104.769,4.13659,106.646,101.435,3.45372,-14.8809,68.2689,5.21528,83.6331,88.7113,-5.27115,-23.4795,
16.6891,20.0231,-36.5005,-12.7241,121.459,8.56472,-10.1021,104.769,4.13659,106.646,101.435,3.45372,-14.8809,68.2689,5.21528,83.6331,88.7113,-5.27115,-23.4795,
16.7004,20.0231,-36.4893,-12.7289,121.459,8.56472,-10.1021,104.758,4.16519,106.62,101.435,3.45372,-14.8809,68.2689,5.21528,83.6331,88.7065,-5.27218,-23.4791,
16.7004,20.0231,-36.4893,-12.7289,121.459,8.56472,-10.1021,104.758,4.16519,106.62,101.435,3.45372,-14.8809,68.2689,5.21528,83.6331,88.7065,-5.27218,-23.4791,
16.7091,20.0609,-36.5004,-12.7061,121.459,8.56472,-10.1021,104.749,4.18702,106.585,101.398,3.43227,-14.8831,68.2491,5.23341,83.6313,88.6915,-5.27457,-23.4777,
16.7091,20.0609,-36.5004,-12.7061,121.459,8.56472,-10.1021,104.749,4.18702,106.585,101.398,3.43227,-14.8831,68.2491,5.23341,83.6313,88.6915,-5.27457,-23.4777,
16.7091,20.0526,-36.5004,-12.7144,121.459,8.56472,-10.1021,104.749,4.18702,106.585,101.406,3.45436,-14.8826,68.2491,5.23341,83.6313,88.6915,-5.27457,-23.4777,
16.7091,20.0526,-36.5004,-12.7144,121.459,8.56472,-10.1021,104.749,4.18702,106.585,101.406,3.45436,-14.8826,68.2491,5.23341,83.6313,88.6915,-5.27457,-23.4777,
16.7233,20.0571,-36.4797,-12.7141,121.463,8.56785,-10.1123,104.74,4.19597,106.558,101.406,3.45436,-14.8826,68.26,5.23988,83.6323,88.6918,-5.26995,-23.4778,
16.7233,20.0571,-36.4797,-12.7141,121.463,8.56785,-10.1123,104.74,4.19597,106.558,101.406,3.45436,-14.8826,68.26,5.23988,83.6323,88.6918,-5.26995,-23.4778,
16.7132,20.0487,-36.4815,-12.7141,121.455,8.58173,-10.1873,104.741,4.20893,106.547,101.406,3.45436,-14.8826,68.26,5.23988,83.6323,88.6918,-5.26995,-23.4778,
16.7132,20.0487,-36.4815,-12.7141,121.455,8.58173,-10.1873,104.741,4.20893,106.547,101.406,3.45436,-14.8826,68.26,5.23988,83.6323,88.6918,-5.26995,-23.4778,
